timestamp,voltage_v,voltage_filtered_v,current_a,current_filtered_a,current_average_a,discharged_mah,remaining,scale,temperature,cell_count,voltage_cell_v[0],voltage_cell_v[1],voltage_cell_v[2],voltage_cell_v[3],voltage_cell_v[4],voltage_cell_v[5],voltage_cell_v[6],voltage_cell_v[7],voltage_cell_v[8],voltage_cell_v[9],voltage_cell_v[10],voltage_cell_v[11],voltage_cell_v[12],voltage_cell_v[13],max_cell_voltage_delta,average_power,available_energy,remaining_capacity,design_capacity,nominal_voltage,capacity,cycle_count,run_time_to_empty,average_time_to_empty,serial_number,manufacture_date,state_of_health,max_error,interface_error,average_time_to_full,over_discharge_count,connected,source,priority,id,is_powering_off,warning
579928913,24.577927,24.752186,0.0,0.0001226894,-1.0,0.09972196,0.81341106,1.0180919,nan,6,4.1253643,4.1253643,4.1253643,4.1253643,4.1253643,4.1253643,0.0,0.0,0.0,0.0,0.0,0.0,0.0,0.0,0.0,0.0,0.0,0.0,0.0,0.0,0,0,0,0,0,0,0,0,0,0,0,1,0,0,1,0,0
579938882,24.624407,24.750921,0.0,0.00012028372,-1.0,0.09972196,0.8128846,1.0181439,nan,6,4.1251535,4.1251535,4.1251535,4.1251535,4.1251535,4.1251535,0.0,0.0,0.0,0.0,0.0,0.0,0.0,0.0,0.0,0.0,0.0,0.0,0.0,0.0,0,0,0,0,0,0,0,0,0,0,0,1,0,0,1,0,0
580129132,24.693674,24.745535,0.0,8.256646e-05,-1.0,0.09972196,0.8106397,1.0183655,nan,6,4.1242557,4.1242557,4.1242557,4.1242557,4.1242557,4.1242557,0.0,0.0,0.0,0.0,0.0,0.0,0.0,0.0,0.0,0.0,0.0,0.0,0.0,0.0,0,0,0,0,0,0,0,0,0,0,0,1,0,0,1,0,0
580338901,24.669067,24.73747,0.0,5.4475357e-05,-1.0,0.09972196,0.8072799,1.0186974,nan,6,4.122912,4.122912,4.122912,4.122912,4.122912,4.122912,0.0,0.0,0.0,0.0,0.0,0.0,0.0,0.0,0.0,0.0,0.0,0.0,0.0,0.0,0,0,0,0,0,0,0,0,0,0,0,1,0,0,1,0,0
580539021,24.765675,24.732996,0.0,3.6660356e-05,-1.0,0.09972196,0.80549175,1.0188742,nan,6,4.122166,4.122166,4.122166,4.122166,4.122166,4.122166,0.0,0.0,0.0,0.0,0.0,0.0,0.0,0.0,0.0,0.0,0.0,0.0,0.0,0.0,0,0,0,0,0,0,0,0,0,0,0,1,0,0,1,0,0
580728917,24.771143,24.73048,0.0,2.5164793e-05,-1.0,0.09972196,0.8066924,1.0187556,nan,6,4.1217465,4.1217465,4.1217465,4.1217465,4.1217465,4.1217465,0.0,0.0,0.0,0.0,0.0,0.0,0.0,0.0,0.0,0.0,0.0,0.0,0.0,0.0,0,0,0,0,0,0,0,0,0,0,0,1,0,0,1,0,0
580928878,24.68365,24.726294,0.0,1.6935184e-05,-1.0,0.09972196,0.8110803,1.018322,nan,6,4.121049,4.121049,4.121049,4.121049,4.121049,4.121049,0.0,0.0,0.0,0.0,0.0,0.0,0.0,0.0,0.0,0.0,0.0,0.0,0.0,0.0,0,0,0,0,0,0,0,0,0,0,0,1,0,0,1,0,0
581128877,24.636255,24.716818,0.0,1.13968945e-05,-1.0,0.09972196,0.8173936,1.0176989,nan,6,4.1194696,4.1194696,4.1194696,4.1194696,4.1194696,4.1194696,0.0,0.0,0.0,0.0,0.0,0.0,0.0,0.0,0.0,0.0,0.0,0.0,0.0,0.0,0,0,0,0,0,0,0,0,0,0,0,1,0,0,1,0,0
581328877,24.72284,24.711344,0.0,7.669783e-06,-1.0,0.09972196,0.82987624,1.0164691,nan,6,4.1185575,4.1185575,4.1185575,4.1185575,4.1185575,4.1185575,0.0,0.0,0.0,0.0,0.0,0.0,0.0,0.0,0.0,0.0,0.0,0.0,0.0,0.0,0,0,0,0,0,0,0,0,0,0,0,1,0,0,1,0,0
581528916,24.771143,24.707844,0.0,5.1615443e-06,-1.0,0.09972196,0.8479236,1.0146964,nan,6,4.117974,4.117974,4.117974,4.117974,4.117974,4.117974,0.0,0.0,0.0,0.0,0.0,0.0,0.0,0.0,0.0,0.0,0.0,0.0,0.0,0.0,0,0,0,0,0,0,0,0,0,0,0,1,0,0,1,0,0
581738884,24.65266,24.700857,0.0,3.4054626e-06,-1.0,0.09972196,0.87025005,1.0125117,nan,6,4.1168094,4.1168094,4.1168094,4.1168094,4.1168094,4.1168094,0.0,0.0,0.0,0.0,0.0,0.0,0.0,0.0,0.0,0.0,0.0,0.0,0.0,0.0,0,0,0,0,0,0,0,0,0,0,0,1,0,0,1,0,0
581938877,24.761118,24.696142,0.0,2.2917789e-06,-1.0,0.09972196,0.8907197,1.0105171,nan,6,4.1160235,4.1160235,4.1160235,4.1160235,4.1160235,4.1160235,0.0,0.0,0.0,0.0,0.0,0.0,0.0,0.0,0.0,0.0,0.0,0.0,0.0,0.0,0,0,0,0,0,0,0,0,0,0,0,1,0,0,1,0,0
582128879,24.614382,24.692606,0.0,1.5731475e-06,-1.0,0.09972196,0.90790206,1.0088488,nan,6,4.115434,4.115434,4.115434,4.115434,4.115434,4.115434,0.0,0.0,0.0,0.0,0.0,0.0,0.0,0.0,0.0,0.0,0.0,0.0,0.0,0.0,0,0,0,0,0,0,0,0,0,0,0,1,0,0,1,0,0
582338879,24.662687,24.688158,0.0,1.0379247e-06,-1.0,0.09972196,0.92438155,1.007254,nan,6,4.114693,4.114693,4.114693,4.114693,4.114693,4.114693,0.0,0.0,0.0,0.0,0.0,0.0,0.0,0.0,0.0,0.0,0.0,0.0,0.0,0.0,0,0,0,0,0,0,0,0,0,0,0,1,0,0,1,0,0
582529227,24.682737,24.687857,0.0,7.124635e-07,-1.0,0.09972196,0.939297,1.0058148,nan,6,4.1146426,4.1146426,4.1146426,4.1146426,4.1146426,4.1146426,0.0,0.0,0.0,0.0,0.0,0.0,0.0,0.0,0.0,0.0,0.0,0.0,0.0,0.0,0,0,0,0,0,0,0,0,0,0,0,1,0,0,1,0,0
582729535,24.657217,24.68749,0.0,4.794675e-07,-1.0,0.09972196,0.95389205,1.0044106,nan,6,4.1145816,4.1145816,4.1145816,4.1145816,4.1145816,4.1145816,0.0,0.0,0.0,0.0,0.0,0.0,0.0,0.0,0.0,0.0,0.0,0.0,0.0,0.0,0,0,0,0,0,0,0,0,0,0,0,1,0,0,1,0,0
582928879,24.688206,24.687288,0.0,3.2266792e-07,-1.0,0.09972196,0.9677785,1.0030781,nan,6,4.114548,4.114548,4.114548,4.114548,4.114548,4.114548,0.0,0.0,0.0,0.0,0.0,0.0,0.0,0.0,0.0,0.0,0.0,0.0,0.0,0.0,0,0,0,0,0,0,0,0,0,0,0,1,0,0,1,0,0
583138877,24.67271,24.680338,0.0,2.1288854e-07,-1.0,0.09972196,0.979194,1.0019854,nan,6,4.1133895,4.1133895,4.1133895,4.1133895,4.1133895,4.1133895,0.0,0.0,0.0,0.0,0.0,0.0,0.0,0.0,0.0,0.0,0.0,0.0,0.0,0.0,0,0,0,0,0,0,0,0,0,0,0,1,0,0,1,0,0
583338876,24.597065,24.67184,0.0,1.4326787e-07,-1.0,0.09972196,0.9891818,1.0010314,nan,6,4.1119733,4.1119733,4.1119733,4.1119733,4.1119733,4.1119733,0.0,0.0,0.0,0.0,0.0,0.0,0.0,0.0,0.0,0.0,0.0,0.0,0.0,0.0,0,0,0,0,0,0,0,0,0,0,0,1,0,0,1,0,0
583528878,24.502277,24.663568,0.0,9.8343484e-08,-1.0,0.09972196,0.99890167,1.0001045,nan,6,4.1105947,4.1105947,4.1105947,4.1105947,4.1105947,4.1105947,0.0,0.0,0.0,0.0,0.0,0.0,0.0,0.0,0.0,0.0,0.0,0.0,0.0,0.0,0,0,0,0,0,0,0,0,0,0,0,1,0,0,1,0,0
583728877,24.536913,24.64071,0.0,6.6182345e-08,-1.0,0.09972196,1.0,1.0,nan,6,4.1067853,4.1067853,4.1067853,4.1067853,4.1067853,4.1067853,0.0,0.0,0.0,0.0,0.0,0.0,0.0,0.0,0.0,0.0,0.0,0.0,0.0,0.0,0,0,0,0,0,0,0,0,0,0,0,1,0,0,1,0,0
583928890,24.531443,24.61829,0.0,4.4538815e-08,-1.0,0.09972196,1.0,1.0,nan,6,4.1030483,4.1030483,4.1030483,4.1030483,4.1030483,4.1030483,0.0,0.0,0.0,0.0,0.0,0.0,0.0,0.0,0.0,0.0,0.0,0.0,0.0,0.0,0,0,0,0,0,0,0,0,0,0,0,1,0,0,1,0,0
584128908,24.37286,24.590569,0.0,2.997334e-08,-1.0,0.09972196,1.0,1.0,nan,6,4.0984282,4.0984282,4.0984282,4.0984282,4.0984282,4.0984282,0.0,0.0,0.0,0.0,0.0,0.0,0.0,0.0,0.0,0.0,0.0,0.0,0.0,0.0,0,0,0,0,0,0,0,0,0,0,0,1,0,0,1,0,0
584328885,24.395645,24.557262,0.0,2.0171198e-08,-1.0,0.09972196,1.0,1.0,nan,6,4.092877,4.092877,4.092877,4.092877,4.092877,4.092877,0.0,0.0,0.0,0.0,0.0,0.0,0.0,0.0,0.0,0.0,0.0,0.0,0.0,0.0,0,0,0,0,0,0,0,0,0,0,0,1,0,0,1,0,0
584539002,24.299034,24.512398,0.0,1.33084725e-08,-1.0,0.09972196,1.0,1.0,nan,6,4.0853996,4.0853996,4.0853996,4.0853996,4.0853996,4.0853996,0.0,0.0,0.0,0.0,0.0,0.0,0.0,0.0,0.0,0.0,0.0,0.0,0.0,0.0,0,0,0,0,0,0,0,0,0,0,0,1,0,0,1,0,0
584738877,24.194221,24.466284,0.0,0.0051652603,-1.0,0.100538604,1.0,1.0,nan,6,4.077714,4.077714,4.077714,4.077714,4.077714,4.077714,0.0,0.0,0.0,0.0,0.0,0.0,0.0,0.0,0.0,0.0,0.0,0.0,0.0,0.0,0,0,0,0,0,0,0,0,0,0,0,1,0,0,1,0,0
584928878,24.018322,24.40969,0.0,0.0035455935,-1.0,0.100538604,1.0,1.0,nan,6,4.0682817,4.0682817,4.0682817,4.0682817,4.0682817,4.0682817,0.0,0.0,0.0,0.0,0.0,0.0,0.0,0.0,0.0,0.0,0.0,0.0,0.0,0.0,0,0,0,0,0,0,0,0,0,0,0,1,0,0,1,0,0
585128878,24.055689,24.350462,0.0,0.0023860827,-1.0,0.100538604,1.0,1.0,nan,6,4.05841,4.05841,4.05841,4.05841,4.05841,4.05841,0.0,0.0,0.0,0.0,0.0,0.0,0.0,0.0,0.0,0.0,0.0,0.0,0.0,0.0,0,0,0,0,0,0,0,0,0,0,0,1,0,0,1,0,0
585329230,23.996447,24.28958,0.0,0.0016057652,-1.0,0.100538604,0.993584,1.0006114,nan,6,4.048263,4.048263,4.048263,4.048263,4.048263,4.048263,0.0,0.0,0.0,0.0,0.0,0.0,0.0,0.0,0.0,0.0,0.0,0.0,0.0,0.0,0,0,0,0,0,0,0,0,0,0,0,1,0,0,1,0,0
585528878,23.988245,24.226206,0.0,0.0010806341,-1.0,0.100538604,0.9817069,1.0017452,nan,6,4.037701,4.037701,4.037701,4.037701,4.037701,4.037701,0.0,0.0,0.0,0.0,0.0,0.0,0.0,0.0,0.0,0.0,0.0,0.0,0.0,0.0,0,0,0,0,0,0,0,0,0,0,0,1,0,0,1,0,0
585728876,23.898928,24.164646,0.0,0.0007949075,-1.0,0.10054878,0.9694446,1.0029186,nan,6,4.027441,4.027441,4.027441,4.027441,4.027441,4.027441,0.0,0.0,0.0,0.0,0.0,0.0,0.0,0.0,0.0,0.0,0.0,0.0,0.0,0.0,0,0,0,0,0,0,0,0,0,0,0,1,0,0,1,0,0
585938877,23.66834,24.104813,0.0,0.0005244608,-1.0,0.10054878,0.9563945,1.0041702,nan,6,4.017469,4.017469,4.017469,4.017469,4.017469,4.017469,0.0,0.0,0.0,0.0,0.0,0.0,0.0,0.0,0.0,0.0,0.0,0.0,0.0,0.0,0,0,0,0,0,0,0,0,0,0,0,1,0,0,1,0,0
586529053,23.692947,23.982372,0.0,0.00016304328,-1.0,0.10054878,0.93010837,1.0067009,nan,6,3.997062,3.997062,3.997062,3.997062,3.997062,3.997062,0.0,0.0,0.0,0.0,0.0,0.0,0.0,0.0,0.0,0.0,0.0,0.0,0.0,0.0,0,0,0,0,0,0,0,0,0,0,0,1,0,0,1,0,0
586728910,23.822369,23.943642,0.0,0.000109723485,-1.0,0.10054878,0.9198249,1.0076945,nan,6,3.990607,3.990607,3.990607,3.990607,3.990607,3.990607,0.0,0.0,0.0,0.0,0.0,0.0,0.0,0.0,0.0,0.0,0.0,0.0,0.0,0.0,0,0,0,0,0,0,0,0,0,0,0,1,0,0,1,0,0
586928899,23.717556,23.907682,0.0,7.3840776e-05,-1.0,0.10054878,0.9099029,1.008655,nan,6,3.9846137,3.9846137,3.9846137,3.9846137,3.9846137,3.9846137,0.0,0.0,0.0,0.0,0.0,0.0,0.0,0.0,0.0,0.0,0.0,0.0,0.0,0.0,0,0,0,0,0,0,0,0,0,0,0,1,0,0,1,0,0
587128878,23.677454,23.879467,0.0,4.969273e-05,-1.0,0.10054878,0.9029706,1.009327,nan,6,3.979911,3.979911,3.979911,3.979911,3.979911,3.979911,0.0,0.0,0.0,0.0,0.0,0.0,0.0,0.0,0.0,0.0,0.0,0.0,0.0,0.0,0,0,0,0,0,0,0,0,0,0,0,1,0,0,1,0,0
587338890,23.646467,23.845768,0.0,3.2786065e-05,-1.0,0.10054878,0.89430743,1.0101683,nan,6,3.9742947,3.9742947,3.9742947,3.9742947,3.9742947,3.9742947,0.0,0.0,0.0,0.0,0.0,0.0,0.0,0.0,0.0,0.0,0.0,0.0,0.0,0.0,0,0,0,0,0,0,0,0,0,0,0,1,0,0,1,0,0
587538877,23.677454,23.817795,0.0,2.2064083e-05,-1.0,0.10054878,0.8862279,1.0109541,nan,6,3.9696324,3.9696324,3.9696324,3.9696324,3.9696324,3.9696324,0.0,0.0,0.0,0.0,0.0,0.0,0.0,0.0,0.0,0.0,0.0,0.0,0.0,0.0,0,0,0,0,0,0,0,0,0,0,0,1,0,0,1,0,0
587738879,23.857914,23.807865,0.0,1.4848498e-05,-1.0,0.10054878,0.8849614,1.0110774,nan,6,3.9679775,3.9679775,3.9679775,3.9679775,3.9679775,3.9679775,0.0,0.0,0.0,0.0,0.0,0.0,0.0,0.0,0.0,0.0,0.0,0.0,0.0,0.0,0,0,0,0,0,0,0,0,0,0,0,1,0,0,1,0,0
587929150,23.814165,23.793764,0.0,1.0192465e-05,-1.0,0.10054878,0.8814319,1.0114212,nan,6,3.9656274,3.9656274,3.9656274,3.9656274,3.9656274,3.9656274,0.0,0.0,0.0,0.0,0.0,0.0,0.0,0.0,0.0,0.0,0.0,0.0,0.0,0.0,0,0,0,0,0,0,0,0,0,0,0,1,0,0,1,0,0
588128877,23.592693,23.772243,0.0,6.859237e-06,-1.0,0.10054878,0.87418777,1.0121274,nan,6,3.9620407,3.9620407,3.9620407,3.9620407,3.9620407,3.9620407,0.0,0.0,0.0,0.0,0.0,0.0,0.0,0.0,0.0,0.0,0.0,0.0,0.0,0.0,0,0,0,0,0,0,0,0,0,0,0,1,0,0,1,0,0
588328877,23.608189,23.768017,0.0,4.61607e-06,-1.0,0.10054878,0.8734811,1.0121964,nan,6,3.9613361,3.9613361,3.9613361,3.9613361,3.9613361,3.9613361,0.0,0.0,0.0,0.0,0.0,0.0,0.0,0.0,0.0,0.0,0.0,0.0,0.0,0.0,0,0,0,0,0,0,0,0,0,0,0,1,0,0,1,0,0
588528877,23.663782,23.752169,0.0,3.1064837e-06,-1.0,0.10054878,0.8677476,1.0127561,nan,6,3.9586947,3.9586947,3.9586947,3.9586947,3.9586947,3.9586947,0.0,0.0,0.0,0.0,0.0,0.0,0.0,0.0,0.0,0.0,0.0,0.0,0.0,0.0,0,0,0,0,0,0,0,0,0,0,0,1,0,0,1,0,0
588738878,23.737608,23.743168,0.0,2.049583e-06,-1.0,0.10054878,0.86464626,1.0130591,nan,6,3.9571946,3.9571946,3.9571946,3.9571946,3.9571946,3.9571946,0.0,0.0,0.0,0.0,0.0,0.0,0.0,0.0,0.0,0.0,0.0,0.0,0.0,0.0,0,0,0,0,0,0,0,0,0,0,0,1,0,0,1,0,0
588938906,23.620035,23.726852,0.0,1.3793104e-06,-1.0,0.10054878,0.8583892,1.0136712,nan,6,3.9544754,3.9544754,3.9544754,3.9544754,3.9544754,3.9544754,0.0,0.0,0.0,0.0,0.0,0.0,0.0,0.0,0.0,0.0,0.0,0.0,0.0,0.0,0,0,0,0,0,0,0,0,0,0,0,1,0,0,1,0,0
589128878,23.70662,23.72426,0.0,9.468014e-07,-1.0,0.10054878,0.85773593,1.013735,nan,6,3.9540434,3.9540434,3.9540434,3.9540434,3.9540434,3.9540434,0.0,0.0,0.0,0.0,0.0,0.0,0.0,0.0,0.0,0.0,0.0,0.0,0.0,0.0,0,0,0,0,0,0,0,0,0,0,0,1,0,0,1,0,0
589328929,23.608189,23.721342,0.0,0.0015191894,-1.0,0.10077303,0.8565801,1.0138482,nan,6,3.953557,3.953557,3.953557,3.953557,3.953557,3.953557,0.0,0.0,0.0,0.0,0.0,0.0,0.0,0.0,0.0,0.0,0.0,0.0,0.0,0.0,0,0,0,0,0,0,0,0,0,0,0,1,0,0,1,0,0
589528899,23.667429,23.714886,0.0,0.0010223709,-1.0,0.10077303,0.8536113,1.0141389,nan,6,3.952481,3.952481,3.952481,3.952481,3.952481,3.952481,0.0,0.0,0.0,0.0,0.0,0.0,0.0,0.0,0.0,0.0,0.0,0.0,0.0,0.0,0,0,0,0,0,0,0,0,0,0,0,1,0,0,1,0,0
589728877,23.800493,23.705276,0.0,0.00068802625,-1.0,0.10077303,0.8495582,1.0145361,nan,6,3.9508793,3.9508793,3.9508793,3.9508793,3.9508793,3.9508793,0.0,0.0,0.0,0.0,0.0,0.0,0.0,0.0,0.0,0.0,0.0,0.0,0.0,0.0,0,0,0,0,0,0,0,0,0,0,0,1,0,0,1,0,0
589928878,23.64829,23.702158,0.0,0.0004630219,-1.0,0.10077303,0.84817153,1.014672,nan,6,3.9503596,3.9503596,3.9503596,3.9503596,3.9503596,3.9503596,0.0,0.0,0.0,0.0,0.0,0.0,0.0,0.0,0.0,0.0,0.0,0.0,0.0,0.0,0,0,0,0,0,0,0,0,0,0,0,1,0,0,1,0,0
590138880,23.59725,23.693388,0.0,0.0020650006,-1.0,0.10106303,0.8445037,1.0150318,nan,6,3.948898,3.948898,3.948898,3.948898,3.948898,3.948898,0.0,0.0,0.0,0.0,0.0,0.0,0.0,0.0,0.0,0.0,0.0,0.0,0.0,0.0,0,0,0,0,0,0,0,0,0,0,0,1,0,0,1,0,0
590339386,23.844244,23.690899,0.0,0.0013896865,-1.0,0.10106303,0.8432744,1.0151525,nan,6,3.9484832,3.9484832,3.9484832,3.9484832,3.9484832,3.9484832,0.0,0.0,0.0,0.0,0.0,0.0,0.0,0.0,0.0,0.0,0.0,0.0,0.0,0.0,0,0,0,0,0,0,0,0,0,0,0,1,0,0,1,0,0
590539488,23.589048,23.686312,0.0,0.0070605082,-1.0,0.10195982,0.8414815,1.0153284,nan,6,3.9477186,3.9477186,3.9477186,3.9477186,3.9477186,3.9477186,0.0,0.0,0.0,0.0,0.0,0.0,0.0,0.0,0.0,0.0,0.0,0.0,0.0,0.0,0,0,0,0,0,0,0,0,0,0,0,1,0,0,1,0,0
590728879,23.661963,23.678284,0.0,0.00484655,-1.0,0.10195982,0.8386405,1.0156074,nan,6,3.9463806,3.9463806,3.9463806,3.9463806,3.9463806,3.9463806,0.0,0.0,0.0,0.0,0.0,0.0,0.0,0.0,0.0,0.0,0.0,0.0,0.0,0.0,0,0,0,0,0,0,0,0,0,0,0,1,0,0,1,0,0
590928880,23.616392,23.675648,0.0,0.003261589,-1.0,0.10195982,0.8376811,1.0157017,nan,6,3.9459412,3.9459412,3.9459412,3.9459412,3.9459412,3.9459412,0.0,0.0,0.0,0.0,0.0,0.0,0.0,0.0,0.0,0.0,0.0,0.0,0.0,0.0,0,0,0,0,0,0,0,0,0,0,0,1,0,0,1,0,0
591128877,23.62277,23.649231,0.0,0.0021949562,-1.0,0.10195982,0.82905036,1.0165504,nan,6,3.9415386,3.9415386,3.9415386,3.9415386,3.9415386,3.9415386,0.0,0.0,0.0,0.0,0.0,0.0,0.0,0.0,0.0,0.0,0.0,0.0,0.0,0.0,0,0,0,0,0,0,0,0,0,0,0,1,0,0,1,0,0
591328878,23.722115,23.65447,0.0,0.0014771426,-1.0,0.10195982,0.83035594,1.0164219,nan,6,3.9424117,3.9424117,3.9424117,3.9424117,3.9424117,3.9424117,0.0,0.0,0.0,0.0,0.0,0.0,0.0,0.0,0.0,0.0,0.0,0.0,0.0,0.0,0,0,0,0,0,0,0,0,0,0,0,1,0,0,1,0,0
591528877,23.616392,23.657103,0.0,0.0009940746,-1.0,0.10195982,0.8307784,1.0163803,nan,6,3.9428504,3.9428504,3.9428504,3.9428504,3.9428504,3.9428504,0.0,0.0,0.0,0.0,0.0,0.0,0.0,0.0,0.0,0.0,0.0,0.0,0.0,0.0,0,0,0,0,0,0,0,0,0,0,0,1,0,0,1,0,0
591738878,23.6492,23.65472,0.0,0.0006558665,-1.0,0.10195982,0.82914954,1.0165406,nan,6,3.9424534,3.9424534,3.9424534,3.9424534,3.9424534,3.9424534,0.0,0.0,0.0,0.0,0.0,0.0,0.0,0.0,0.0,0.0,0.0,0.0,0.0,0.0,0,0,0,0,0,0,0,0,0,0,0,1,0,0,1,0,0
591928949,23.66652,23.65311,0.0,0.00045020704,-1.0,0.10195982,0.82799274,1.0166545,nan,6,3.9421852,3.9421852,3.9421852,3.9421852,3.9421852,3.9421852,0.0,0.0,0.0,0.0,0.0,0.0,0.0,0.0,0.0,0.0,0.0,0.0,0.0,0.0,0,0,0,0,0,0,0,0,0,0,0,1,0,0,1,0,0
592128900,23.571732,23.647404,0.0,0.00039134483,-1.0,0.10197511,0.82568294,1.016882,nan,6,3.9412339,3.9412339,3.9412339,3.9412339,3.9412339,3.9412339,0.0,0.0,0.0,0.0,0.0,0.0,0.0,0.0,0.0,0.0,0.0,0.0,0.0,0.0,0,0,0,0,0,0,0,0,0,0,0,1,0,0,1,0,0
592328892,23.540743,23.645744,0.0,0.00026336385,-1.0,0.10197511,0.8248599,1.0169629,nan,6,3.9409573,3.9409573,3.9409573,3.9409573,3.9409573,3.9409573,0.0,0.0,0.0,0.0,0.0,0.0,0.0,0.0,0.0,0.0,0.0,0.0,0.0,0.0,0,0,0,0,0,0,0,0,0,0,0,1,0,0,1,0,0
592528877,23.644644,23.643404,0.0,0.0001772363,-1.0,0.10197511,0.8235782,1.0170891,nan,6,3.9405673,3.9405673,3.9405673,3.9405673,3.9405673,3.9405673,0.0,0.0,0.0,0.0,0.0,0.0,0.0,0.0,0.0,0.0,0.0,0.0,0.0,0.0,0,0,0,0,0,0,0,0,0,0,0,1,0,0,1,0,0
592728898,23.556236,23.640644,0.0,0.00011927497,-1.0,0.10197511,0.82216483,1.0172285,nan,6,3.9401073,3.9401073,3.9401073,3.9401073,3.9401073,3.9401073,0.0,0.0,0.0,0.0,0.0,0.0,0.0,0.0,0.0,0.0,0.0,0.0,0.0,0.0,0,0,0,0,0,0,0,0,0,0,0,1,0,0,1,0,0
592938878,23.605453,23.63636,0.0,7.869474e-05,-1.0,0.10197511,0.8203996,1.0174025,nan,6,3.9393933,3.9393933,3.9393933,3.9393933,3.9393933,3.9393933,0.0,0.0,0.0,0.0,0.0,0.0,0.0,0.0,0.0,0.0,0.0,0.0,0.0,0.0,0,0,0,0,0,0,0,0,0,0,0,1,0,0,1,0,0
593139279,23.671076,23.639349,0.0,5.2959305e-05,-1.0,0.10197511,0.8216632,1.017278,nan,6,3.9398916,3.9398916,3.9398916,3.9398916,3.9398916,3.9398916,0.0,0.0,0.0,0.0,0.0,0.0,0.0,0.0,0.0,0.0,0.0,0.0,0.0,0.0,0,0,0,0,0,0,0,0,0,0,0,1,0,0,1,0,0
593328877,23.540743,23.633791,0.0,3.6352896e-05,-1.0,0.10197511,0.8194993,1.0174912,nan,6,3.938965,3.938965,3.938965,3.938965,3.938965,3.938965,0.0,0.0,0.0,0.0,0.0,0.0,0.0,0.0,0.0,0.0,0.0,0.0,0.0,0.0,0,0,0,0,0,0,0,0,0,0,0,1,0,0,1,0,0
593528899,23.728495,23.630558,0.0,2.4464462e-05,-1.0,0.10197511,0.8182319,1.0176162,nan,6,3.9384263,3.9384263,3.9384263,3.9384263,3.9384263,3.9384263,0.0,0.0,0.0,0.0,0.0,0.0,0.0,0.0,0.0,0.0,0.0,0.0,0.0,0.0,0,0,0,0,0,0,0,0,0,0,0,1,0,0,1,0,0
593729376,23.66014,23.626768,0.0,1.6463884e-05,-1.0,0.10197511,0.81669456,1.0177679,nan,6,3.9377947,3.9377947,3.9377947,3.9377947,3.9377947,3.9377947,0.0,0.0,0.0,0.0,0.0,0.0,0.0,0.0,0.0,0.0,0.0,0.0,0.0,0.0,0,0,0,0,0,0,0,0,0,0,0,1,0,0,1,0,0
593928877,23.50611,23.614466,0.0,1.1079721e-05,-1.0,0.10197511,0.81202155,1.0182291,nan,6,3.9357443,3.9357443,3.9357443,3.9357443,3.9357443,3.9357443,0.0,0.0,0.0,0.0,0.0,0.0,0.0,0.0,0.0,0.0,0.0,0.0,0.0,0.0,0,0,0,0,0,0,0,0,0,0,0,1,0,0,1,0,0
594128877,23.489704,23.607517,0.0,7.4563345e-06,-1.0,0.10197511,0.8097728,1.0184511,nan,6,3.9345863,3.9345863,3.9345863,3.9345863,3.9345863,3.9345863,0.0,0.0,0.0,0.0,0.0,0.0,0.0,0.0,0.0,0.0,0.0,0.0,0.0,0.0,0,0,0,0,0,0,0,0,0,0,0,1,0,0,1,0,0
594328877,23.517958,23.60439,0.0,0.008978283,-1.0,0.10329768,0.8089383,1.0185336,nan,6,3.9340649,3.9340649,3.9340649,3.9340649,3.9340649,3.9340649,0.0,0.0,0.0,0.0,0.0,0.0,0.0,0.0,0.0,0.0,0.0,0.0,0.0,0.0,0,0,0,0,0,0,0,0,0,0,0,1,0,0,1,0,0
594539058,23.48606,23.594448,0.0,0.0059236553,-1.0,0.10329768,0.8055137,1.018872,nan,6,3.932408,3.932408,3.932408,3.932408,3.932408,3.932408,0.0,0.0,0.0,0.0,0.0,0.0,0.0,0.0,0.0,0.0,0.0,0.0,0.0,0.0,0,0,0,0,0,0,0,0,0,0,0,1,0,0,1,0,0
594729518,23.600897,23.583742,0.0,0.0040661795,-1.0,0.10329768,0.8019088,1.0192286,nan,6,3.9306238,3.9306238,3.9306238,3.9306238,3.9306238,3.9306238,0.0,0.0,0.0,0.0,0.0,0.0,0.0,0.0,0.0,0.0,0.0,0.0,0.0,0.0,0,0,0,0,0,0,0,0,0,0,0,1,0,0,1,0,0
594928877,23.552593,23.581257,0.0,0.0027364218,-1.0,0.10329768,0.8010953,1.019309,nan,6,3.9302094,3.9302094,3.9302094,3.9302094,3.9302094,3.9302094,0.0,0.0,0.0,0.0,0.0,0.0,0.0,0.0,0.0,0.0,0.0,0.0,0.0,0.0,0,0,0,0,0,0,0,0,0,0,0,1,0,0,1,0,0
595128877,23.536186,23.577026,0.0,0.005954604,-1.0,0.103953876,0.79953414,1.0194635,nan,6,3.9295044,3.9295044,3.9295044,3.9295044,3.9295044,3.9295044,0.0,0.0,0.0,0.0,0.0,0.0,0.0,0.0,0.0,0.0,0.0,0.0,0.0,0.0,0,0,0,0,0,0,0,0,0,0,0,1,0,0,1,0,0
595328920,23.565351,23.565767,0.0,0.0040072775,-1.0,0.103953876,0.7954162,1.0198714,nan,6,3.9276278,3.9276278,3.9276278,3.9276278,3.9276278,3.9276278,0.0,0.0,0.0,0.0,0.0,0.0,0.0,0.0,0.0,0.0,0.0,0.0,0.0,0.0,0,0,0,0,0,0,0,0,0,0,0,1,0,0,1,0,0
595528877,23.534365,23.562399,0.0,0.0026967828,-1.0,0.103953876,0.7943614,1.0199758,nan,6,3.9270666,3.9270666,3.9270666,3.9270666,3.9270666,3.9270666,0.0,0.0,0.0,0.0,0.0,0.0,0.0,0.0,0.0,0.0,0.0,0.0,0.0,0.0,0,0,0,0,0,0,0,0,0,0,0,1,0,0,1,0,0
595739229,23.581757,23.553099,0.0,0.0017792721,-1.0,0.103953876,0.7906564,1.0203431,nan,6,3.9255164,3.9255164,3.9255164,3.9255164,3.9255164,3.9255164,0.0,0.0,0.0,0.0,0.0,0.0,0.0,0.0,0.0,0.0,0.0,0.0,0.0,0.0,0,0,0,0,0,0,0,0,0,0,0,1,0,0,1,0,0
595938878,23.500643,23.546852,0.0,0.0011973991,-1.0,0.103953876,0.78836185,1.0205706,nan,6,3.9244754,3.9244754,3.9244754,3.9244754,3.9244754,3.9244754,0.0,0.0,0.0,0.0,0.0,0.0,0.0,0.0,0.0,0.0,0.0,0.0,0.0,0.0,0,0,0,0,0,0,0,0,0,0,0,1,0,0,1,0,0
596128880,23.405855,23.543434,0.0,0.0008219316,-1.0,0.103953876,0.7874654,1.0206596,nan,6,3.9239056,3.9239056,3.9239056,3.9239056,3.9239056,3.9239056,0.0,0.0,0.0,0.0,0.0,0.0,0.0,0.0,0.0,0.0,0.0,0.0,0.0,0.0,0,0,0,0,0,0,0,0,0,0,0,1,0,0,1,0,0
596328881,23.587225,23.542116,0.0,0.0005531365,-1.0,0.103953876,0.7870992,1.0206959,nan,6,3.923686,3.923686,3.923686,3.923686,3.923686,3.923686,0.0,0.0,0.0,0.0,0.0,0.0,0.0,0.0,0.0,0.0,0.0,0.0,0.0,0.0,0,0,0,0,0,0,0,0,0,0,0,1,0,0,1,0,0
596528941,23.594517,23.53963,0.0,0.00037224506,-1.0,0.103953876,0.78632957,1.0207723,nan,6,3.923272,3.923272,3.923272,3.923272,3.923272,3.923272,0.0,0.0,0.0,0.0,0.0,0.0,0.0,0.0,0.0,0.0,0.0,0.0,0.0,0.0,0,0,0,0,0,0,0,0,0,0,0,1,0,0,1,0,0
596729208,23.521605,23.53608,0.0,0.00025051032,-1.0,0.103953876,0.78514796,1.0208895,nan,6,3.92268,3.92268,3.92268,3.92268,3.92268,3.92268,0.0,0.0,0.0,0.0,0.0,0.0,0.0,0.0,0.0,0.0,0.0,0.0,0.0,0.0,0,0,0,0,0,0,0,0,0,0,0,1,0,0,1,0,0
596928876,23.338411,23.531464,0.0,0.00016858628,-1.0,0.103953876,0.783233,1.0210797,nan,6,3.9219105,3.9219105,3.9219105,3.9219105,3.9219105,3.9219105,0.0,0.0,0.0,0.0,0.0,0.0,0.0,0.0,0.0,0.0,0.0,0.0,0.0,0.0,0,0,0,0,0,0,0,0,0,0,0,1,0,0,1,0,0
597138878,23.153395,23.48597,0.0,0.00011122917,-1.0,0.103953876,0.76858264,1.0225364,nan,6,3.9143283,3.9143283,3.9143283,3.9143283,3.9143283,3.9143283,0.0,0.0,0.0,0.0,0.0,0.0,0.0,0.0,0.0,0.0,0.0,0.0,0.0,0.0,0,0,0,0,0,0,0,0,0,0,0,1,0,0,1,0,0
597338877,23.147926,23.428963,0.0,7.4854055e-05,-1.0,0.103953876,0.75141364,1.024249,nan,6,3.904827,3.904827,3.904827,3.904827,3.904827,3.904827,0.0,0.0,0.0,0.0,0.0,0.0,0.0,0.0,0.0,0.0,0.0,0.0,0.0,0.0,0,0,0,0,0,0,0,0,0,0,0,1,0,0,1,0,0
597528876,23.042204,23.363625,0.0,5.138212e-05,-1.0,0.103953876,0.7318986,1.0262026,nan,6,3.8939373,3.8939373,3.8939373,3.8939373,3.8939373,3.8939373,0.0,0.0,0.0,0.0,0.0,0.0,0.0,0.0,0.0,0.0,0.0,0.0,0.0,0.0,0,0,0,0,0,0,0,0,0,0,0,1,0,0,1,0,0
597728893,23.139723,23.296703,0.0,0.0026501995,-1.0,0.10447273,0.71328765,1.0280725,nan,6,3.882784,3.882784,3.882784,3.882784,3.882784,3.882784,0.0,0.0,0.0,0.0,0.0,0.0,0.0,0.0,0.0,0.0,0.0,0.0,0.0,0.0,0,0,0,0,0,0,0,0,0,0,0,1,0,0,1,0,0
597928881,22.943771,23.276594,0.0,0.0017835081,-1.0,0.10447273,0.7073844,1.0286671,nan,6,3.8794324,3.8794324,3.8794324,3.8794324,3.8794324,3.8794324,0.0,0.0,0.0,0.0,0.0,0.0,0.0,0.0,0.0,0.0,0.0,0.0,0.0,0.0,0,0,0,0,0,0,0,0,0,0,0,1,0,0,1,0,0
598128971,23.315626,23.274252,0.0,0.00120025,-1.0,0.10447273,0.70621425,1.028785,nan,6,3.879042,3.879042,3.879042,3.879042,3.879042,3.879042,0.0,0.0,0.0,0.0,0.0,0.0,0.0,0.0,0.0,0.0,0.0,0.0,0.0,0.0,0,0,0,0,0,0,0,0,0,0,0,1,0,0,1,0,0
598329275,23.39674,23.278046,0.0,0.00080773386,-1.0,0.10447273,0.7059615,1.0288104,nan,6,3.8796742,3.8796742,3.8796742,3.8796742,3.8796742,3.8796742,0.0,0.0,0.0,0.0,0.0,0.0,0.0,0.0,0.0,0.0,0.0,0.0,0.0,0.0,0,0,0,0,0,0,0,0,0,0,0,1,0,0,1,0,0
598538954,23.264587,23.286777,0.0,0.00053292327,-1.0,0.10447273,0.70767814,1.0286374,nan,6,3.8811295,3.8811295,3.8811295,3.8811295,3.8811295,3.8811295,0.0,0.0,0.0,0.0,0.0,0.0,0.0,0.0,0.0,0.0,0.0,0.0,0.0,0.0,0,0,0,0,0,0,0,0,0,0,0,1,0,0,1,0,0
598739354,23.278257,23.286642,0.0,0.0015744367,-1.0,0.10468561,0.70796233,1.0286088,nan,6,3.881107,3.881107,3.881107,3.881107,3.881107,3.881107,0.0,0.0,0.0,0.0,0.0,0.0,0.0,0.0,0.0,0.0,0.0,0.0,0.0,0.0,0,0,0,0,0,0,0,0,0,0,0,1,0,0,1,0,0
598928877,23.226307,23.281616,0.0,0.0010807419,-1.0,0.10468561,0.7060426,1.0288023,nan,6,3.8802693,3.8802693,3.8802693,3.8802693,3.8802693,3.8802693,0.0,0.0,0.0,0.0,0.0,0.0,0.0,0.0,0.0,0.0,0.0,0.0,0.0,0.0,0,0,0,0,0,0,0,0,0,0,0,1,0,0,1,0,0
599128878,23.155218,23.275192,0.0,0.004302338,-1.0,0.105366014,0.7030671,1.0291023,nan,6,3.8791988,3.8791988,3.8791988,3.8791988,3.8791988,3.8791988,0.0,0.0,0.0,0.0,0.0,0.0,0.0,0.0,0.0,0.0,0.0,0.0,0.0,0.0,0,0,0,0,0,0,0,0,0,0,0,1,0,0,1,0,0
599328877,23.364841,23.27935,0.0,0.00289535,-1.0,0.105366014,0.704305,1.0289775,nan,6,3.8798916,3.8798916,3.8798916,3.8798916,3.8798916,3.8798916,0.0,0.0,0.0,0.0,0.0,0.0,0.0,0.0,0.0,0.0,0.0,0.0,0.0,0.0,0,0,0,0,0,0,0,0,0,0,0,1,0,0,1,0,0
599528879,23.185293,23.282078,0.0,0.001948488,-1.0,0.105366014,0.7049878,1.0289086,nan,6,3.8803463,3.8803463,3.8803463,3.8803463,3.8803463,3.8803463,0.0,0.0,0.0,0.0,0.0,0.0,0.0,0.0,0.0,0.0,0.0,0.0,0.0,0.0,0,0,0,0,0,0,0,0,0,0,0,1,0,0,1,0,0
599728877,23.280993,23.284588,0.0,0.0013112766,-1.0,0.105366014,0.7057155,1.0288353,nan,6,3.8807647,3.8807647,3.8807647,3.8807647,3.8807647,3.8807647,0.0,0.0,0.0,0.0,0.0,0.0,0.0,0.0,0.0,0.0,0.0,0.0,0.0,0.0,0,0,0,0,0,0,0,0,0,0,0,1,0,0,1,0,0
599938878,23.323828,23.283304,0.0,0.0008651486,-1.0,0.105366014,0.70492965,1.0289145,nan,6,3.8805506,3.8805506,3.8805506,3.8805506,3.8805506,3.8805506,0.0,0.0,0.0,0.0,0.0,0.0,0.0,0.0,0.0,0.0,0.0,0.0,0.0,0.0,0,0,0,0,0,0,0,0,0,0,0,1,0,0,1,0,0
600138892,23.366665,23.285452,0.0,0.00058222027,-1.0,0.105366014,0.7054723,1.0288599,nan,6,3.8809087,3.8809087,3.8809087,3.8809087,3.8809087,3.8809087,0.0,0.0,0.0,0.0,0.0,0.0,0.0,0.0,0.0,0.0,0.0,0.0,0.0,0.0,0,0,0,0,0,0,0,0,0,0,0,1,0,0,1,0,0
600328881,23.311981,23.284805,0.0,0.0003996539,-1.0,0.105366014,0.7048858,1.028919,nan,6,3.880801,3.880801,3.880801,3.880801,3.880801,3.880801,0.0,0.0,0.0,0.0,0.0,0.0,0.0,0.0,0.0,0.0,0.0,0.0,0.0,0.0,0,0,0,0,0,0,0,0,0,0,0,1,0,0,1,0,0
600538883,23.2737,23.279125,0.0,0.0012551756,-1.0,0.10553383,0.7024358,1.029166,nan,6,3.8798542,3.8798542,3.8798542,3.8798542,3.8798542,3.8798542,0.0,0.0,0.0,0.0,0.0,0.0,0.0,0.0,0.0,0.0,0.0,0.0,0.0,0.0,0,0,0,0,0,0,0,0,0,0,0,1,0,0,1,0,0
600729398,23.282814,23.280779,0.0,0.0008615911,-1.0,0.10553383,0.70299464,1.0291096,nan,6,3.8801298,3.8801298,3.8801298,3.8801298,3.8801298,3.8801298,0.0,0.0,0.0,0.0,0.0,0.0,0.0,0.0,0.0,0.0,0.0,0.0,0.0,0.0,0,0,0,0,0,0,0,0,0,0,0,1,0,0,1,0,0
600929290,23.426817,23.281643,0.0,0.0005798262,-1.0,0.10553383,0.7031787,1.0290911,nan,6,3.8802738,3.8802738,3.8802738,3.8802738,3.8802738,3.8802738,0.0,0.0,0.0,0.0,0.0,0.0,0.0,0.0,0.0,0.0,0.0,0.0,0.0,0.0,0,0,0,0,0,0,0,0,0,0,0,1,0,0,1,0,0
601128880,23.257296,23.280636,0.0,0.00083432125,-1.0,0.10560838,0.70255977,1.0291535,nan,6,3.880106,3.880106,3.880106,3.880106,3.880106,3.880106,0.0,0.0,0.0,0.0,0.0,0.0,0.0,0.0,0.0,0.0,0.0,0.0,0.0,0.0,0,0,0,0,0,0,0,0,0,0,0,1,0,0,1,0,0
601338878,23.277348,23.277292,0.0,0.0017813451,-1.0,0.10585294,0.70101196,1.0293096,nan,6,3.8795488,3.8795488,3.8795488,3.8795488,3.8795488,3.8795488,0.0,0.0,0.0,0.0,0.0,0.0,0.0,0.0,0.0,0.0,0.0,0.0,0.0,0.0,0,0,0,0,0,0,0,0,0,0,0,1,0,0,1,0,0
601538876,23.174358,23.273151,0.0,0.0011987943,-1.0,0.10585294,0.6994336,1.0294689,nan,6,3.8788586,3.8788586,3.8788586,3.8788586,3.8788586,3.8788586,0.0,0.0,0.0,0.0,0.0,0.0,0.0,0.0,0.0,0.0,0.0,0.0,0.0,0.0,0,0,0,0,0,0,0,0,0,0,0,1,0,0,1,0,0
601728876,23.160688,23.268888,0.0,0.00082288944,-1.0,0.10585294,0.69783336,1.0296305,nan,6,3.878148,3.878148,3.878148,3.878148,3.878148,3.878148,0.0,0.0,0.0,0.0,0.0,0.0,0.0,0.0,0.0,0.0,0.0,0.0,0.0,0.0,0,0,0,0,0,0,0,0,0,0,0,1,0,0,1,0,0
601928876,23.115118,23.258404,0.0,0.0005537811,-1.0,0.10585294,0.69368774,1.0300492,nan,6,3.8764007,3.8764007,3.8764007,3.8764007,3.8764007,3.8764007,0.0,0.0,0.0,0.0,0.0,0.0,0.0,0.0,0.0,0.0,0.0,0.0,0.0,0.0,0,0,0,0,0,0,0,0,0,0,0,1,0,0,1,0,0
602128881,23.294662,23.2496,0.0,0.00037267886,-1.0,0.10585294,0.6904424,1.0303773,nan,6,3.8749332,3.8749332,3.8749332,3.8749332,3.8749332,3.8749332,0.0,0.0,0.0,0.0,0.0,0.0,0.0,0.0,0.0,0.0,0.0,0.0,0.0,0.0,0,0,0,0,0,0,0,0,0,0,0,1,0,0,1,0,0
602328878,23.254562,23.244345,0.0,0.00025080223,-1.0,0.10585294,0.68866664,1.0305568,nan,6,3.8740575,3.8740575,3.8740575,3.8740575,3.8740575,3.8740575,0.0,0.0,0.0,0.0,0.0,0.0,0.0,0.0,0.0,0.0,0.0,0.0,0.0,0.0,0,0,0,0,0,0,0,0,0,0,0,1,0,0,1,0,0
602528877,23.013039,23.233381,0.0,0.00016878273,-1.0,0.10585294,0.684769,1.0309513,nan,6,3.8722303,3.8722303,3.8722303,3.8722303,3.8722303,3.8722303,0.0,0.0,0.0,0.0,0.0,0.0,0.0,0.0,0.0,0.0,0.0,0.0,0.0,0.0,0,0,0,0,0,0,0,0,0,0,0,1,0,0,1,0,0
602739334,23.167067,23.223425,0.0,0.000111358764,-1.0,0.10585294,0.68152267,1.0312799,nan,6,3.870571,3.870571,3.870571,3.870571,3.870571,3.870571,0.0,0.0,0.0,0.0,0.0,0.0,0.0,0.0,0.0,0.0,0.0,0.0,0.0,0.0,0,0,0,0,0,0,0,0,0,0,0,1,0,0,1,0,0
602938877,23.163422,23.2179,0.0,7.494126e-05,-1.0,0.10585294,0.6806157,1.0313718,nan,6,3.86965,3.86965,3.86965,3.86965,3.86965,3.86965,0.0,0.0,0.0,0.0,0.0,0.0,0.0,0.0,0.0,0.0,0.0,0.0,0.0,0.0,0,0,0,0,0,0,0,0,0,0,0,1,0,0,1,0,0
603128878,23.157042,23.201387,0.0,5.1441988e-05,-1.0,0.10585294,0.67553645,1.0318867,nan,6,3.8668978,3.8668978,3.8668978,3.8668978,3.8668978,3.8668978,0.0,0.0,0.0,0.0,0.0,0.0,0.0,0.0,0.0,0.0,0.0,0.0,0.0,0.0,0,0,0,0,0,0,0,0,0,0,0,1,0,0,1,0,0
603328979,23.150661,23.186428,0.0,3.4618985e-05,-1.0,0.10585294,0.6707929,1.032368,nan,6,3.8644047,3.8644047,3.8644047,3.8644047,3.8644047,3.8644047,0.0,0.0,0.0,0.0,0.0,0.0,0.0,0.0,0.0,0.0,0.0,0.0,0.0,0.0,0,0,0,0,0,0,0,0,0,0,0,1,0,0,1,0,0
603529366,23.09689,23.169292,0.0,2.3297582e-05,-1.0,0.10585294,0.6649106,1.0329653,nan,6,3.8615487,3.8615487,3.8615487,3.8615487,3.8615487,3.8615487,0.0,0.0,0.0,0.0,0.0,0.0,0.0,0.0,0.0,0.0,0.0,0.0,0.0,0.0,0,0,0,0,0,0,0,0,0,0,0,1,0,0,1,0,0
603728876,23.147926,23.155077,0.0,1.5678603e-05,-1.0,0.10585294,0.6600564,1.0334588,nan,6,3.8591795,3.8591795,3.8591795,3.8591795,3.8591795,3.8591795,0.0,0.0,0.0,0.0,0.0,0.0,0.0,0.0,0.0,0.0,0.0,0.0,0.0,0.0,0,0,0,0,0,0,0,0,0,0,0,1,0,0,1,0,0
603928876,23.095976,23.144327,0.0,1.0551251e-05,-1.0,0.10585294,0.6567567,1.0337945,nan,6,3.8573878,3.8573878,3.8573878,3.8573878,3.8573878,3.8573878,0.0,0.0,0.0,0.0,0.0,0.0,0.0,0.0,0.0,0.0,0.0,0.0,0.0,0.0,0,0,0,0,0,0,0,0,0,0,0,1,0,0,1,0,0
604138878,23.108736,23.12108,0.0,6.9614593e-06,-1.0,0.10585294,0.64849025,1.0346367,nan,6,3.8535135,3.8535135,3.8535135,3.8535135,3.8535135,3.8535135,0.0,0.0,0.0,0.0,0.0,0.0,0.0,0.0,0.0,0.0,0.0,0.0,0.0,0.0,0,0,0,0,0,0,0,0,0,0,0,1,0,0,1,0,0
604338878,23.101446,23.10746,0.0,4.6848622e-06,-1.0,0.10585294,0.64400417,1.0350943,nan,6,3.8512433,3.8512433,3.8512433,3.8512433,3.8512433,3.8512433,0.0,0.0,0.0,0.0,0.0,0.0,0.0,0.0,0.0,0.0,0.0,0.0,0.0,0.0,0,0,0,0,0,0,0,0,0,0,0,1,0,0,1,0,0
604538881,22.992077,23.096111,0.0,3.1527782e-06,-1.0,0.10585294,0.640652,1.0354364,nan,6,3.849352,3.849352,3.849352,3.849352,3.849352,3.849352,0.0,0.0,0.0,0.0,0.0,0.0,0.0,0.0,0.0,0.0,0.0,0.0,0.0,0.0,0,0,0,0,0,0,0,0,0,0,0,1,0,0,1,0,0
604729218,23.070457,23.087624,0.0,2.164164e-06,-1.0,0.10585294,0.63803416,1.0357038,nan,6,3.8479373,3.8479373,3.8479373,3.8479373,3.8479373,3.8479373,0.0,0.0,0.0,0.0,0.0,0.0,0.0,0.0,0.0,0.0,0.0,0.0,0.0,0.0,0,0,0,0,0,0,0,0,0,0,0,1,0,0,1,0,0
604928878,23.000278,23.080751,0.0,1.4564204e-06,-1.0,0.10585294,0.63558704,1.0359539,nan,6,3.846792,3.846792,3.846792,3.846792,3.846792,3.846792,0.0,0.0,0.0,0.0,0.0,0.0,0.0,0.0,0.0,0.0,0.0,0.0,0.0,0.0,0,0,0,0,0,0,0,0,0,0,0,1,0,0,1,0,0
605128878,23.127876,23.067144,0.0,9.801292e-07,-1.0,0.10585294,0.6299489,1.0365304,nan,6,3.8445241,3.8445241,3.8445241,3.8445241,3.8445241,3.8445241,0.0,0.0,0.0,0.0,0.0,0.0,0.0,0.0,0.0,0.0,0.0,0.0,0.0,0.0,0,0,0,0,0,0,0,0,0,0,0,1,0,0,1,0,0
605328878,23.056786,23.063269,0.0,6.595989e-07,-1.0,0.10585294,0.6279643,1.0367335,nan,6,3.843878,3.843878,3.843878,3.843878,3.843878,3.843878,0.0,0.0,0.0,0.0,0.0,0.0,0.0,0.0,0.0,0.0,0.0,0.0,0.0,0.0,0,0,0,0,0,0,0,0,0,0,0,1,0,0,1,0,0
605538877,23.127876,23.065926,0.0,4.351874e-07,-1.0,0.10585294,0.6283172,1.0366974,nan,6,3.844321,3.844321,3.844321,3.844321,3.844321,3.844321,0.0,0.0,0.0,0.0,0.0,0.0,0.0,0.0,0.0,0.0,0.0,0.0,0.0,0.0,0,0,0,0,0,0,0,0,0,0,0,1,0,0,1,0,0
605738880,23.160688,23.067131,0.0,2.9286866e-07,-1.0,0.10585294,0.6282657,1.0367026,nan,6,3.8445218,3.8445218,3.8445218,3.8445218,3.8445218,3.8445218,0.0,0.0,0.0,0.0,0.0,0.0,0.0,0.0,0.0,0.0,0.0,0.0,0.0,0.0,0,0,0,0,0,0,0,0,0,0,0,1,0,0,1,0,0
605938968,23.10418,23.067242,0.0,1.9709225e-07,-1.0,0.10585294,0.6283067,1.0366985,nan,6,3.8445404,3.8445404,3.8445404,3.8445404,3.8445404,3.8445404,0.0,0.0,0.0,0.0,0.0,0.0,0.0,0.0,0.0,0.0,0.0,0.0,0.0,0.0,0,0,0,0,0,0,0,0,0,0,0,1,0,0,1,0,0
606129387,23.186207,23.06535,0.0,1.3529021e-07,-1.0,0.10585294,0.6277545,1.036755,nan,6,3.844225,3.844225,3.844225,3.844225,3.844225,3.844225,0.0,0.0,0.0,0.0,0.0,0.0,0.0,0.0,0.0,0.0,0.0,0.0,0.0,0.0,0,0,0,0,0,0,0,0,0,0,0,1,0,0,1,0,0
606328903,22.969292,23.058096,0.0,0.00060913607,-1.0,0.105944514,0.62521774,1.0370147,nan,6,3.843016,3.843016,3.843016,3.843016,3.843016,3.843016,0.0,0.0,0.0,0.0,0.0,0.0,0.0,0.0,0.0,0.0,0.0,0.0,0.0,0.0,0,0,0,0,0,0,0,0,0,0,0,1,0,0,1,0,0
606528878,23.062254,23.046738,0.0,0.00040993112,-1.0,0.105944514,0.6206973,1.0374779,nan,6,3.8411229,3.8411229,3.8411229,3.8411229,3.8411229,3.8411229,0.0,0.0,0.0,0.0,0.0,0.0,0.0,0.0,0.0,0.0,0.0,0.0,0.0,0.0,0,0,0,0,0,0,0,0,0,0,0,1,0,0,1,0,0
606729210,23.008482,23.046019,0.0,0.0002758719,-1.0,0.105944514,0.6204341,1.0375049,nan,6,3.8410032,3.8410032,3.8410032,3.8410032,3.8410032,3.8410032,0.0,0.0,0.0,0.0,0.0,0.0,0.0,0.0,0.0,0.0,0.0,0.0,0.0,0.0,0,0,0,0,0,0,0,0,0,0,0,1,0,0,1,0,0
606938878,23.07228,23.03913,0.0,0.00018201361,-1.0,0.105944514,0.6174682,1.037809,nan,6,3.839855,3.839855,3.839855,3.839855,3.839855,3.839855,0.0,0.0,0.0,0.0,0.0,0.0,0.0,0.0,0.0,0.0,0.0,0.0,0.0,0.0,0,0,0,0,0,0,0,0,0,0,0,1,0,0,1,0,0
607138878,23.06499,23.038427,0.0,0.00012248995,-1.0,0.105944514,0.6168912,1.0378683,nan,6,3.839738,3.839738,3.839738,3.839738,3.839738,3.839738,0.0,0.0,0.0,0.0,0.0,0.0,0.0,0.0,0.0,0.0,0.0,0.0,0.0,0.0,0,0,0,0,0,0,0,0,0,0,0,1,0,0,1,0,0
607328877,23.06681,23.042664,0.0,8.4080864e-05,-1.0,0.105944514,0.6184562,1.0377077,nan,6,3.8404438,3.8404438,3.8404438,3.8404438,3.8404438,3.8404438,0.0,0.0,0.0,0.0,0.0,0.0,0.0,0.0,0.0,0.0,0.0,0.0,0.0,0.0,0,0,0,0,0,0,0,0,0,0,0,1,0,0,1,0,0
607528877,22.927366,23.032366,0.0,5.6584016e-05,-1.0,0.105944514,0.6140407,1.0381607,nan,6,3.8387277,3.8387277,3.8387277,3.8387277,3.8387277,3.8387277,0.0,0.0,0.0,0.0,0.0,0.0,0.0,0.0,0.0,0.0,0.0,0.0,0.0,0.0,0,0,0,0,0,0,0,0,0,0,0,1,0,0,1,0,0
607728878,22.911871,23.037418,0.0,3.8079423e-05,-1.0,0.105944514,0.61578494,1.0379817,nan,6,3.8395698,3.8395698,3.8395698,3.8395698,3.8395698,3.8395698,0.0,0.0,0.0,0.0,0.0,0.0,0.0,0.0,0.0,0.0,0.0,0.0,0.0,0.0,0,0,0,0,0,0,0,0,0,0,0,1,0,0,1,0,0
607928877,23.039469,23.03605,0.0,2.5626363e-05,-1.0,0.105944514,0.6149476,1.0380676,nan,6,3.8393419,3.8393419,3.8393419,3.8393419,3.8393419,3.8393419,0.0,0.0,0.0,0.0,0.0,0.0,0.0,0.0,0.0,0.0,0.0,0.0,0.0,0.0,0,0,0,0,0,0,0,0,0,0,0,1,0,0,1,0,0
608128877,22.862658,23.038101,0.0,1.724581e-05,-1.0,0.105944514,0.6155465,1.0380062,nan,6,3.8396835,3.8396835,3.8396835,3.8396835,3.8396835,3.8396835,0.0,0.0,0.0,0.0,0.0,0.0,0.0,0.0,0.0,0.0,0.0,0.0,0.0,0.0,0,0,0,0,0,0,0,0,0,0,0,1,0,0,1,0,0
608338883,23.024887,23.032146,0.0,0.0010182564,-1.0,0.10613272,0.6128438,1.0382836,nan,6,3.838691,3.838691,3.838691,3.838691,3.838691,3.838691,0.0,0.0,0.0,0.0,0.0,0.0,0.0,0.0,0.0,0.0,0.0,0.0,0.0,0.0,0,0,0,0,0,0,0,0,0,0,0,1,0,0,1,0,0
608539087,23.174358,23.028217,0.0,0.0006852574,-1.0,0.10613272,0.61092025,1.0384811,nan,6,3.8380363,3.8380363,3.8380363,3.8380363,3.8380363,3.8380363,0.0,0.0,0.0,0.0,0.0,0.0,0.0,0.0,0.0,0.0,0.0,0.0,0.0,0.0,0,0,0,0,0,0,0,0,0,0,0,1,0,0,1,0,0
608729497,23.162508,23.03004,0.0,0.0017243103,-1.0,0.10637622,0.61138755,1.0384332,nan,6,3.83834,3.83834,3.83834,3.83834,3.83834,3.83834,0.0,0.0,0.0,0.0,0.0,0.0,0.0,0.0,0.0,0.0,0.0,0.0,0.0,0.0,0,0,0,0,0,0,0,0,0,0,0,1,0,0,1,0,0
608928908,23.060432,23.027468,0.0,0.00728917,-1.0,0.10757908,0.61001235,1.0385743,nan,6,3.8379114,3.8379114,3.8379114,3.8379114,3.8379114,3.8379114,0.0,0.0,0.0,0.0,0.0,0.0,0.0,0.0,0.0,0.0,0.0,0.0,0.0,0.0,0,0,0,0,0,0,0,0,0,0,0,1,0,0,1,0,0
609128878,23.011215,23.026766,0.0,0.004905402,-1.0,0.10757908,0.60950214,1.0386268,nan,6,3.8377943,3.8377943,3.8377943,3.8377943,3.8377943,3.8377943,0.0,0.0,0.0,0.0,0.0,0.0,0.0,0.0,0.0,0.0,0.0,0.0,0.0,0.0,0,0,0,0,0,0,0,0,0,0,0,1,0,0,1,0,0
609328877,23.067724,23.020521,0.0,0.0033011956,-1.0,0.10757908,0.60671455,1.0389134,nan,6,3.8367536,3.8367536,3.8367536,3.8367536,3.8367536,3.8367536,0.0,0.0,0.0,0.0,0.0,0.0,0.0,0.0,0.0,0.0,0.0,0.0,0.0,0.0,0,0,0,0,0,0,0,0,0,0,0,1,0,0,1,0,0
609528876,22.96838,23.014786,0.0,0.00222161,-1.0,0.10757908,0.60423976,1.0391678,nan,6,3.8357975,3.8357975,3.8357975,3.8357975,3.8357975,3.8357975,0.0,0.0,0.0,0.0,0.0,0.0,0.0,0.0,0.0,0.0,0.0,0.0,0.0,0.0,0,0,0,0,0,0,0,0,0,0,0,1,0,0,1,0,0
609738877,23.001192,23.001528,0.0,0.0014657646,-1.0,0.10757908,0.59903747,1.0397031,nan,6,3.833588,3.833588,3.833588,3.833588,3.833588,3.833588,0.0,0.0,0.0,0.0,0.0,0.0,0.0,0.0,0.0,0.0,0.0,0.0,0.0,0.0,0,0,0,0,0,0,0,0,0,0,0,1,0,0,1,0,0
609938877,22.9301,22.996199,0.0,0.0009864175,-1.0,0.10757908,0.59745437,1.0398661,nan,6,3.8326998,3.8326998,3.8326998,3.8326998,3.8326998,3.8326998,0.0,0.0,0.0,0.0,0.0,0.0,0.0,0.0,0.0,0.0,0.0,0.0,0.0,0.0,0,0,0,0,0,0,0,0,0,0,0,1,0,0,1,0,0
610128877,22.977493,22.985586,0.0,0.0006771075,-1.0,0.10757908,0.59380466,1.040242,nan,6,3.830931,3.830931,3.830931,3.830931,3.830931,3.830931,0.0,0.0,0.0,0.0,0.0,0.0,0.0,0.0,0.0,0.0,0.0,0.0,0.0,0.0,0,0,0,0,0,0,0,0,0,0,0,1,0,0,1,0,0
610328888,23.035824,22.979853,0.0,0.0004556739,-1.0,0.10757908,0.5921863,1.0404088,nan,6,3.8299754,3.8299754,3.8299754,3.8299754,3.8299754,3.8299754,0.0,0.0,0.0,0.0,0.0,0.0,0.0,0.0,0.0,0.0,0.0,0.0,0.0,0.0,0,0,0,0,0,0,0,0,0,0,0,1,0,0,1,0,0
610528879,23.063166,22.976631,0.0,0.00030665548,-1.0,0.10757908,0.5911277,1.040518,nan,6,3.8294384,3.8294384,3.8294384,3.8294384,3.8294384,3.8294384,0.0,0.0,0.0,0.0,0.0,0.0,0.0,0.0,0.0,0.0,0.0,0.0,0.0,0.0,0,0,0,0,0,0,0,0,0,0,0,1,0,0,1,0,0
610729223,22.964735,22.976631,0.0,0.00020637036,-1.0,0.10757908,0.59154254,1.0404752,nan,6,3.8294384,3.8294384,3.8294384,3.8294384,3.8294384,3.8294384,0.0,0.0,0.0,0.0,0.0,0.0,0.0,0.0,0.0,0.0,0.0,0.0,0.0,0.0,0,0,0,0,0,0,0,0,0,0,0,1,0,0,1,0,0
610928904,23.046762,22.96738,0.0,0.00013888134,-1.0,0.10757908,0.5879968,1.0408409,nan,6,3.8278968,3.8278968,3.8278968,3.8278968,3.8278968,3.8278968,0.0,0.0,0.0,0.0,0.0,0.0,0.0,0.0,0.0,0.0,0.0,0.0,0.0,0.0,0,0,0,0,0,0,0,0,0,0,0,1,0,0,1,0,0
611138974,22.962912,22.968739,0.0,0.0005635026,-1.0,0.10766556,0.58845645,1.0407935,nan,6,3.828123,3.828123,3.828123,3.828123,3.828123,3.828123,0.0,0.0,0.0,0.0,0.0,0.0,0.0,0.0,0.0,0.0,0.0,0.0,0.0,0.0,0,0,0,0,0,0,0,0,0,0,0,1,0,0,1,0,0
611339369,23.102356,22.972769,0.0,0.00037922108,-1.0,0.10766556,0.5895837,1.0406772,nan,6,3.8287947,3.8287947,3.8287947,3.8287947,3.8287947,3.8287947,0.0,0.0,0.0,0.0,0.0,0.0,0.0,0.0,0.0,0.0,0.0,0.0,0.0,0.0,0,0,0,0,0,0,0,0,0,0,0,1,0,0,1,0,0
611528901,22.921898,22.974941,0.0,0.00026030903,-1.0,0.10766556,0.58936244,1.0407001,nan,6,3.8291569,3.8291569,3.8291569,3.8291569,3.8291569,3.8291569,0.0,0.0,0.0,0.0,0.0,0.0,0.0,0.0,0.0,0.0,0.0,0.0,0.0,0.0,0,0,0,0,0,0,0,0,0,0,0,1,0,0,1,0,0
611728876,22.786098,22.975721,0.0,0.006582005,-1.0,0.10866916,0.58878547,1.0407596,nan,6,3.8292868,3.8292868,3.8292868,3.8292868,3.8292868,3.8292868,0.0,0.0,0.0,0.0,0.0,0.0,0.0,0.0,0.0,0.0,0.0,0.0,0.0,0.0,0,0,0,0,0,0,0,0,0,0,0,1,0,0,1,0,0
611928876,22.999369,22.978693,0.0,0.0044295006,-1.0,0.10866916,0.58980876,1.040654,nan,6,3.8297822,3.8297822,3.8297822,3.8297822,3.8297822,3.8297822,0.0,0.0,0.0,0.0,0.0,0.0,0.0,0.0,0.0,0.0,0.0,0.0,0.0,0.0,0,0,0,0,0,0,0,0,0,0,0,1,0,0,1,0,0
612128877,23.194408,22.990189,0.0,0.0029809265,-1.0,0.10866916,0.5942233,1.0401989,nan,6,3.8316982,3.8316982,3.8316982,3.8316982,3.8316982,3.8316982,0.0,0.0,0.0,0.0,0.0,0.0,0.0,0.0,0.0,0.0,0.0,0.0,0.0,0.0,0,0,0,0,0,0,0,0,0,0,0,1,0,0,1,0,0
612328879,22.997545,22.992676,0.0,0.0020060784,-1.0,0.10866916,0.59445983,1.0401746,nan,6,3.8321126,3.8321126,3.8321126,3.8321126,3.8321126,3.8321126,0.0,0.0,0.0,0.0,0.0,0.0,0.0,0.0,0.0,0.0,0.0,0.0,0.0,0.0,0,0,0,0,0,0,0,0,0,0,0,1,0,0,1,0,0
612528878,23.050406,23.000105,0.0,0.0013500331,-1.0,0.10866916,0.5967563,1.0399379,nan,6,3.833351,3.833351,3.833351,3.833351,3.833351,3.833351,0.0,0.0,0.0,0.0,0.0,0.0,0.0,0.0,0.0,0.0,0.0,0.0,0.0,0.0,0,0,0,0,0,0,0,0,0,0,0,1,0,0,1,0,0
612739259,23.144281,23.00897,0.0,0.00089071936,-1.0,0.10866916,0.5996497,1.03964,nan,6,3.8348284,3.8348284,3.8348284,3.8348284,3.8348284,3.8348284,0.0,0.0,0.0,0.0,0.0,0.0,0.0,0.0,0.0,0.0,0.0,0.0,0.0,0.0,0,0,0,0,0,0,0,0,0,0,0,1,0,0,1,0,0
612928881,22.835314,23.014317,0.0,0.000611417,-1.0,0.10866916,0.6010173,1.0394993,nan,6,3.8357193,3.8357193,3.8357193,3.8357193,3.8357193,3.8357193,0.0,0.0,0.0,0.0,0.0,0.0,0.0,0.0,0.0,0.0,0.0,0.0,0.0,0.0,0,0,0,0,0,0,0,0,0,0,0,1,0,0,1,0,0
613128878,23.032177,23.01969,0.0,0.0004114661,-1.0,0.10866916,0.6023944,1.0393575,nan,6,3.8366148,3.8366148,3.8366148,3.8366148,3.8366148,3.8366148,0.0,0.0,0.0,0.0,0.0,0.0,0.0,0.0,0.0,0.0,0.0,0.0,0.0,0.0,0,0,0,0,0,0,0,0,0,0,0,1,0,0,1,0,0
613328878,23.058609,23.023142,0.0,0.0002769049,-1.0,0.10866916,0.60383445,1.0392095,nan,6,3.8371904,3.8371904,3.8371904,3.8371904,3.8371904,3.8371904,0.0,0.0,0.0,0.0,0.0,0.0,0.0,0.0,0.0,0.0,0.0,0.0,0.0,0.0,0,0,0,0,0,0,0,0,0,0,0,1,0,0,1,0,0
613528881,22.840782,23.019922,0.0,0.00018634912,-1.0,0.10866916,0.60265,1.0393312,nan,6,3.8366537,3.8366537,3.8366537,3.8366537,3.8366537,3.8366537,0.0,0.0,0.0,0.0,0.0,0.0,0.0,0.0,0.0,0.0,0.0,0.0,0.0,0.0,0,0,0,0,0,0,0,0,0,0,0,1,0,0,1,0,0
613729134,23.014862,23.02438,0.0,0.0001254076,-1.0,0.10866916,0.60446674,1.0391444,nan,6,3.8373966,3.8373966,3.8373966,3.8373966,3.8373966,3.8373966,0.0,0.0,0.0,0.0,0.0,0.0,0.0,0.0,0.0,0.0,0.0,0.0,0.0,0.0,0,0,0,0,0,0,0,0,0,0,0,1,0,0,1,0,0
613938877,23.044939,23.029501,0.0,8.274091e-05,-1.0,0.10866916,0.60658866,1.0389261,nan,6,3.8382502,3.8382502,3.8382502,3.8382502,3.8382502,3.8382502,0.0,0.0,0.0,0.0,0.0,0.0,0.0,0.0,0.0,0.0,0.0,0.0,0.0,0.0,0,0,0,0,0,0,0,0,0,0,0,1,0,0,1,0,0
614138878,23.015774,23.02697,0.0,5.5682263e-05,-1.0,0.10866916,0.60563976,1.0390238,nan,6,3.8378284,3.8378284,3.8378284,3.8378284,3.8378284,3.8378284,0.0,0.0,0.0,0.0,0.0,0.0,0.0,0.0,0.0,0.0,0.0,0.0,0.0,0.0,0,0,0,0,0,0,0,0,0,0,0,1,0,0,1,0,0
614328876,22.943771,23.018887,0.0,3.822202e-05,-1.0,0.10866916,0.60251933,1.0393447,nan,6,3.836481,3.836481,3.836481,3.836481,3.836481,3.836481,0.0,0.0,0.0,0.0,0.0,0.0,0.0,0.0,0.0,0.0,0.0,0.0,0.0,0.0,0,0,0,0,0,0,0,0,0,0,0,1,0,0,1,0,0
614528878,22.976583,23.017347,0.0,2.5722324e-05,-1.0,0.10866916,0.6021388,1.0393839,nan,6,3.8362246,3.8362246,3.8362246,3.8362246,3.8362246,3.8362246,0.0,0.0,0.0,0.0,0.0,0.0,0.0,0.0,0.0,0.0,0.0,0.0,0.0,0.0,0,0,0,0,0,0,0,0,0,0,0,1,0,0,1,0,0
614729058,23.032177,23.013666,0.0,1.7310385e-05,-1.0,0.10866916,0.6007455,1.0395273,nan,6,3.835611,3.835611,3.835611,3.835611,3.835611,3.835611,0.0,0.0,0.0,0.0,0.0,0.0,0.0,0.0,0.0,0.0,0.0,0.0,0.0,0.0,0,0,0,0,0,0,0,0,0,0,0,1,0,0,1,0,0
614928878,23.010305,23.01317,0.0,1.1649395e-05,-1.0,0.10866916,0.60052615,1.0395498,nan,6,3.8355284,3.8355284,3.8355284,3.8355284,3.8355284,3.8355284,0.0,0.0,0.0,0.0,0.0,0.0,0.0,0.0,0.0,0.0,0.0,0.0,0.0,0.0,0,0,0,0,0,0,0,0,0,0,0,1,0,0,1,0,0
615128878,22.989342,23.015394,0.0,7.83971e-06,-1.0,0.10866916,0.60136634,1.0394633,nan,6,3.835899,3.835899,3.835899,3.835899,3.835899,3.835899,0.0,0.0,0.0,0.0,0.0,0.0,0.0,0.0,0.0,0.0,0.0,0.0,0.0,0.0,0,0,0,0,0,0,0,0,0,0,0,1,0,0,1,0,0
615338890,23.023064,23.01154,0.0,5.172451e-06,-1.0,0.10866916,0.5996211,1.0396429,nan,6,3.8352566,3.8352566,3.8352566,3.8352566,3.8352566,3.8352566,0.0,0.0,0.0,0.0,0.0,0.0,0.0,0.0,0.0,0.0,0.0,0.0,0.0,0.0,0,0,0,0,0,0,0,0,0,0,0,1,0,0,1,0,0
615538903,23.071367,23.006287,0.0,3.4809107e-06,-1.0,0.10866916,0.5974639,1.0398651,nan,6,3.834381,3.834381,3.834381,3.834381,3.834381,3.834381,0.0,0.0,0.0,0.0,0.0,0.0,0.0,0.0,0.0,0.0,0.0,0.0,0.0,0.0,0,0,0,0,0,0,0,0,0,0,0,1,0,0,1,0,0
615728877,23.094152,23.00469,0.0,2.389404e-06,-1.0,0.10866916,0.5969117,1.039922,nan,6,3.834115,3.834115,3.834115,3.834115,3.834115,3.834115,0.0,0.0,0.0,0.0,0.0,0.0,0.0,0.0,0.0,0.0,0.0,0.0,0.0,0.0,0,0,0,0,0,0,0,0,0,0,0,1,0,0,1,0,0
615928877,23.000278,23.0081,0.0,1.6080006e-06,-1.0,0.10866916,0.59796935,1.039813,nan,6,3.8346834,3.8346834,3.8346834,3.8346834,3.8346834,3.8346834,0.0,0.0,0.0,0.0,0.0,0.0,0.0,0.0,0.0,0.0,0.0,0.0,0.0,0.0,0,0,0,0,0,0,0,0,0,0,0,1,0,0,1,0,0
616128880,23.013039,23.011292,0.0,0.0006394971,-1.0,0.108786464,0.5983146,1.0397774,nan,6,3.8352153,3.8352153,3.8352153,3.8352153,3.8352153,3.8352153,0.0,0.0,0.0,0.0,0.0,0.0,0.0,0.0,0.0,0.0,0.0,0.0,0.0,0.0,0,0,0,0,0,0,0,0,0,0,0,1,0,0,1,0,0
616329152,22.920986,23.01489,0.0,0.00043036326,-1.0,0.108786464,0.59875804,1.0397317,nan,6,3.8358152,3.8358152,3.8358152,3.8358152,3.8358152,3.8358152,0.0,0.0,0.0,0.0,0.0,0.0,0.0,0.0,0.0,0.0,0.0,0.0,0.0,0.0,0,0,0,0,0,0,0,0,0,0,0,1,0,0,1,0,0
616528885,23.044025,23.025095,0.0,0.00028962214,-1.0,0.108786464,0.6021703,1.0393807,nan,6,3.8375158,3.8375158,3.8375158,3.8375158,3.8375158,3.8375158,0.0,0.0,0.0,0.0,0.0,0.0,0.0,0.0,0.0,0.0,0.0,0.0,0.0,0.0,0,0,0,0,0,0,0,0,0,0,0,1,0,0,1,0,0
616739053,23.075014,23.033154,0.0,0.0001910857,-1.0,0.108786464,0.6046851,1.0391219,nan,6,3.8388588,3.8388588,3.8388588,3.8388588,3.8388588,3.8388588,0.0,0.0,0.0,0.0,0.0,0.0,0.0,0.0,0.0,0.0,0.0,0.0,0.0,0.0,0,0,0,0,0,0,0,0,0,0,0,1,0,0,1,0,0
616938901,23.024887,23.030682,0.0,0.00012859517,-1.0,0.108786464,0.6035417,1.0392395,nan,6,3.8384469,3.8384469,3.8384469,3.8384469,3.8384469,3.8384469,0.0,0.0,0.0,0.0,0.0,0.0,0.0,0.0,0.0,0.0,0.0,0.0,0.0,0.0,0,0,0,0,0,0,0,0,0,0,0,1,0,0,1,0,0
617128878,22.977493,23.027576,0.0,8.827169e-05,-1.0,0.108786464,0.60244304,1.0393525,nan,6,3.8379295,3.8379295,3.8379295,3.8379295,3.8379295,3.8379295,0.0,0.0,0.0,0.0,0.0,0.0,0.0,0.0,0.0,0.0,0.0,0.0,0.0,0.0,0,0,0,0,0,0,0,0,0,0,0,1,0,0,1,0,0
617328877,23.019419,23.02496,0.0,5.9404327e-05,-1.0,0.108786464,0.6014131,1.0394585,nan,6,3.8374932,3.8374932,3.8374932,3.8374932,3.8374932,3.8374932,0.0,0.0,0.0,0.0,0.0,0.0,0.0,0.0,0.0,0.0,0.0,0.0,0.0,0.0,0,0,0,0,0,0,0,0,0,0,0,1,0,0,1,0,0
617528892,22.96838,23.02024,0.0,3.9977418e-05,-1.0,0.108786464,0.5995887,1.0396463,nan,6,3.8367069,3.8367069,3.8367069,3.8367069,3.8367069,3.8367069,0.0,0.0,0.0,0.0,0.0,0.0,0.0,0.0,0.0,0.0,0.0,0.0,0.0,0.0,0,0,0,0,0,0,0,0,0,0,0,1,0,0,1,0,0
617728909,22.963821,23.015043,0.0,2.6903648e-05,-1.0,0.108786464,0.5981124,1.0397984,nan,6,3.8358405,3.8358405,3.8358405,3.8358405,3.8358405,3.8358405,0.0,0.0,0.0,0.0,0.0,0.0,0.0,0.0,0.0,0.0,0.0,0.0,0.0,0.0,0,0,0,0,0,0,0,0,0,0,0,1,0,0,1,0,0
617928877,23.081394,23.014137,0.0,1.8105384e-05,-1.0,0.108786464,0.59801894,1.0398079,nan,6,3.8356895,3.8356895,3.8356895,3.8356895,3.8356895,3.8356895,0.0,0.0,0.0,0.0,0.0,0.0,0.0,0.0,0.0,0.0,0.0,0.0,0.0,0.0,0,0,0,0,0,0,0,0,0,0,0,1,0,0,1,0,0
618138877,22.955622,23.008163,0.0,1.1945492e-05,-1.0,0.108786464,0.59515315,1.0401031,nan,6,3.834694,3.834694,3.834694,3.834694,3.834694,3.834694,0.0,0.0,0.0,0.0,0.0,0.0,0.0,0.0,0.0,0.0,0.0,0.0,0.0,0.0,0,0,0,0,0,0,0,0,0,0,0,1,0,0,1,0,0
618338883,23.060432,23.009441,0.0,8.0389755e-06,-1.0,0.108786464,0.59542304,1.0400753,nan,6,3.8349068,3.8349068,3.8349068,3.8349068,3.8349068,3.8349068,0.0,0.0,0.0,0.0,0.0,0.0,0.0,0.0,0.0,0.0,0.0,0.0,0.0,0.0,0,0,0,0,0,0,0,0,0,0,0,1,0,0,1,0,0
618529007,22.854454,22.999737,0.0,5.5182e-06,-1.0,0.108786464,0.59212047,1.0404156,nan,6,3.8332894,3.8332894,3.8332894,3.8332894,3.8332894,3.8332894,0.0,0.0,0.0,0.0,0.0,0.0,0.0,0.0,0.0,0.0,0.0,0.0,0.0,0.0,0,0,0,0,0,0,0,0,0,0,0,1,0,0,1,0,0
618739271,22.962,22.98903,0.0,6.255305e-05,-1.0,0.10879671,0.58903533,1.0407338,nan,6,3.831505,3.831505,3.831505,3.831505,3.831505,3.831505,0.0,0.0,0.0,0.0,0.0,0.0,0.0,0.0,0.0,0.0,0.0,0.0,0.0,0.0,0,0,0,0,0,0,0,0,0,0,0,1,0,0,1,0,0
618929616,23.001192,22.986465,0.0036625,0.00011475207,-1.0,0.108806945,0.58911735,1.0407252,nan,6,3.8310776,3.8310776,3.8310776,3.8310776,3.8310776,3.8310776,0.0,0.0,0.0,0.0,0.0,0.0,0.0,0.0,0.0,0.0,0.0,0.0,0.0,0.0,0,0,0,0,0,0,0,0,0,0,0,1,0,0,1,0,0
619128878,22.912785,22.980167,0.0,7.7224846e-05,-1.0,0.108806945,0.5872739,1.0409156,nan,6,3.8300278,3.8300278,3.8300278,3.8300278,3.8300278,3.8300278,0.0,0.0,0.0,0.0,0.0,0.0,0.0,0.0,0.0,0.0,0.0,0.0,0.0,0.0,0,0,0,0,0,0,0,0,0,0,0,1,0,0,1,0,0
619328877,23.147926,22.989437,0.0,5.1970117e-05,-1.0,0.108806945,0.5893796,1.0406983,nan,6,3.8315728,3.8315728,3.8315728,3.8315728,3.8315728,3.8315728,0.0,0.0,0.0,0.0,0.0,0.0,0.0,0.0,0.0,0.0,0.0,0.0,0.0,0.0,0,0,0,0,0,0,0,0,0,0,0,1,0,0,1,0,0
619538877,23.2737,23.038017,0.0,3.4288627e-05,-1.0,0.108806945,0.6032155,1.0392731,nan,6,3.8396695,3.8396695,3.8396695,3.8396695,3.8396695,3.8396695,0.0,0.0,0.0,0.0,0.0,0.0,0.0,0.0,0.0,0.0,0.0,0.0,0.0,0.0,0,0,0,0,0,0,0,0,0,0,0,1,0,0,1,0,0
619738877,23.186207,23.057425,0.0,2.3075265e-05,-1.0,0.108806945,0.6082309,1.0387574,nan,6,3.842904,3.842904,3.842904,3.842904,3.842904,3.842904,0.0,0.0,0.0,0.0,0.0,0.0,0.0,0.0,0.0,0.0,0.0,0.0,0.0,0.0,0,0,0,0,0,0,0,0,0,0,0,1,0,0,1,0,0
619938877,23.045849,23.073355,0.0,1.552899e-05,-1.0,0.108806945,0.612017,1.0383686,nan,6,3.8455591,3.8455591,3.8455591,3.8455591,3.8455591,3.8455591,0.0,0.0,0.0,0.0,0.0,0.0,0.0,0.0,0.0,0.0,0.0,0.0,0.0,0.0,0,0,0,0,0,0,0,0,0,0,0,1,0,0,1,0,0
620128878,23.261852,23.088705,0.0,1.0659577e-05,-1.0,0.108806945,0.61565715,1.0379949,nan,6,3.8481176,3.8481176,3.8481176,3.8481176,3.8481176,3.8481176,0.0,0.0,0.0,0.0,0.0,0.0,0.0,0.0,0.0,0.0,0.0,0.0,0.0,0.0,0,0,0,0,0,0,0,0,0,0,0,1,0,0,1,0,0
620328904,23.229044,23.11004,0.0,7.17359e-06,-1.0,0.108806945,0.6218179,1.037363,nan,6,3.8516734,3.8516734,3.8516734,3.8516734,3.8516734,3.8516734,0.0,0.0,0.0,0.0,0.0,0.0,0.0,0.0,0.0,0.0,0.0,0.0,0.0,0.0,0,0,0,0,0,0,0,0,0,0,0,1,0,0,1,0,0
620528900,23.191673,23.117245,0.0,4.82762e-06,-1.0,0.108806945,0.6227029,1.0372725,nan,6,3.852874,3.852874,3.852874,3.852874,3.852874,3.852874,0.0,0.0,0.0,0.0,0.0,0.0,0.0,0.0,0.0,0.0,0.0,0.0,0.0,0.0,0,0,0,0,0,0,0,0,0,0,0,1,0,0,1,0,0
620728879,23.140636,23.134287,0.0,3.24885e-06,-1.0,0.108806945,0.6278966,1.0367404,nan,6,3.8557146,3.8557146,3.8557146,3.8557146,3.8557146,3.8557146,0.0,0.0,0.0,0.0,0.0,0.0,0.0,0.0,0.0,0.0,0.0,0.0,0.0,0.0,0,0,0,0,0,0,0,0,0,0,0,1,0,0,1,0,0
620938878,23.311981,23.1451,0.0,2.1435128e-06,-1.0,0.108806945,0.63083965,1.0364393,nan,6,3.8575165,3.8575165,3.8575165,3.8575165,3.8575165,3.8575165,0.0,0.0,0.0,0.0,0.0,0.0,0.0,0.0,0.0,0.0,0.0,0.0,0.0,0.0,0,0,0,0,0,0,0,0,0,0,0,1,0,0,1,0,0
621138880,23.170712,23.154743,0.0,1.4425227e-06,-1.0,0.108806945,0.6331008,1.0362079,nan,6,3.859124,3.859124,3.859124,3.859124,3.859124,3.859124,0.0,0.0,0.0,0.0,0.0,0.0,0.0,0.0,0.0,0.0,0.0,0.0,0.0,0.0,0,0,0,0,0,0,0,0,0,0,0,1,0,0,1,0,0
621328891,23.169802,23.166119,0.0,9.901922e-07,-1.0,0.108806945,0.6363128,1.0358796,nan,6,3.8610198,3.8610198,3.8610198,3.8610198,3.8610198,3.8610198,0.0,0.0,0.0,0.0,0.0,0.0,0.0,0.0,0.0,0.0,0.0,0.0,0.0,0.0,0,0,0,0,0,0,0,0,0,0,0,1,0,0,1,0,0
621529263,23.100533,23.168425,0.0,6.66371e-07,-1.0,0.108806945,0.63627464,1.0358835,nan,6,3.8614042,3.8614042,3.8614042,3.8614042,3.8614042,3.8614042,0.0,0.0,0.0,0.0,0.0,0.0,0.0,0.0,0.0,0.0,0.0,0.0,0.0,0.0,0,0,0,0,0,0,0,0,0,0,0,1,0,0,1,0,0
621728877,23.089596,23.167246,0.0,4.4844873e-07,-1.0,0.108806945,0.63583213,1.0359287,nan,6,3.8612077,3.8612077,3.8612077,3.8612077,3.8612077,3.8612077,0.0,0.0,0.0,0.0,0.0,0.0,0.0,0.0,0.0,0.0,0.0,0.0,0.0,0.0,0,0,0,0,0,0,0,0,0,0,0,1,0,0,1,0,0
621928876,23.293753,23.169529,0.0,3.0179316e-07,-1.0,0.108806945,0.6371034,1.0357989,nan,6,3.8615882,3.8615882,3.8615882,3.8615882,3.8615882,3.8615882,0.0,0.0,0.0,0.0,0.0,0.0,0.0,0.0,0.0,0.0,0.0,0.0,0.0,0.0,0,0,0,0,0,0,0,0,0,0,0,1,0,0,1,0,0
622128877,23.116938,23.167274,0.0,2.0309814e-07,-1.0,0.108806945,0.6367343,1.0358366,nan,6,3.8612125,3.8612125,3.8612125,3.8612125,3.8612125,3.8612125,0.0,0.0,0.0,0.0,0.0,0.0,0.0,0.0,0.0,0.0,0.0,0.0,0.0,0.0,0,0,0,0,0,0,0,0,0,0,0,1,0,0,1,0,0
622338886,23.141546,23.167948,0.0,1.3399924e-07,-1.0,0.108806945,0.6374772,1.0357606,nan,6,3.8613245,3.8613245,3.8613245,3.8613245,3.8613245,3.8613245,0.0,0.0,0.0,0.0,0.0,0.0,0.0,0.0,0.0,0.0,0.0,0.0,0.0,0.0,0,0,0,0,0,0,0,0,0,0,0,1,0,0,1,0,0
622538881,23.191673,23.165146,0.0,9.017766e-08,-1.0,0.108806945,0.6362975,1.0358813,nan,6,3.8608577,3.8608577,3.8608577,3.8608577,3.8608577,3.8608577,0.0,0.0,0.0,0.0,0.0,0.0,0.0,0.0,0.0,0.0,0.0,0.0,0.0,0.0,0,0,0,0,0,0,0,0,0,0,0,1,0,0,1,0,0
622739059,23.186207,23.164701,0.0,6.068697e-08,-1.0,0.108806945,0.63593704,1.035918,nan,6,3.8607836,3.8607836,3.8607836,3.8607836,3.8607836,3.8607836,0.0,0.0,0.0,0.0,0.0,0.0,0.0,0.0,0.0,0.0,0.0,0.0,0.0,0.0,0,0,0,0,0,0,0,0,0,0,0,1,0,0,1,0,0
622928967,23.244535,23.166857,0.0,4.1657405e-08,-1.0,0.108806945,0.6364606,1.0358646,nan,6,3.8611429,3.8611429,3.8611429,3.8611429,3.8611429,3.8611429,0.0,0.0,0.0,0.0,0.0,0.0,0.0,0.0,0.0,0.0,0.0,0.0,0.0,0.0,0,0,0,0,0,0,0,0,0,0,0,1,0,0,1,0,0
623128921,23.18894,23.170437,0.0,2.8034243e-08,-1.0,0.108806945,0.6374677,1.0357616,nan,6,3.8617394,3.8617394,3.8617394,3.8617394,3.8617394,3.8617394,0.0,0.0,0.0,0.0,0.0,0.0,0.0,0.0,0.0,0.0,0.0,0.0,0.0,0.0,0,0,0,0,0,0,0,0,0,0,0,1,0,0,1,0,0
623328877,23.229954,23.177809,0.0,1.8866242e-08,-1.0,0.108806945,0.63983375,1.0355198,nan,6,3.8629682,3.8629682,3.8629682,3.8629682,3.8629682,3.8629682,0.0,0.0,0.0,0.0,0.0,0.0,0.0,0.0,0.0,0.0,0.0,0.0,0.0,0.0,0,0,0,0,0,0,0,0,0,0,0,1,0,0,1,0,0
623528878,23.244535,23.176111,0.0,1.269644e-08,-1.0,0.108806945,0.63850623,1.0356555,nan,6,3.8626852,3.8626852,3.8626852,3.8626852,3.8626852,3.8626852,0.0,0.0,0.0,0.0,0.0,0.0,0.0,0.0,0.0,0.0,0.0,0.0,0.0,0.0,0,0,0,0,0,0,0,0,0,0,0,1,0,0,1,0,0
623738877,23.194408,23.178864,0.0,8.376805e-09,-1.0,0.108806945,0.6388801,1.0356174,nan,6,3.863144,3.863144,3.863144,3.863144,3.863144,3.863144,0.0,0.0,0.0,0.0,0.0,0.0,0.0,0.0,0.0,0.0,0.0,0.0,0.0,0.0,0,0,0,0,0,0,0,0,0,0,0,1,0,0,1,0,0
623938879,23.165245,23.179115,0.0,5.63735e-09,-1.0,0.108806945,0.63852435,1.0356537,nan,6,3.863186,3.863186,3.863186,3.863186,3.863186,3.863186,0.0,0.0,0.0,0.0,0.0,0.0,0.0,0.0,0.0,0.0,0.0,0.0,0.0,0.0,0,0,0,0,0,0,0,0,0,0,0,1,0,0,1,0,0
624139169,23.17618,23.183687,0.0,3.7937755e-09,-1.0,0.108806945,0.64008933,1.0354939,nan,6,3.8639479,3.8639479,3.8639479,3.8639479,3.8639479,3.8639479,0.0,0.0,0.0,0.0,0.0,0.0,0.0,0.0,0.0,0.0,0.0,0.0,0.0,0.0,0,0,0,0,0,0,0,0,0,0,0,1,0,0,1,0,0
624328877,23.455072,23.186626,0.0,2.604164e-09,-1.0,0.108806945,0.63984615,1.0355186,nan,6,3.8644378,3.8644378,3.8644378,3.8644378,3.8644378,3.8644378,0.0,0.0,0.0,0.0,0.0,0.0,0.0,0.0,0.0,0.0,0.0,0.0,0.0,0.0,0,0,0,0,0,0,0,0,0,0,0,1,0,0,1,0,0
624528877,23.17618,23.192451,0.0,1.7525276e-09,-1.0,0.108806945,0.6404651,1.0354555,nan,6,3.8654087,3.8654087,3.8654087,3.8654087,3.8654087,3.8654087,0.0,0.0,0.0,0.0,0.0,0.0,0.0,0.0,0.0,0.0,0.0,0.0,0.0,0.0,0,0,0,0,0,0,0,0,0,0,0,1,0,0,1,0,0
624728977,23.22084,23.190914,0.0,1.1794008e-09,-1.0,0.108806945,0.6405681,1.0354449,nan,6,3.8651524,3.8651524,3.8651524,3.8651524,3.8651524,3.8651524,0.0,0.0,0.0,0.0,0.0,0.0,0.0,0.0,0.0,0.0,0.0,0.0,0.0,0.0,0,0,0,0,0,0,0,0,0,0,0,1,0,0,1,0,0
624928878,23.254562,23.188482,0.0,7.937029e-10,-1.0,0.108806945,0.6400235,1.0355005,nan,6,3.864747,3.864747,3.864747,3.864747,3.864747,3.864747,0.0,0.0,0.0,0.0,0.0,0.0,0.0,0.0,0.0,0.0,0.0,0.0,0.0,0.0,0,0,0,0,0,0,0,0,0,0,0,1,0,0,1,0,0
625138877,22.995722,23.17526,0.0,5.2366594e-10,-1.0,0.108806945,0.63521796,1.0359915,nan,6,3.8625433,3.8625433,3.8625433,3.8625433,3.8625433,3.8625433,0.0,0.0,0.0,0.0,0.0,0.0,0.0,0.0,0.0,0.0,0.0,0.0,0.0,0.0,0,0,0,0,0,0,0,0,0,0,0,1,0,0,1,0,0
625338876,23.186207,23.1503,0.0,3.5241218e-10,-1.0,0.108806945,0.62562114,1.0369735,nan,6,3.8583832,3.8583832,3.8583832,3.8583832,3.8583832,3.8583832,0.0,0.0,0.0,0.0,0.0,0.0,0.0,0.0,0.0,0.0,0.0,0.0,0.0,0.0,0,0,0,0,0,0,0,0,0,0,0,1,0,0,1,0,0
625528954,23.056786,23.124496,0.0,0.0004486635,-1.0,0.10887309,0.6153129,1.0380301,nan,6,3.8540828,3.8540828,3.8540828,3.8540828,3.8540828,3.8540828,0.0,0.0,0.0,0.0,0.0,0.0,0.0,0.0,0.0,0.0,0.0,0.0,0.0,0.0,0,0,0,0,0,0,0,0,0,0,0,1,0,0,1,0,0
625728878,22.965645,23.091036,0.0,0.00030193763,-1.0,0.10887309,0.6018327,1.0394154,nan,6,3.848506,3.848506,3.848506,3.848506,3.848506,3.848506,0.0,0.0,0.0,0.0,0.0,0.0,0.0,0.0,0.0,0.0,0.0,0.0,0.0,0.0,0,0,0,0,0,0,0,0,0,0,0,1,0,0,1,0,0
625928877,23.137903,23.051447,0.0,0.00261807,-1.0,0.10931564,0.5858863,1.0410588,nan,6,3.8419077,3.8419077,3.8419077,3.8419077,3.8419077,3.8419077,0.0,0.0,0.0,0.0,0.0,0.0,0.0,0.0,0.0,0.0,0.0,0.0,0.0,0.0,0,0,0,0,0,0,0,0,0,0,0,1,0,0,1,0,0
626128877,22.733236,22.983759,0.0,0.0032546436,-1.0,0.10954452,0.55836326,1.0439074,nan,6,3.8306265,3.8306265,3.8306265,3.8306265,3.8306265,3.8306265,0.0,0.0,0.0,0.0,0.0,0.0,0.0,0.0,0.0,0.0,0.0,0.0,0.0,0.0,0,0,0,0,0,0,0,0,0,0,0,1,0,0,1,0,0
626328880,21.760765,22.883812,0.0,0.02269289,-1.0,0.11278499,0.517299,1.0481868,nan,6,3.8139687,3.8139687,3.8139687,3.8139687,3.8139687,3.8139687,0.0,0.0,0.0,0.0,0.0,0.0,0.0,0.0,0.0,0.0,0.0,0.0,0.0,0.0,0,0,0,0,0,0,0,0,0,0,0,1,0,0,1,0,0
626538983,21.562078,22.802282,0.0,0.09200258,-1.0,0.12634367,0.4839719,1.0516856,nan,6,3.8003805,3.8003805,3.8003805,3.8003805,3.8003805,3.8003805,0.0,0.0,0.0,0.0,0.0,0.0,0.0,0.0,0.0,0.0,0.0,0.0,0.0,0.0,0,0,0,0,0,0,0,0,0,0,0,1,0,0,1,0,0
626739315,20.98151,22.624105,0.0,0.11365189,-1.0,0.13545355,0.41041118,1.0594919,nan,6,3.7706842,3.7706842,3.7706842,3.7706842,3.7706842,3.7706842,0.0,0.0,0.0,0.0,0.0,0.0,0.0,0.0,0.0,0.0,0.0,0.0,0.0,0.0,0,0,0,0,0,0,0,0,0,0,0,1,0,0,1,0,0
626938893,21.645927,22.441282,0.0,0.07726418,-1.0,0.13559115,0.3348449,1.0676324,nan,6,3.7402136,3.7402136,3.7402136,3.7402136,3.7402136,3.7402136,0.0,0.0,0.0,0.0,0.0,0.0,0.0,0.0,0.0,0.0,0.0,0.0,0.0,0.0,0,0,0,0,0,0,0,0,0,0,0,1,0,0,1,0,0
627128879,20.547682,22.221878,0.0,0.07329362,-1.0,0.1389542,0.24428399,1.0775548,nan,6,3.7036464,3.7036464,3.7036464,3.7036464,3.7036464,3.7036464,0.0,0.0,0.0,0.0,0.0,0.0,0.0,0.0,0.0,0.0,0.0,0.0,0.0,0.0,0,0,0,0,0,0,0,0,0,0,0,1,0,0,1,0,1
627328877,19.982609,21.975662,0.0,0.07144606,-1.0,0.14277402,0.14171822,1.0890175,nan,6,3.6626103,3.6626103,3.6626103,3.6626103,3.6626103,3.6626103,0.0,0.0,0.0,0.0,0.0,0.0,0.0,0.0,0.0,0.0,0.0,0.0,0.0,0.0,0,0,0,0,0,0,0,0,0,0,0,1,0,0,1,0,2
627528899,19.618046,21.79549,0.0,0.052824806,-1.0,0.1435015,0.067717865,1.0974404,nan,6,3.6325817,3.6325817,3.6325817,3.6325817,3.6325817,3.6325817,0.0,0.0,0.0,0.0,0.0,0.0,0.0,0.0,0.0,0.0,0.0,0.0,0.0,0.0,0,0,0,0,0,0,0,0,0,0,0,1,0,0,1,0,3
627728878,22.178188,21.671196,0.55120623,0.047398046,-1.0,0.14523123,0.01408608,1.1036267,nan,6,3.611866,3.611866,3.611866,3.611866,3.611866,3.611866,0.0,0.0,0.0,0.0,0.0,0.0,0.0,0.0,0.0,0.0,0.0,0.0,0.0,0.0,0,0,0,0,0,0,0,0,0,0,0,1,0,0,1,0,3
627938876,21.057158,21.55337,0.0,0.03766451,-1.0,0.14629436,0.0,1.1052631,nan,6,3.5922282,3.5922282,3.5922282,3.5922282,3.5922282,3.5922282,0.0,0.0,0.0,0.0,0.0,0.0,0.0,0.0,0.0,0.0,0.0,0.0,0.0,0.0,0,0,0,0,0,0,0,0,0,0,0,1,0,0,1,0,3
628138893,19.84225,21.407724,0.0,0.027674682,-1.0,0.14666614,0.0,1.1052631,nan,6,3.567954,3.567954,3.567954,3.567954,3.567954,3.567954,0.0,0.0,0.0,0.0,0.0,0.0,0.0,0.0,0.0,0.0,0.0,0.0,0.0,0.0,0,0,0,0,0,0,0,0,0,0,0,1,0,0,1,0,3
628339257,22.574652,21.370275,0.0,0.028557558,-1.0,0.14811683,0.0,1.1052631,nan,6,3.5617125,3.5617125,3.5617125,3.5617125,3.5617125,3.5617125,0.0,0.0,0.0,0.0,0.0,0.0,0.0,0.0,0.0,0.0,0.0,0.0,0.0,0.0,0,0,0,0,0,0,0,0,0,0,0,1,0,0,1,0,3
628529901,20.748192,21.382261,0.0,0.030531464,-1.0,0.14993134,0.0,1.1052631,nan,6,3.5637102,3.5637102,3.5637102,3.5637102,3.5637102,3.5637102,0.0,0.0,0.0,0.0,0.0,0.0,0.0,0.0,0.0,0.0,0.0,0.0,0.0,0.0,0,0,0,0,0,0,0,0,0,0,0,1,0,0,1,0,3
628728878,20.341703,21.37772,0.0,0.039827283,-1.0,0.15317991,0.0,1.1052631,nan,6,3.5629532,3.5629532,3.5629532,3.5629532,3.5629532,3.5629532,0.0,0.0,0.0,0.0,0.0,0.0,0.0,0.0,0.0,0.0,0.0,0.0,0.0,0.0,0,0,0,0,0,0,0,0,0,0,0,1,0,0,1,0,3
628928880,21.305061,21.472471,0.0,0.04058132,-1.0,0.15558551,0.0,1.1052631,nan,6,3.5787451,3.5787451,3.5787451,3.5787451,3.5787451,3.5787451,0.0,0.0,0.0,0.0,0.0,0.0,0.0,0.0,0.0,0.0,0.0,0.0,0.0,0.0,0,0,0,0,0,0,0,0,0,0,0,1,0,0,1,0,3
629129215,22.227406,21.449112,0.0,0.039008,-1.0,0.1574411,0.0,1.1052631,nan,6,3.574852,3.574852,3.574852,3.574852,3.574852,3.574852,0.0,0.0,0.0,0.0,0.0,0.0,0.0,0.0,0.0,0.0,0.0,0.0,0.0,0.0,0,0,0,0,0,0,0,0,0,0,0,1,0,0,1,0,3
629339698,20.826572,21.427872,0.0,0.025736542,-1.0,0.1574411,0.0,1.1052631,nan,6,3.571312,3.571312,3.571312,3.571312,3.571312,3.571312,0.0,0.0,0.0,0.0,0.0,0.0,0.0,0.0,0.0,0.0,0.0,0.0,0.0,0.0,0,0,0,0,0,0,0,0,0,0,0,1,0,0,1,0,3
629538886,22.643007,21.572609,0.0,0.08266941,-1.0,0.1676631,0.0,1.1052631,nan,6,3.595435,3.595435,3.595435,3.595435,3.595435,3.595435,0.0,0.0,0.0,0.0,0.0,0.0,0.0,0.0,0.0,0.0,0.0,0.0,0.0,0.0,0,0,0,0,0,0,0,0,0,0,0,1,0,0,1,0,3
629728877,20.626974,21.53152,0.0,0.07496628,-1.0,0.17051063,0.0,1.1052631,nan,6,3.5885868,3.5885868,3.5885868,3.5885868,3.5885868,3.5885868,0.0,0.0,0.0,0.0,0.0,0.0,0.0,0.0,0.0,0.0,0.0,0.0,0.0,0.0,0,0,0,0,0,0,0,0,0,0,0,1,0,0,1,0,3
629928876,22.734148,21.529634,0.0,0.05328031,-1.0,0.17103739,0.0,1.1052631,nan,6,3.5882723,3.5882723,3.5882723,3.5882723,3.5882723,3.5882723,0.0,0.0,0.0,0.0,0.0,0.0,0.0,0.0,0.0,0.0,0.0,0.0,0.0,0.0,0,0,0,0,0,0,0,0,0,0,0,1,0,0,1,0,3
630129439,23.29193,21.4998,2.248775,0.079949744,-1.0,0.17763504,0.0,1.1052631,nan,6,3.5832999,3.5832999,3.5832999,3.5832999,3.5832999,3.5832999,0.0,0.0,0.0,0.0,0.0,0.0,0.0,0.0,0.0,0.0,0.0,0.0,0.0,0.0,0,0,0,0,0,0,0,0,0,0,0,1,0,0,1,0,3
630329523,21.008854,21.475718,0.0,0.053803883,-1.0,0.17763504,0.0,1.1052631,nan,6,3.5792863,3.5792863,3.5792863,3.5792863,3.5792863,3.5792863,0.0,0.0,0.0,0.0,0.0,0.0,0.0,0.0,0.0,0.0,0.0,0.0,0.0,0.0,0,0,0,0,0,0,0,0,0,0,0,1,0,0,1,0,3
630529454,23.173447,21.589918,0.0,0.036208466,-1.0,0.17763504,0.0,1.1052631,nan,6,3.5983198,3.5983198,3.5983198,3.5983198,3.5983198,3.5983198,0.0,0.0,0.0,0.0,0.0,0.0,0.0,0.0,0.0,0.0,0.0,0.0,0.0,0.0,0,0,0,0,0,0,0,0,0,0,0,1,0,0,1,0,3
630738878,23.575378,21.983044,0.0,0.02388947,-1.0,0.17763504,0.0,1.1052631,nan,6,3.6638405,3.6638405,3.6638405,3.6638405,3.6638405,3.6638405,0.0,0.0,0.0,0.0,0.0,0.0,0.0,0.0,0.0,0.0,0.0,0.0,0.0,0.0,0,0,0,0,0,0,0,0,0,0,0,1,0,0,1,0,3
630938877,22.310343,22.150246,0.0,0.018233804,-1.0,0.17798607,0.0,1.1052631,nan,6,3.6917076,3.6917076,3.6917076,3.6917076,3.6917076,3.6917076,0.0,0.0,0.0,0.0,0.0,0.0,0.0,0.0,0.0,0.0,0.0,0.0,0.0,0.0,0,0,0,0,0,0,0,0,0,0,0,1,0,0,1,0,3
631128877,21.837324,22.216858,0.0,0.031223547,-1.0,0.18090817,0.0,1.1052631,nan,6,3.7028096,3.7028096,3.7028096,3.7028096,3.7028096,3.7028096,0.0,0.0,0.0,0.0,0.0,0.0,0.0,0.0,0.0,0.0,0.0,0.0,0.0,0.0,0,0,0,0,0,0,0,0,0,0,0,1,0,0,1,0,3
631328880,22.147202,22.317368,0.0,0.06442626,-1.0,0.18869755,0.0,1.1052631,nan,6,3.7195613,3.7195613,3.7195613,3.7195613,3.7195613,3.7195613,0.0,0.0,0.0,0.0,0.0,0.0,0.0,0.0,0.0,0.0,0.0,0.0,0.0,0.0,0,0,0,0,0,0,0,0,0,0,0,1,0,0,1,0,3
631528984,22.873594,22.35352,0.0,0.07171754,-1.0,0.19396959,0.0,1.1052631,nan,6,3.7255867,3.7255867,3.7255867,3.7255867,3.7255867,3.7255867,0.0,0.0,0.0,0.0,0.0,0.0,0.0,0.0,0.0,0.0,0.0,0.0,0.0,0.0,0,0,0,0,0,0,0,0,0,0,0,1,0,0,1,0,3
631728877,22.363207,22.40654,0.0,0.059841026,-1.0,0.19568346,0.0,1.1052631,nan,6,3.7344234,3.7344234,3.7344234,3.7344234,3.7344234,3.7344234,0.0,0.0,0.0,0.0,0.0,0.0,0.0,0.0,0.0,0.0,0.0,0.0,0.0,0.0,0,0,0,0,0,0,0,0,0,0,0,1,0,0,1,0,3
631930095,23.25183,22.513186,0.0,0.055087484,-1.0,0.19861972,0.0,1.1052631,nan,6,3.7521975,3.7521975,3.7521975,3.7521975,3.7521975,3.7521975,0.0,0.0,0.0,0.0,0.0,0.0,0.0,0.0,0.0,0.0,0.0,0.0,0.0,0.0,0,0,0,0,0,0,0,0,0,0,0,1,0,0,1,0,3
632138917,22.303051,22.549416,0.0,0.03751881,-1.0,0.19879282,0.0,1.1052631,nan,6,3.758236,3.758236,3.758236,3.758236,3.758236,3.758236,0.0,0.0,0.0,0.0,0.0,0.0,0.0,0.0,0.0,0.0,0.0,0.0,0.0,0.0,0,0,0,0,0,0,0,0,0,0,0,1,0,0,1,0,3
632340963,22.190948,22.603046,0.0,0.052910764,-1.0,0.20409556,0.0,1.1052631,nan,6,3.7671745,3.7671745,3.7671745,3.7671745,3.7671745,3.7671745,0.0,0.0,0.0,0.0,0.0,0.0,0.0,0.0,0.0,0.0,0.0,0.0,0.0,0.0,0,0,0,0,0,0,0,0,0,0,0,1,0,0,1,0,3
632539165,22.769693,22.661776,0.0,0.03572526,-1.0,0.20411614,0.0,1.1052631,nan,6,3.7769625,3.7769625,3.7769625,3.7769625,3.7769625,3.7769625,0.0,0.0,0.0,0.0,0.0,0.0,0.0,0.0,0.0,0.0,0.0,0.0,0.0,0.0,0,0,0,0,0,0,0,0,0,0,0,1,0,0,1,0,3
632728878,22.416977,22.721134,0.0,0.040207643,-1.0,0.20627399,0.0,1.1052631,nan,6,3.7868557,3.7868557,3.7868557,3.7868557,3.7868557,3.7868557,0.0,0.0,0.0,0.0,0.0,0.0,0.0,0.0,0.0,0.0,0.0,0.0,0.0,0.0,0,0,0,0,0,0,0,0,0,0,0,1,0,0,1,0,3
632928877,22.740528,22.790556,0.0,0.09552109,-1.0,0.2179919,0.0120518925,1.1038628,nan,6,3.798426,3.798426,3.798426,3.798426,3.798426,3.798426,0.0,0.0,0.0,0.0,0.0,0.0,0.0,0.0,0.0,0.0,0.0,0.0,0.0,0.0,0,0,0,0,0,0,0,0,0,0,0,1,0,0,1,0,3
633128880,23.747633,22.828516,0.40836874,0.07229019,-1.0,0.2191266,0.024983715,1.1023641,nan,6,3.8047526,3.8047526,3.8047526,3.8047526,3.8047526,3.8047526,0.0,0.0,0.0,0.0,0.0,0.0,0.0,0.0,0.0,0.0,0.0,0.0,0.0,0.0,0,0,0,0,0,0,0,0,0,0,0,1,0,0,1,0,3
633328877,23.274614,22.909008,0.0,0.05719408,-1.0,0.2207272,0.05615742,1.098768,nan,6,3.818168,3.818168,3.818168,3.818168,3.818168,3.818168,0.0,0.0,0.0,0.0,0.0,0.0,0.0,0.0,0.0,0.0,0.0,0.0,0.0,0.0,0,0,0,0,0,0,0,0,0,0,0,1,0,0,1,0,3
633538876,21.963097,22.912945,0.0,0.047235586,-1.0,0.22230096,0.05577309,1.0988121,nan,6,3.818824,3.818824,3.818824,3.818824,3.818824,3.818824,0.0,0.0,0.0,0.0,0.0,0.0,0.0,0.0,0.0,0.0,0.0,0.0,0.0,0.0,0,0,0,0,0,0,0,0,0,0,0,1,0,0,1,0,3
633738878,22.617487,22.922045,0.0,0.031788196,-1.0,0.22230096,0.057993244,1.098557,nan,6,3.8203409,3.8203409,3.8203409,3.8203409,3.8203409,3.8203409,0.0,0.0,0.0,0.0,0.0,0.0,0.0,0.0,0.0,0.0,0.0,0.0,0.0,0.0,0,0,0,0,0,0,0,0,0,0,0,1,0,0,1,0,3
633928877,23.05952,22.935122,0.0,0.072684206,-1.0,0.23139131,0.062211346,1.0980723,nan,6,3.8225203,3.8225203,3.8225203,3.8225203,3.8225203,3.8225203,0.0,0.0,0.0,0.0,0.0,0.0,0.0,0.0,0.0,0.0,0.0,0.0,0.0,0.0,0,0,0,0,0,0,0,0,0,0,0,1,0,0,1,0,3
634139255,23.088686,22.95704,0.0,0.05712624,-1.0,0.232873,0.07022984,1.0971524,nan,6,3.8261735,3.8261735,3.8261735,3.8261735,3.8261735,3.8261735,0.0,0.0,0.0,0.0,0.0,0.0,0.0,0.0,0.0,0.0,0.0,0.0,0.0,0.0,0,0,0,0,0,0,0,0,0,0,0,1,0,0,1,0,3
634331111,23.13608,22.966452,0.2344,0.06298572,-1.0,0.23659691,0.07332452,1.0967976,nan,6,3.8277419,3.8277419,3.8277419,3.8277419,3.8277419,3.8277419,0.0,0.0,0.0,0.0,0.0,0.0,0.0,0.0,0.0,0.0,0.0,0.0,0.0,0.0,0,0,0,0,0,0,0,0,0,0,0,1,0,0,1,0,3
634529717,24.650839,22.973995,1.4466875,0.0721294,-1.0,0.24016039,0.07575162,1.0965196,nan,6,3.8289993,3.8289993,3.8289993,3.8289993,3.8289993,3.8289993,0.0,0.0,0.0,0.0,0.0,0.0,0.0,0.0,0.0,0.0,0.0,0.0,0.0,0.0,0,0,0,0,0,0,0,0,0,0,0,1,0,0,1,0,3
634728938,23.319271,22.970974,0.0,0.05657098,-1.0,0.24185057,0.073905304,1.0967312,nan,6,3.8284957,3.8284957,3.8284957,3.8284957,3.8284957,3.8284957,0.0,0.0,0.0,0.0,0.0,0.0,0.0,0.0,0.0,0.0,0.0,0.0,0.0,0.0,0,0,0,0,0,0,0,0,0,0,0,1,0,0,1,0,3
634938876,22.747818,22.971157,0.0,0.05846788,-1.0,0.24530974,0.07347901,1.09678,nan,6,3.8285263,3.8285263,3.8285263,3.8285263,3.8285263,3.8285263,0.0,0.0,0.0,0.0,0.0,0.0,0.0,0.0,0.0,0.0,0.0,0.0,0.0,0.0,0,0,0,0,0,0,0,0,0,0,0,1,0,0,1,0,3
635138903,22.277533,22.96499,0.0,0.049480908,-1.0,0.24680513,0.07051976,1.0971191,nan,6,3.8274984,3.8274984,3.8274984,3.8274984,3.8274984,3.8274984,0.0,0.0,0.0,0.0,0.0,0.0,0.0,0.0,0.0,0.0,0.0,0.0,0.0,0.0,0,0,0,0,0,0,0,0,0,0,0,1,0,0,1,0,3
635328877,24.168703,22.987675,0.66840625,0.072497845,-1.0,0.2533456,0.0796655,1.0960717,nan,6,3.831279,3.831279,3.831279,3.831279,3.831279,3.831279,0.0,0.0,0.0,0.0,0.0,0.0,0.0,0.0,0.0,0.0,0.0,0.0,0.0,0.0,0,0,0,0,0,0,0,0,0,0,0,1,0,0,1,0,3
635528881,23.651024,22.990358,0.0,0.04965979,-1.0,0.25351545,0.080519035,1.095974,nan,6,3.8317263,3.8317263,3.8317263,3.8317263,3.8317263,3.8317263,0.0,0.0,0.0,0.0,0.0,0.0,0.0,0.0,0.0,0.0,0.0,0.0,0.0,0.0,0,0,0,0,0,0,0,0,0,0,0,1,0,0,1,0,3
635728877,23.239067,23.000635,0.0,0.069403,-1.0,0.25899228,0.084583595,1.0955092,nan,6,3.833439,3.833439,3.833439,3.833439,3.833439,3.833439,0.0,0.0,0.0,0.0,0.0,0.0,0.0,0.0,0.0,0.0,0.0,0.0,0.0,0.0,0,0,0,0,0,0,0,0,0,0,0,1,0,0,1,0,3
635938882,23.17527,23.0391,0.0,0.05227129,-1.0,0.26002735,0.10042508,1.0937016,nan,6,3.8398502,3.8398502,3.8398502,3.8398502,3.8398502,3.8398502,0.0,0.0,0.0,0.0,0.0,0.0,0.0,0.0,0.0,0.0,0.0,0.0,0.0,0.0,0,0,0,0,0,0,0,0,0,0,0,1,0,0,1,0,2
636129025,23.458715,23.084095,0.0,0.04692703,-1.0,0.26177514,0.11903508,1.0915855,nan,6,3.8473492,3.8473492,3.8473492,3.8473492,3.8473492,3.8473492,0.0,0.0,0.0,0.0,0.0,0.0,0.0,0.0,0.0,0.0,0.0,0.0,0.0,0.0,0,0,0,0,0,0,0,0,0,0,0,1,0,0,1,0,2
636339263,23.24727,23.076567,0.0,0.043858413,-1.0,0.2641626,0.115773514,1.0919558,nan,6,3.8460944,3.8460944,3.8460944,3.8460944,3.8460944,3.8460944,0.0,0.0,0.0,0.0,0.0,0.0,0.0,0.0,0.0,0.0,0.0,0.0,0.0,0.0,0,0,0,0,0,0,0,0,0,0,0,1,0,0,1,0,2
636540017,23.152485,23.089895,0.0,0.03021702,-1.0,0.26426926,0.12123044,1.0913365,nan,6,3.848316,3.848316,3.848316,3.848316,3.848316,3.848316,0.0,0.0,0.0,0.0,0.0,0.0,0.0,0.0,0.0,0.0,0.0,0.0,0.0,0.0,0,0,0,0,0,0,0,0,0,0,0,1,0,0,1,0,2
636730191,22.992989,23.127245,0.0,0.025383083,-1.0,0.2651112,0.1367162,1.0895827,nan,6,3.8545408,3.8545408,3.8545408,3.8545408,3.8545408,3.8545408,0.0,0.0,0.0,0.0,0.0,0.0,0.0,0.0,0.0,0.0,0.0,0.0,0.0,0.0,0,0,0,0,0,0,0,0,0,0,0,1,0,0,1,0,2
636928882,23.67381,23.21655,0.0,0.037286762,-1.0,0.26849714,0.17386182,1.0853989,nan,6,3.869425,3.869425,3.869425,3.869425,3.869425,3.869425,0.0,0.0,0.0,0.0,0.0,0.0,0.0,0.0,0.0,0.0,0.0,0.0,0.0,0.0,0,0,0,0,0,0,0,0,0,0,0,1,0,0,1,0,2
637129100,23.766773,23.279491,0.0,0.041978497,-1.0,0.27150485,0.2000335,1.0824705,nan,6,3.8799152,3.8799152,3.8799152,3.8799152,3.8799152,3.8799152,0.0,0.0,0.0,0.0,0.0,0.0,0.0,0.0,0.0,0.0,0.0,0.0,0.0,0.0,0,0,0,0,0,0,0,0,0,0,0,1,0,0,1,0,1
637328876,23.892548,23.323784,0.212425,0.03501728,-1.0,0.27250203,0.21844418,1.0804199,nan,6,3.8872974,3.8872974,3.8872974,3.8872974,3.8872974,3.8872974,0.0,0.0,0.0,0.0,0.0,0.0,0.0,0.0,0.0,0.0,0.0,0.0,0.0,0.0,0,0,0,0,0,0,0,0,0,0,0,1,0,0,1,0,1
637528877,23.314714,23.339924,0.0,0.053078067,-1.0,0.27775156,0.22513326,1.0796766,nan,6,3.8899872,3.8899872,3.8899872,3.8899872,3.8899872,3.8899872,0.0,0.0,0.0,0.0,0.0,0.0,0.0,0.0,0.0,0.0,0.0,0.0,0.0,0.0,0,0,0,0,0,0,0,0,0,0,0,1,0,0,1,0,1
637738877,22.836226,23.350264,0.0,0.050416112,-1.0,0.2803751,0.22941048,1.079202,nan,6,3.8917105,3.8917105,3.8917105,3.8917105,3.8917105,3.8917105,0.0,0.0,0.0,0.0,0.0,0.0,0.0,0.0,0.0,0.0,0.0,0.0,0.0,0.0,0,0,0,0,0,0,0,0,0,0,0,1,0,0,1,0,1
637938877,22.725033,23.340775,0.0,0.046483204,-1.0,0.28250465,0.22543176,1.0796435,nan,6,3.890129,3.890129,3.890129,3.890129,3.890129,3.890129,0.0,0.0,0.0,0.0,0.0,0.0,0.0,0.0,0.0,0.0,0.0,0.0,0.0,0.0,0,0,0,0,0,0,0,0,0,0,0,1,0,0,1,0,1
638128879,23.259119,23.306757,0.0,0.037895318,-1.0,0.2835322,0.21123917,1.0812215,nan,6,3.8844595,3.8844595,3.8844595,3.8844595,3.8844595,3.8844595,0.0,0.0,0.0,0.0,0.0,0.0,0.0,0.0,0.0,0.0,0.0,0.0,0.0,0.0,0,0,0,0,0,0,0,0,0,0,0,1,0,0,1,0,1
638339504,22.809795,23.303257,0.0,0.0521726,-1.0,0.28802514,0.20976384,1.0813857,nan,6,3.883876,3.883876,3.883876,3.883876,3.883876,3.883876,0.0,0.0,0.0,0.0,0.0,0.0,0.0,0.0,0.0,0.0,0.0,0.0,0.0,0.0,0,0,0,0,0,0,0,0,0,0,0,1,0,0,1,0,1
638529811,22.791567,23.296843,0.0,0.043145422,-1.0,0.289097,0.2070783,1.0816848,nan,6,3.882807,3.882807,3.882807,3.882807,3.882807,3.882807,0.0,0.0,0.0,0.0,0.0,0.0,0.0,0.0,0.0,0.0,0.0,0.0,0.0,0.0,0,0,0,0,0,0,0,0,0,0,0,1,0,0,1,0,1
638728899,23.38945,23.32231,0.0,0.05455529,-1.0,0.29325062,0.21767934,1.0805049,nan,6,3.8870516,3.8870516,3.8870516,3.8870516,3.8870516,3.8870516,0.0,0.0,0.0,0.0,0.0,0.0,0.0,0.0,0.0,0.0,0.0,0.0,0.0,0.0,0,0,0,0,0,0,0,0,0,0,0,1,0,0,1,0,1
638928877,22.629335,23.29931,0.0,0.06300435,-1.0,0.29729933,0.20808728,1.0815725,nan,6,3.8832185,3.8832185,3.8832185,3.8832185,3.8832185,3.8832185,0.0,0.0,0.0,0.0,0.0,0.0,0.0,0.0,0.0,0.0,0.0,0.0,0.0,0.0,0,0,0,0,0,0,0,0,0,0,0,1,0,0,1,0,1
639138878,23.483324,23.296856,0.0,0.054536104,-1.0,0.2993691,0.20705731,1.0816872,nan,6,3.8828094,3.8828094,3.8828094,3.8828094,3.8828094,3.8828094,0.0,0.0,0.0,0.0,0.0,0.0,0.0,0.0,0.0,0.0,0.0,0.0,0.0,0.0,0,0,0,0,0,0,0,0,0,0,0,1,0,0,1,0,1
639328877,23.446869,23.272873,0.0,0.0583663,-1.0,0.30307394,0.19705804,1.0828027,nan,6,3.878812,3.878812,3.878812,3.878812,3.878812,3.878812,0.0,0.0,0.0,0.0,0.0,0.0,0.0,0.0,0.0,0.0,0.0,0.0,0.0,0.0,0,0,0,0,0,0,0,0,0,0,0,1,0,0,1,0,2
639539594,23.131521,23.30114,0.0,0.060007818,-1.0,0.3068335,0.2088302,1.0814897,nan,6,3.8835232,3.8835232,3.8835232,3.8835232,3.8835232,3.8835232,0.0,0.0,0.0,0.0,0.0,0.0,0.0,0.0,0.0,0.0,0.0,0.0,0.0,0.0,0,0,0,0,0,0,0,0,0,0,0,1,0,0,1,0,1
639728880,23.821459,23.300976,0.0,0.041191213,-1.0,0.3068335,0.20875867,1.0814977,nan,6,3.883496,3.883496,3.883496,3.883496,3.883496,3.883496,0.0,0.0,0.0,0.0,0.0,0.0,0.0,0.0,0.0,0.0,0.0,0.0,0.0,0.0,0,0,0,0,0,0,0,0,0,0,0,1,0,0,1,0,1
639939049,23.404943,23.363472,0.0,0.035108358,-1.0,0.3082833,0.23479493,1.0786052,nan,6,3.893912,3.893912,3.893912,3.893912,3.893912,3.893912,0.0,0.0,0.0,0.0,0.0,0.0,0.0,0.0,0.0,0.0,0.0,0.0,0.0,0.0,0,0,0,0,0,0,0,0,0,0,0,1,0,0,1,0,1
640128879,23.560795,23.426916,0.0,0.02409946,-1.0,0.3082833,0.2612279,1.0756843,nan,6,3.904486,3.904486,3.904486,3.904486,3.904486,3.904486,0.0,0.0,0.0,0.0,0.0,0.0,0.0,0.0,0.0,0.0,0.0,0.0,0.0,0.0,0,0,0,0,0,0,0,0,0,0,0,1,0,0,1,0,1
640329143,24.072096,23.49276,0.0,0.019313047,-1.0,0.3088732,0.28866035,1.0726697,nan,6,3.9154599,3.9154599,3.9154599,3.9154599,3.9154599,3.9154599,0.0,0.0,0.0,0.0,0.0,0.0,0.0,0.0,0.0,0.0,0.0,0.0,0.0,0.0,0,0,0,0,0,0,0,0,0,0,0,1,0,0,1,0,1
640539858,23.633707,23.538628,0.0,0.016069328,-1.0,0.30946887,0.30777007,1.0705798,nan,6,3.9231045,3.9231045,3.9231045,3.9231045,3.9231045,3.9231045,0.0,0.0,0.0,0.0,0.0,0.0,0.0,0.0,0.0,0.0,0.0,0.0,0.0,0.0,0,0,0,0,0,0,0,0,0,0,0,1,0,0,1,0,0
640738895,23.634619,23.569832,0.0,0.010814197,-1.0,0.30946887,0.32077056,1.0691625,nan,6,3.9283054,3.9283054,3.9283054,3.9283054,3.9283054,3.9283054,0.0,0.0,0.0,0.0,0.0,0.0,0.0,0.0,0.0,0.0,0.0,0.0,0.0,0.0,0,0,0,0,0,0,0,0,0,0,0,1,0,0,1,0,0
640938902,23.56444,23.57156,0.0,0.01032287,-1.0,0.30992663,0.32148868,1.0690844,nan,6,3.9285934,3.9285934,3.9285934,3.9285934,3.9285934,3.9285934,0.0,0.0,0.0,0.0,0.0,0.0,0.0,0.0,0.0,0.0,0.0,0.0,0.0,0.0,0,0,0,0,0,0,0,0,0,0,0,1,0,0,1,0,0
641128877,23.483324,23.550909,0.0,0.022080952,-1.0,0.31249502,0.31288368,1.0700217,nan,6,3.9251516,3.9251516,3.9251516,3.9251516,3.9251516,3.9251516,0.0,0.0,0.0,0.0,0.0,0.0,0.0,0.0,0.0,0.0,0.0,0.0,0.0,0.0,0,0,0,0,0,0,0,0,0,0,0,1,0,0,1,0,0
641328877,22.796125,23.520164,0.0,0.03630051,-1.0,0.31635562,0.30007297,1.0714206,nan,6,3.9200275,3.9200275,3.9200275,3.9200275,3.9200275,3.9200275,0.0,0.0,0.0,0.0,0.0,0.0,0.0,0.0,0.0,0.0,0.0,0.0,0.0,0.0,0,0,0,0,0,0,0,0,0,0,0,1,0,0,1,0,0
641528877,23.656492,23.490356,0.0,0.031690296,-1.0,0.31781575,0.28765136,1.0727803,nan,6,3.9150593,3.9150593,3.9150593,3.9150593,3.9150593,3.9150593,0.0,0.0,0.0,0.0,0.0,0.0,0.0,0.0,0.0,0.0,0.0,0.0,0.0,0.0,0,0,0,0,0,0,0,0,0,0,0,1,0,0,1,0,1
641728991,23.944498,23.468264,0.0,0.0269913,-1.0,0.31888416,0.27844554,1.0737903,nan,6,3.9113772,3.9113772,3.9113772,3.9113772,3.9113772,3.9113772,0.0,0.0,0.0,0.0,0.0,0.0,0.0,0.0,0.0,0.0,0.0,0.0,0.0,0.0,0,0,0,0,0,0,0,0,0,0,0,1,0,0,1,0,1
641938879,23.942675,23.496464,0.0,0.038543276,-1.0,0.3228988,0.29019576,1.0725015,nan,6,3.9160774,3.9160774,3.9160774,3.9160774,3.9160774,3.9160774,0.0,0.0,0.0,0.0,0.0,0.0,0.0,0.0,0.0,0.0,0.0,0.0,0.0,0.0,0,0,0,0,0,0,0,0,0,0,0,1,0,0,1,0,1
642139156,23.207169,23.511204,0.0,0.025938515,-1.0,0.3228988,0.29633743,1.0718291,nan,6,3.918534,3.918534,3.918534,3.918534,3.918534,3.918534,0.0,0.0,0.0,0.0,0.0,0.0,0.0,0.0,0.0,0.0,0.0,0.0,0.0,0.0,0,0,0,0,0,0,0,0,0,0,0,1,0,0,1,0,1
642339678,24.091234,23.572958,0.0,0.027724328,-1.0,0.32484022,0.32206756,1.0690213,nan,6,3.9288263,3.9288263,3.9288263,3.9288263,3.9288263,3.9288263,0.0,0.0,0.0,0.0,0.0,0.0,0.0,0.0,0.0,0.0,0.0,0.0,0.0,0.0,0,0,0,0,0,0,0,0,0,0,0,1,0,0,1,0,0
642530205,24.053867,23.612131,0.0,0.019030832,-1.0,0.32484022,0.3383897,1.0672479,nan,6,3.9353552,3.9353552,3.9353552,3.9353552,3.9353552,3.9353552,0.0,0.0,0.0,0.0,0.0,0.0,0.0,0.0,0.0,0.0,0.0,0.0,0.0,0.0,0,0,0,0,0,0,0,0,0,0,0,1,0,0,1,0,0
642728898,24.016499,23.652054,0.0,0.012807206,-1.0,0.32484022,0.35502368,1.0654464,nan,6,3.942009,3.942009,3.942009,3.942009,3.942009,3.942009,0.0,0.0,0.0,0.0,0.0,0.0,0.0,0.0,0.0,0.0,0.0,0.0,0.0,0.0,0,0,0,0,0,0,0,0,0,0,0,1,0,0,1,0,0
642928877,23.827837,23.673304,0.0,0.010077033,-1.0,0.32513472,0.3638776,1.0644901,nan,6,3.9455507,3.9455507,3.9455507,3.9455507,3.9455507,3.9455507,0.0,0.0,0.0,0.0,0.0,0.0,0.0,0.0,0.0,0.0,0.0,0.0,0.0,0.0,0,0,0,0,0,0,0,0,0,0,0,1,0,0,1,0,0
643128876,23.58358,23.664017,0.0,0.032344256,-1.0,0.32940313,0.36000758,1.0649079,nan,6,3.9440029,3.9440029,3.9440029,3.9440029,3.9440029,3.9440029,0.0,0.0,0.0,0.0,0.0,0.0,0.0,0.0,0.0,0.0,0.0,0.0,0.0,0.0,0,0,0,0,0,0,0,0,0,0,0,1,0,0,1,0,0
643338895,23.242714,23.634241,0.0,0.055264745,-1.0,0.33468208,0.34760123,1.0662495,nan,6,3.9390402,3.9390402,3.9390402,3.9390402,3.9390402,3.9390402,0.0,0.0,0.0,0.0,0.0,0.0,0.0,0.0,0.0,0.0,0.0,0.0,0.0,0.0,0,0,0,0,0,0,0,0,0,0,0,1,0,0,1,0,0
643538900,23.528894,23.611889,0.0,0.039619416,-1.0,0.33514476,0.33828765,1.0672588,nan,6,3.935315,3.935315,3.935315,3.935315,3.935315,3.935315,0.0,0.0,0.0,0.0,0.0,0.0,0.0,0.0,0.0,0.0,0.0,0.0,0.0,0.0,0,0,0,0,0,0,0,0,0,0,0,1,0,0,1,0,0
643728917,23.478767,23.600286,0.0,0.0282686,-1.0,0.33532265,0.33345348,1.0677836,nan,6,3.933381,3.933381,3.933381,3.933381,3.933381,3.933381,0.0,0.0,0.0,0.0,0.0,0.0,0.0,0.0,0.0,0.0,0.0,0.0,0.0,0.0,0,0,0,0,0,0,0,0,0,0,0,1,0,0,1,0,0
643928905,23.877964,23.588722,0.0,0.043571528,-1.0,0.33908576,0.32863456,1.068307,nan,6,3.9314537,3.9314537,3.9314537,3.9314537,3.9314537,3.9314537,0.0,0.0,0.0,0.0,0.0,0.0,0.0,0.0,0.0,0.0,0.0,0.0,0.0,0.0,0,0,0,0,0,0,0,0,0,0,0,1,0,0,1,0,0
644128878,22.902758,23.594366,0.0,0.05741307,-1.0,0.3442178,0.33098632,1.0680515,nan,6,3.9323943,3.9323943,3.9323943,3.9323943,3.9323943,3.9323943,0.0,0.0,0.0,0.0,0.0,0.0,0.0,0.0,0.0,0.0,0.0,0.0,0.0,0.0,0,0,0,0,0,0,0,0,0,0,0,1,0,0,1,0,0
644328964,22.844429,23.603407,0.0,0.0714958,-1.0,0.34942317,0.33475333,1.0676425,nan,6,3.933901,3.933901,3.933901,3.933901,3.933901,3.933901,0.0,0.0,0.0,0.0,0.0,0.0,0.0,0.0,0.0,0.0,0.0,0.0,0.0,0.0,0,0,0,0,0,0,0,0,0,0,0,1,0,0,1,0,0
644529405,23.623682,23.551744,0.0,0.054017644,-1.0,0.3503798,0.313227,1.0699843,nan,6,3.9252908,3.9252908,3.9252908,3.9252908,3.9252908,3.9252908,0.0,0.0,0.0,0.0,0.0,0.0,0.0,0.0,0.0,0.0,0.0,0.0,0.0,0.0,0,0,0,0,0,0,0,0,0,0,0,1,0,0,1,0,0
644739737,23.133345,23.54063,0.0,0.04418043,-1.0,0.3518691,0.30859596,1.0704895,nan,6,3.9234383,3.9234383,3.9234383,3.9234383,3.9234383,3.9234383,0.0,0.0,0.0,0.0,0.0,0.0,0.0,0.0,0.0,0.0,0.0,0.0,0.0,0.0,0,0,0,0,0,0,0,0,0,0,0,1,0,0,1,0,0
644938896,22.879972,23.528547,0.0,0.03267929,-1.0,0.35240704,0.3035615,1.0710393,nan,6,3.9214246,3.9214246,3.9214246,3.9214246,3.9214246,3.9214246,0.0,0.0,0.0,0.0,0.0,0.0,0.0,0.0,0.0,0.0,0.0,0.0,0.0,0.0,0,0,0,0,0,0,0,0,0,0,0,1,0,0,1,0,0
645128876,23.833305,23.546583,0.0,0.044226333,-1.0,0.3557524,0.31107646,1.0702189,nan,6,3.9244306,3.9244306,3.9244306,3.9244306,3.9244306,3.9244306,0.0,0.0,0.0,0.0,0.0,0.0,0.0,0.0,0.0,0.0,0.0,0.0,0.0,0.0,0,0,0,0,0,0,0,0,0,0,0,1,0,0,1,0,0
645328878,23.565351,23.563385,0.0,0.041569494,-1.0,0.35787785,0.3180774,1.0694559,nan,6,3.9272308,3.9272308,3.9272308,3.9272308,3.9272308,3.9272308,0.0,0.0,0.0,0.0,0.0,0.0,0.0,0.0,0.0,0.0,0.0,0.0,0.0,0.0,0,0,0,0,0,0,0,0,0,0,0,1,0,0,1,0,0
645528888,23.488794,23.585546,0.0,0.05225727,-1.0,0.361604,0.32731086,1.0684509,nan,6,3.9309244,3.9309244,3.9309244,3.9309244,3.9309244,3.9309244,0.0,0.0,0.0,0.0,0.0,0.0,0.0,0.0,0.0,0.0,0.0,0.0,0.0,0.0,0,0,0,0,0,0,0,0,0,0,0,1,0,0,1,0,0
645728966,24.045664,23.620136,0.0,0.040474165,-1.0,0.36259612,0.34172374,1.0668863,nan,6,3.9366894,3.9366894,3.9366894,3.9366894,3.9366894,3.9366894,0.0,0.0,0.0,0.0,0.0,0.0,0.0,0.0,0.0,0.0,0.0,0.0,0.0,0.0,0,0,0,0,0,0,0,0,0,0,0,1,0,0,1,0,0
645928877,23.94632,23.654491,0.0,0.027237954,-1.0,0.36259612,0.3560384,1.0653367,nan,6,3.9424152,3.9424152,3.9424152,3.9424152,3.9424152,3.9424152,0.0,0.0,0.0,0.0,0.0,0.0,0.0,0.0,0.0,0.0,0.0,0.0,0.0,0.0,0,0,0,0,0,0,0,0,0,0,0,1,0,0,1,0,0
646138901,23.43593,23.675568,0.0,0.017970942,-1.0,0.36259612,0.36481982,1.0643884,nan,6,3.9459279,3.9459279,3.9459279,3.9459279,3.9459279,3.9459279,0.0,0.0,0.0,0.0,0.0,0.0,0.0,0.0,0.0,0.0,0.0,0.0,0.0,0.0,0,0,0,0,0,0,0,0,0,0,0,1,0,0,1,0,0
646338877,23.774975,23.691656,0.0,0.01801235,-1.0,0.36363205,0.3715232,1.0636656,nan,6,3.9486094,3.9486094,3.9486094,3.9486094,3.9486094,3.9486094,0.0,0.0,0.0,0.0,0.0,0.0,0.0,0.0,0.0,0.0,0.0,0.0,0.0,0.0,0,0,0,0,0,0,0,0,0,0,0,1,0,0,1,0,0
646539589,23.363932,23.675055,0.0,0.03352979,-1.0,0.3670901,0.3646062,1.0644115,nan,6,3.9458425,3.9458425,3.9458425,3.9458425,3.9458425,3.9458425,0.0,0.0,0.0,0.0,0.0,0.0,0.0,0.0,0.0,0.0,0.0,0.0,0.0,0.0,0,0,0,0,0,0,0,0,0,0,0,1,0,0,1,0,0
646730087,23.646467,23.665377,0.0,0.050638102,-1.0,0.3716551,0.36057407,1.0648466,nan,6,3.9442294,3.9442294,3.9442294,3.9442294,3.9442294,3.9442294,0.0,0.0,0.0,0.0,0.0,0.0,0.0,0.0,0.0,0.0,0.0,0.0,0.0,0.0,0,0,0,0,0,0,0,0,0,0,0,1,0,0,1,0,0
646928907,23.63553,23.638262,0.0,0.035555385,-1.0,0.37189892,0.3492759,1.0660682,nan,6,3.9397104,3.9397104,3.9397104,3.9397104,3.9397104,3.9397104,0.0,0.0,0.0,0.0,0.0,0.0,0.0,0.0,0.0,0.0,0.0,0.0,0.0,0.0,0,0,0,0,0,0,0,0,0,0,0,1,0,0,1,0,0
647128878,23.607277,23.607706,0.0,0.024068562,-1.0,0.37191996,0.33654433,1.067448,nan,6,3.9346178,3.9346178,3.9346178,3.9346178,3.9346178,3.9346178,0.0,0.0,0.0,0.0,0.0,0.0,0.0,0.0,0.0,0.0,0.0,0.0,0.0,0.0,0,0,0,0,0,0,0,0,0,0,0,1,0,0,1,0,0
647328878,22.874504,23.59511,0.0,0.016197454,-1.0,0.37191996,0.33129627,1.0680178,nan,6,3.9325182,3.9325182,3.9325182,3.9325182,3.9325182,3.9325182,0.0,0.0,0.0,0.0,0.0,0.0,0.0,0.0,0.0,0.0,0.0,0.0,0.0,0.0,0,0,0,0,0,0,0,0,0,0,0,1,0,0,1,0,0
647538878,23.256386,23.586868,0.0,0.014840908,-1.0,0.37274697,0.32786208,1.0683911,nan,6,3.9311447,3.9311447,3.9311447,3.9311447,3.9311447,3.9311447,0.0,0.0,0.0,0.0,0.0,0.0,0.0,0.0,0.0,0.0,0.0,0.0,0.0,0.0,0,0,0,0,0,0,0,0,0,0,0,1,0,0,1,0,0
647738897,23.348436,23.546392,0.0,0.03251564,-1.0,0.37640125,0.3109973,1.0702275,nan,6,3.9243987,3.9243987,3.9243987,3.9243987,3.9243987,3.9243987,0.0,0.0,0.0,0.0,0.0,0.0,0.0,0.0,0.0,0.0,0.0,0.0,0.0,0.0,0,0,0,0,0,0,0,0,0,0,0,1,0,0,1,0,0
647928878,22.901848,23.5261,0.0,0.026055196,-1.0,0.3770471,0.30254203,1.0711507,nan,6,3.9210167,3.9210167,3.9210167,3.9210167,3.9210167,3.9210167,0.0,0.0,0.0,0.0,0.0,0.0,0.0,0.0,0.0,0.0,0.0,0.0,0.0,0.0,0,0,0,0,0,0,0,0,0,0,0,1,0,0,1,0,0
648128877,23.540743,23.522242,0.0,0.023067243,-1.0,0.3781002,0.30093414,1.0713264,nan,6,3.9203737,3.9203737,3.9203737,3.9203737,3.9203737,3.9203737,0.0,0.0,0.0,0.0,0.0,0.0,0.0,0.0,0.0,0.0,0.0,0.0,0.0,0.0,0,0,0,0,0,0,0,0,0,0,0,1,0,0,1,0,0
648329037,23.359373,23.553337,0.0,0.037810903,-1.0,0.38226667,0.31389076,1.0699121,nan,6,3.9255562,3.9255562,3.9255562,3.9255562,3.9255562,3.9255562,0.0,0.0,0.0,0.0,0.0,0.0,0.0,0.0,0.0,0.0,0.0,0.0,0.0,0.0,0,0,0,0,0,0,0,0,0,0,0,1,0,0,1,0,0
648530001,23.18256,23.567207,0.0,0.07212177,-1.0,0.39029306,0.31967002,1.0692823,nan,6,3.927868,3.927868,3.927868,3.927868,3.927868,3.927868,0.0,0.0,0.0,0.0,0.0,0.0,0.0,0.0,0.0,0.0,0.0,0.0,0.0,0.0,0,0,0,0,0,0,0,0,0,0,0,1,0,0,1,0,0
648728881,23.507933,23.578522,0.0,0.04853588,-1.0,0.39029306,0.32438403,1.0687692,nan,6,3.9297535,3.9297535,3.9297535,3.9297535,3.9297535,3.9297535,0.0,0.0,0.0,0.0,0.0,0.0,0.0,0.0,0.0,0.0,0.0,0.0,0.0,0.0,0,0,0,0,0,0,0,0,0,0,0,1,0,0,1,0,0
648938878,22.98752,23.558304,0.0,0.041487057,-1.0,0.3918954,0.31596023,1.0696864,nan,6,3.926384,3.926384,3.926384,3.926384,3.926384,3.926384,0.0,0.0,0.0,0.0,0.0,0.0,0.0,0.0,0.0,0.0,0.0,0.0,0.0,0.0,0,0,0,0,0,0,0,0,0,0,0,1,0,0,1,0,0
649138878,23.077747,23.540852,0.0,0.027919594,-1.0,0.3918954,0.30868846,1.0704795,nan,6,3.9234753,3.9234753,3.9234753,3.9234753,3.9234753,3.9234753,0.0,0.0,0.0,0.0,0.0,0.0,0.0,0.0,0.0,0.0,0.0,0.0,0.0,0.0,0,0,0,0,0,0,0,0,0,0,0,1,0,0,1,0,0
649328891,23.169802,23.529703,0.0,0.0201214,-1.0,0.39204806,0.3040431,1.0709866,nan,6,3.9216173,3.9216173,3.9216173,3.9216173,3.9216173,3.9216173,0.0,0.0,0.0,0.0,0.0,0.0,0.0,0.0,0.0,0.0,0.0,0.0,0.0,0.0,0,0,0,0,0,0,0,0,0,0,0,1,0,0,1,0,0
649539002,24.131336,23.474642,0.490775,0.037233755,-1.0,0.39588535,0.28110057,1.0734988,nan,6,3.9124403,3.9124403,3.9124403,3.9124403,3.9124403,3.9124403,0.0,0.0,0.0,0.0,0.0,0.0,0.0,0.0,0.0,0.0,0.0,0.0,0.0,0.0,0,0,0,0,0,0,0,0,0,0,0,1,0,0,1,0,1
649729344,23.97184,23.46919,0.0,0.047203988,-1.0,0.39996693,0.27882987,1.0737481,nan,6,3.9115317,3.9115317,3.9115317,3.9115317,3.9115317,3.9115317,0.0,0.0,0.0,0.0,0.0,0.0,0.0,0.0,0.0,0.0,0.0,0.0,0.0,0.0,0,0,0,0,0,0,0,0,0,0,0,1,0,0,1,0,1
649929131,23.620035,23.457928,0.0,0.034482643,-1.0,0.40049037,0.27413684,1.0742637,nan,6,3.9096546,3.9096546,3.9096546,3.9096546,3.9096546,3.9096546,0.0,0.0,0.0,0.0,0.0,0.0,0.0,0.0,0.0,0.0,0.0,0.0,0.0,0.0,0,0,0,0,0,0,0,0,0,0,0,1,0,0,1,0,1
650128877,23.650112,23.468695,0.0,0.026708461,-1.0,0.4010551,0.27862293,1.0737708,nan,6,3.9114492,3.9114492,3.9114492,3.9114492,3.9114492,3.9114492,0.0,0.0,0.0,0.0,0.0,0.0,0.0,0.0,0.0,0.0,0.0,0.0,0.0,0.0,0,0,0,0,0,0,0,0,0,0,0,1,0,0,1,0,1
650339160,23.249092,23.454397,0.0,0.023853362,-1.0,0.40222847,0.27266532,1.0744255,nan,6,3.9090662,3.9090662,3.9090662,3.9090662,3.9090662,3.9090662,0.0,0.0,0.0,0.0,0.0,0.0,0.0,0.0,0.0,0.0,0.0,0.0,0.0,0.0,0,0,0,0,0,0,0,0,0,0,0,1,0,0,1,0,1
650539811,23.193497,23.464266,0.0,0.023672063,-1.0,0.40354913,0.27677757,1.0739734,nan,6,3.910711,3.910711,3.910711,3.910711,3.910711,3.910711,0.0,0.0,0.0,0.0,0.0,0.0,0.0,0.0,0.0,0.0,0.0,0.0,0.0,0.0,0,0,0,0,0,0,0,0,0,0,0,1,0,0,1,0,1
650729438,23.017595,23.490116,0.0,0.033230275,-1.0,0.4067907,0.28754836,1.0727916,nan,6,3.9150193,3.9150193,3.9150193,3.9150193,3.9150193,3.9150193,0.0,0.0,0.0,0.0,0.0,0.0,0.0,0.0,0.0,0.0,0.0,0.0,0.0,0.0,0,0,0,0,0,0,0,0,0,0,0,1,0,0,1,0,1
650928877,22.681286,23.4909,0.0,0.045154292,-1.0,0.410284,0.28787547,1.0727557,nan,6,3.91515,3.91515,3.91515,3.91515,3.91515,3.91515,0.0,0.0,0.0,0.0,0.0,0.0,0.0,0.0,0.0,0.0,0.0,0.0,0.0,0.0,0,0,0,0,0,0,0,0,0,0,0,1,0,0,1,0,1
651128878,22.673996,23.479156,0.0,0.052420795,-1.0,0.41377434,0.28298217,1.0732924,nan,6,3.9131927,3.9131927,3.9131927,3.9131927,3.9131927,3.9131927,0.0,0.0,0.0,0.0,0.0,0.0,0.0,0.0,0.0,0.0,0.0,0.0,0.0,0.0,0,0,0,0,0,0,0,0,0,0,0,1,0,0,1,0,1
651328878,23.9208,23.483196,0.0,0.041562825,-1.0,0.4150715,0.2846654,1.0731077,nan,6,3.913866,3.913866,3.913866,3.913866,3.913866,3.913866,0.0,0.0,0.0,0.0,0.0,0.0,0.0,0.0,0.0,0.0,0.0,0.0,0.0,0.0,0,0,0,0,0,0,0,0,0,0,0,1,0,0,1,0,1
651528879,24.046574,23.468935,0.0,0.029357862,-1.0,0.41527966,0.27872306,1.0737598,nan,6,3.9114892,3.9114892,3.9114892,3.9114892,3.9114892,3.9114892,0.0,0.0,0.0,0.0,0.0,0.0,0.0,0.0,0.0,0.0,0.0,0.0,0.0,0.0,0,0,0,0,0,0,0,0,0,0,0,1,0,0,1,0,1
651738969,22.592878,23.450747,0.0,0.0675693,-1.0,0.42426232,0.2711442,1.0745927,nan,6,3.9084578,3.9084578,3.9084578,3.9084578,3.9084578,3.9084578,0.0,0.0,0.0,0.0,0.0,0.0,0.0,0.0,0.0,0.0,0.0,0.0,0.0,0.0,0,0,0,0,0,0,0,0,0,0,0,1,0,0,1,0,1
651938877,23.83604,23.459356,0.0,0.07375888,-1.0,0.4297148,0.27473193,1.0741982,nan,6,3.9098928,3.9098928,3.9098928,3.9098928,3.9098928,3.9098928,0.0,0.0,0.0,0.0,0.0,0.0,0.0,0.0,0.0,0.0,0.0,0.0,0.0,0.0,0,0,0,0,0,0,0,0,0,0,0,1,0,0,1,0,1
652128926,22.696781,23.423658,0.0,0.050630353,-1.0,0.4297148,0.25985748,1.0758353,nan,6,3.903943,3.903943,3.903943,3.903943,3.903943,3.903943,0.0,0.0,0.0,0.0,0.0,0.0,0.0,0.0,0.0,0.0,0.0,0.0,0.0,0.0,0,0,0,0,0,0,0,0,0,0,0,1,0,0,1,0,1
652328878,23.322004,23.414057,0.0,0.03481204,-1.0,0.42982697,0.2558568,1.0762765,nan,6,3.9023428,3.9023428,3.9023428,3.9023428,3.9023428,3.9023428,0.0,0.0,0.0,0.0,0.0,0.0,0.0,0.0,0.0,0.0,0.0,0.0,0.0,0.0,0,0,0,0,0,0,0,0,0,0,0,1,0,0,1,0,1
652529790,23.62277,23.39318,0.0,0.031673666,-1.0,0.43124038,0.24715932,1.0772369,nan,6,3.8988636,3.8988636,3.8988636,3.8988636,3.8988636,3.8988636,0.0,0.0,0.0,0.0,0.0,0.0,0.0,0.0,0.0,0.0,0.0,0.0,0.0,0.0,0,0,0,0,0,0,0,0,0,0,0,1,0,0,1,0,1
652731129,23.392183,23.420223,0.0,0.037706826,-1.0,0.4340135,0.25842696,1.0759931,nan,6,3.9033706,3.9033706,3.9033706,3.9033706,3.9033706,3.9033706,0.0,0.0,0.0,0.0,0.0,0.0,0.0,0.0,0.0,0.0,0.0,0.0,0.0,0.0,0,0,0,0,0,0,0,0,0,0,0,1,0,0,1,0,1
653528880,24.040195,23.4161,0.0,0.040749792,-1.0,0.44405112,0.25670844,1.0761826,nan,6,3.9026833,3.9026833,3.9026833,3.9026833,3.9026833,3.9026833,0.0,0.0,0.0,0.0,0.0,0.0,0.0,0.0,0.0,0.0,0.0,0.0,0.0,0.0,0,0,0,0,0,0,0,0,0,0,0,1,0,0,1,0,1
653739657,23.313803,23.43384,0.0,0.028004253,-1.0,0.44426152,0.26410037,1.0753678,nan,6,3.90564,3.90564,3.90564,3.90564,3.90564,3.90564,0.0,0.0,0.0,0.0,0.0,0.0,0.0,0.0,0.0,0.0,0.0,0.0,0.0,0.0,0,0,0,0,0,0,0,0,0,0,0,1,0,0,1,0,1
653930182,23.418615,23.464283,0.0,0.020876613,-1.0,0.44456616,0.2767852,1.0739727,nan,6,3.910714,3.910714,3.910714,3.910714,3.910714,3.910714,0.0,0.0,0.0,0.0,0.0,0.0,0.0,0.0,0.0,0.0,0.0,0.0,0.0,0.0,0,0,0,0,0,0,0,0,0,0,0,1,0,0,1,0,1
654139294,24.05113,23.482693,0.1574875,0.016861875,-1.0,0.44502184,0.2844556,1.0731307,nan,6,3.9137821,3.9137821,3.9137821,3.9137821,3.9137821,3.9137821,0.0,0.0,0.0,0.0,0.0,0.0,0.0,0.0,0.0,0.0,0.0,0.0,0.0,0.0,0,0,0,0,0,0,0,0,0,0,0,1,0,0,1,0,1
654329097,23.727581,23.527254,0.0,0.052717526,-1.0,0.45205832,0.30302268,1.0710982,nan,6,3.921209,3.921209,3.921209,3.921209,3.921209,3.921209,0.0,0.0,0.0,0.0,0.0,0.0,0.0,0.0,0.0,0.0,0.0,0.0,0.0,0.0,0,0,0,0,0,0,0,0,0,0,0,1,0,0,1,0,0
654539142,23.647377,23.526794,0.0,0.03619576,-1.0,0.45227945,0.302831,1.0711191,nan,6,3.9211323,3.9211323,3.9211323,3.9211323,3.9211323,3.9211323,0.0,0.0,0.0,0.0,0.0,0.0,0.0,0.0,0.0,0.0,0.0,0.0,0.0,0.0,0,0,0,0,0,0,0,0,0,0,0,1,0,0,1,0,0
654740906,23.837862,23.53835,0.0,0.029914772,-1.0,0.45326355,0.3076461,1.0705932,nan,6,3.9230583,3.9230583,3.9230583,3.9230583,3.9230583,3.9230583,0.0,0.0,0.0,0.0,0.0,0.0,0.0,0.0,0.0,0.0,0.0,0.0,0.0,0.0,0,0,0,0,0,0,0,0,0,0,0,1,0,0,1,0,0
654938879,22.996634,23.535002,0.0,0.029376965,-1.0,0.4551705,0.30625087,1.0707456,nan,6,3.9225004,3.9225004,3.9225004,3.9225004,3.9225004,3.9225004,0.0,0.0,0.0,0.0,0.0,0.0,0.0,0.0,0.0,0.0,0.0,0.0,0.0,0.0,0,0,0,0,0,0,0,0,0,0,0,1,0,0,1,0,0
655129665,23.74581,23.548958,0.0,0.042081,-1.0,0.4588103,0.31206638,1.070111,nan,6,3.9248264,3.9248264,3.9248264,3.9248264,3.9248264,3.9248264,0.0,0.0,0.0,0.0,0.0,0.0,0.0,0.0,0.0,0.0,0.0,0.0,0.0,0.0,0,0,0,0,0,0,0,0,0,0,0,1,0,0,1,0,0
655328876,24.104904,23.561361,0.04395,0.030624447,-1.0,0.45919657,0.31723434,1.0695477,nan,6,3.9268935,3.9268935,3.9268935,3.9268935,3.9268935,3.9268935,0.0,0.0,0.0,0.0,0.0,0.0,0.0,0.0,0.0,0.0,0.0,0.0,0.0,0.0,0,0,0,0,0,0,0,0,0,0,0,1,0,0,1,0,0
655528880,23.67472,23.605415,0.0,0.031020211,-1.0,0.46104792,0.3355897,1.0675516,nan,6,3.9342358,3.9342358,3.9342358,3.9342358,3.9342358,3.9342358,0.0,0.0,0.0,0.0,0.0,0.0,0.0,0.0,0.0,0.0,0.0,0.0,0.0,0.0,0,0,0,0,0,0,0,0,0,0,0,1,0,0,1,0,0
655728952,24.008297,23.65729,0.0,0.020875713,-1.0,0.46104792,0.35720378,1.0652108,nan,6,3.9428816,3.9428816,3.9428816,3.9428816,3.9428816,3.9428816,0.0,0.0,0.0,0.0,0.0,0.0,0.0,0.0,0.0,0.0,0.0,0.0,0.0,0.0,0,0,0,0,0,0,0,0,0,0,0,1,0,0,1,0,0
655938877,24.183285,23.69974,0.0,0.018297708,-1.0,0.46187714,0.37489158,1.0633029,nan,6,3.9499567,3.9499567,3.9499567,3.9499567,3.9499567,3.9499567,0.0,0.0,0.0,0.0,0.0,0.0,0.0,0.0,0.0,0.0,0.0,0.0,0.0,0.0,0,0,0,0,0,0,0,0,0,0,0,1,0,0,1,0,0
656138879,23.446869,23.698944,0.0,0.012313832,-1.0,0.46187714,0.37456065,1.0633384,nan,6,3.949824,3.949824,3.949824,3.949824,3.949824,3.949824,0.0,0.0,0.0,0.0,0.0,0.0,0.0,0.0,0.0,0.0,0.0,0.0,0.0,0.0,0,0,0,0,0,0,0,0,0,0,0,1,0,0,1,0,0
656329799,23.469654,23.679031,0.0,0.015138062,-1.0,0.46291938,0.3662637,1.0642327,nan,6,3.9465053,3.9465053,3.9465053,3.9465053,3.9465053,3.9465053,0.0,0.0,0.0,0.0,0.0,0.0,0.0,0.0,0.0,0.0,0.0,0.0,0.0,0.0,0,0,0,0,0,0,0,0,0,0,0,1,0,0,1,0,0
656529185,22.900936,23.634977,0.0,0.0101874815,-1.0,0.46291938,0.34790736,1.0662163,nan,6,3.939163,3.939163,3.939163,3.939163,3.939163,3.939163,0.0,0.0,0.0,0.0,0.0,0.0,0.0,0.0,0.0,0.0,0.0,0.0,0.0,0.0,0,0,0,0,0,0,0,0,0,0,0,1,0,0,1,0,0
656730260,23.939028,23.634453,0.0,0.025940167,-1.0,0.46600217,0.34768897,1.06624,nan,6,3.9390755,3.9390755,3.9390755,3.9390755,3.9390755,3.9390755,0.0,0.0,0.0,0.0,0.0,0.0,0.0,0.0,0.0,0.0,0.0,0.0,0.0,0.0,0,0,0,0,0,0,0,0,0,0,0,1,0,0,1,0,0
656928877,23.541655,23.576149,0.0,0.019938167,-1.0,0.4664742,0.32339603,1.0688767,nan,6,3.9293582,3.9293582,3.9293582,3.9293582,3.9293582,3.9293582,0.0,0.0,0.0,0.0,0.0,0.0,0.0,0.0,0.0,0.0,0.0,0.0,0.0,0.0,0,0,0,0,0,0,0,0,0,0,0,1,0,0,1,0,0
657128877,23.117851,23.558779,0.0,0.018724062,-1.0,0.4673484,0.31615764,1.069665,nan,6,3.9264631,3.9264631,3.9264631,3.9264631,3.9264631,3.9264631,0.0,0.0,0.0,0.0,0.0,0.0,0.0,0.0,0.0,0.0,0.0,0.0,0.0,0.0,0,0,0,0,0,0,0,0,0,0,0,1,0,0,1,0,0
657338881,23.997358,23.60129,0.0,0.051579457,-1.0,0.47477698,0.3338712,1.0677382,nan,6,3.9335482,3.9335482,3.9335482,3.9335482,3.9335482,3.9335482,0.0,0.0,0.0,0.0,0.0,0.0,0.0,0.0,0.0,0.0,0.0,0.0,0.0,0.0,0,0,0,0,0,0,0,0,0,0,0,1,0,0,1,0,0
657539230,23.383982,23.61173,0.0,0.035211127,-1.0,0.4748593,0.3382209,1.0672661,nan,6,3.9352884,3.9352884,3.9352884,3.9352884,3.9352884,3.9352884,0.0,0.0,0.0,0.0,0.0,0.0,0.0,0.0,0.0,0.0,0.0,0.0,0.0,0.0,0,0,0,0,0,0,0,0,0,0,0,1,0,0,1,0,0
657728878,23.289196,23.617912,0.0,0.02417,-1.0,0.4748593,0.34079677,1.0669868,nan,6,3.9363186,3.9363186,3.9363186,3.9363186,3.9363186,3.9363186,0.0,0.0,0.0,0.0,0.0,0.0,0.0,0.0,0.0,0.0,0.0,0.0,0.0,0.0,0,0,0,0,0,0,0,0,0,0,0,1,0,0,1,0,0
657928879,23.844244,23.63706,0.0,0.039710786,-1.0,0.4782278,0.3487752,1.0661224,nan,6,3.93951,3.93951,3.93951,3.93951,3.93951,3.93951,0.0,0.0,0.0,0.0,0.0,0.0,0.0,0.0,0.0,0.0,0.0,0.0,0.0,0.0,0,0,0,0,0,0,0,0,0,0,0,1,0,0,1,0,0
658129167,23.484238,23.619951,0.0,0.03504591,-1.0,0.47993168,0.3416465,1.0668947,nan,6,3.9366586,3.9366586,3.9366586,3.9366586,3.9366586,3.9366586,0.0,0.0,0.0,0.0,0.0,0.0,0.0,0.0,0.0,0.0,0.0,0.0,0.0,0.0,0,0,0,0,0,0,0,0,0,0,0,1,0,0,1,0,0
658328878,24.072096,23.607763,0.062262498,0.032339245,-1.0,0.48162946,0.33656818,1.0674455,nan,6,3.9346273,3.9346273,3.9346273,3.9346273,3.9346273,3.9346273,0.0,0.0,0.0,0.0,0.0,0.0,0.0,0.0,0.0,0.0,0.0,0.0,0.0,0.0,0,0,0,0,0,0,0,0,0,0,0,1,0,0,1,0,0
658532689,23.976397,23.623,0.0,0.036649715,-1.0,0.48402163,0.3429168,1.066757,nan,6,3.9371665,3.9371665,3.9371665,3.9371665,3.9371665,3.9371665,0.0,0.0,0.0,0.0,0.0,0.0,0.0,0.0,0.0,0.0,0.0,0.0,0.0,0.0,0,0,0,0,0,0,0,0,0,0,0,1,0,0,1,0,0
658740057,24.083942,23.652763,0.0,0.024180597,-1.0,0.48402163,0.35531837,1.0654145,nan,6,3.9421272,3.9421272,3.9421272,3.9421272,3.9421272,3.9421272,0.0,0.0,0.0,0.0,0.0,0.0,0.0,0.0,0.0,0.0,0.0,0.0,0.0,0.0,0,0,0,0,0,0,0,0,0,0,0,1,0,0,1,0,0
658938887,23.886168,23.703762,0.0,0.016272848,-1.0,0.48402163,0.37656814,1.0631223,nan,6,3.950627,3.950627,3.950627,3.950627,3.950627,3.950627,0.0,0.0,0.0,0.0,0.0,0.0,0.0,0.0,0.0,0.0,0.0,0.0,0.0,0.0,0,0,0,0,0,0,0,0,0,0,0,1,0,0,1,0,0
659128877,23.800493,23.74419,0.0,0.01148701,-1.0,0.4840674,0.3934129,1.0613122,nan,6,3.957365,3.957365,3.957365,3.957365,3.957365,3.957365,0.0,0.0,0.0,0.0,0.0,0.0,0.0,0.0,0.0,0.0,0.0,0.0,0.0,0.0,0,0,0,0,0,0,0,0,0,0,0,1,0,0,1,0,0
659328876,23.963636,23.787605,0.0,0.009385904,-1.0,0.48433712,0.41150218,1.0593752,nan,6,3.9646008,3.9646008,3.9646008,3.9646008,3.9646008,3.9646008,0.0,0.0,0.0,0.0,0.0,0.0,0.0,0.0,0.0,0.0,0.0,0.0,0.0,0.0,0,0,0,0,0,0,0,0,0,0,0,1,0,0,1,0,0
659528882,23.876143,23.804007,0.0,0.0063164444,-1.0,0.48433712,0.4183362,1.0586452,nan,6,3.9673345,3.9673345,3.9673345,3.9673345,3.9673345,3.9673345,0.0,0.0,0.0,0.0,0.0,0.0,0.0,0.0,0.0,0.0,0.0,0.0,0.0,0.0,0,0,0,0,0,0,0,0,0,0,0,1,0,0,1,0,0
659728984,23.406767,23.807978,0.0,0.021683583,-1.0,0.4869782,0.41999084,1.0584687,nan,6,3.9679964,3.9679964,3.9679964,3.9679964,3.9679964,3.9679964,0.0,0.0,0.0,0.0,0.0,0.0,0.0,0.0,0.0,0.0,0.0,0.0,0.0,0.0,0,0,0,0,0,0,0,0,0,0,0,1,0,0,1,0,0
659928877,24.20607,23.816757,0.2527125,0.03236594,-1.0,0.48980162,0.42364913,1.0580785,nan,6,3.9694595,3.9694595,3.9694595,3.9694595,3.9694595,3.9694595,0.0,0.0,0.0,0.0,0.0,0.0,0.0,0.0,0.0,0.0,0.0,0.0,0.0,0.0,0,0,0,0,0,0,0,0,0,0,0,1,0,0,1,0,0
660138878,23.878876,23.810417,0.0,0.043041434,-1.0,0.4936784,0.42100745,1.0583602,nan,6,3.9684029,3.9684029,3.9684029,3.9684029,3.9684029,3.9684029,0.0,0.0,0.0,0.0,0.0,0.0,0.0,0.0,0.0,0.0,0.0,0.0,0.0,0.0,0,0,0,0,0,0,0,0,0,0,0,1,0,0,1,0,0
660338877,24.189665,23.797487,0.0,0.049373392,-1.0,0.49710256,0.41562015,1.0589353,nan,6,3.9662478,3.9662478,3.9662478,3.9662478,3.9662478,3.9662478,0.0,0.0,0.0,0.0,0.0,0.0,0.0,0.0,0.0,0.0,0.0,0.0,0.0,0.0,0,0,0,0,0,0,0,0,0,0,0,1,0,0,1,0,0
660528878,23.208078,23.778234,0.0,0.039418254,-1.0,0.49790126,0.40759784,1.0597928,nan,6,3.9630392,3.9630392,3.9630392,3.9630392,3.9630392,3.9630392,0.0,0.0,0.0,0.0,0.0,0.0,0.0,0.0,0.0,0.0,0.0,0.0,0.0,0.0,0,0,0,0,0,0,0,0,0,0,0,1,0,0,1,0,0
660729071,23.392183,23.774836,0.0,0.029929092,-1.0,0.49846765,0.40618163,1.0599443,nan,6,3.9624727,3.9624727,3.9624727,3.9624727,3.9624727,3.9624727,0.0,0.0,0.0,0.0,0.0,0.0,0.0,0.0,0.0,0.0,0.0,0.0,0.0,0.0,0,0,0,0,0,0,0,0,0,0,0,1,0,0,1,0,0
660928876,24.12769,23.789785,0.0,0.04987914,-1.0,0.50408924,0.41241103,1.059278,nan,6,3.9649642,3.9649642,3.9649642,3.9649642,3.9649642,3.9649642,0.0,0.0,0.0,0.0,0.0,0.0,0.0,0.0,0.0,0.0,0.0,0.0,0.0,0.0,0,0,0,0,0,0,0,0,0,0,0,1,0,0,1,0,0
661128878,23.644644,23.787695,0.0,0.048259642,-1.0,0.5064902,0.41153938,1.0593712,nan,6,3.9646158,3.9646158,3.9646158,3.9646158,3.9646158,3.9646158,0.0,0.0,0.0,0.0,0.0,0.0,0.0,0.0,0.0,0.0,0.0,0.0,0.0,0.0,0,0,0,0,0,0,0,0,0,0,0,1,0,0,1,0,0
661328877,23.837862,23.787214,0.0,0.033837453,-1.0,0.5067394,0.4113391,1.0593927,nan,6,3.9645357,3.9645357,3.9645357,3.9645357,3.9645357,3.9645357,0.0,0.0,0.0,0.0,0.0,0.0,0.0,0.0,0.0,0.0,0.0,0.0,0.0,0.0,0,0,0,0,0,0,0,0,0,0,0,1,0,0,1,0,0
661528895,23.2974,23.770575,0.0,0.024850892,-1.0,0.5071055,0.4044059,1.0601343,nan,6,3.9617624,3.9617624,3.9617624,3.9617624,3.9617624,3.9617624,0.0,0.0,0.0,0.0,0.0,0.0,0.0,0.0,0.0,0.0,0.0,0.0,0.0,0.0,0,0,0,0,0,0,0,0,0,0,0,1,0,0,1,0,0
661738981,24.079386,23.775997,0.03479375,0.032000765,-1.0,0.50965047,0.4066661,1.0598924,nan,6,3.9626663,3.9626663,3.9626663,3.9626663,3.9626663,3.9626663,0.0,0.0,0.0,0.0,0.0,0.0,0.0,0.0,0.0,0.0,0.0,0.0,0.0,0.0,0,0,0,0,0,0,0,0,0,0,0,1,0,0,1,0,0
661939805,23.484238,23.699183,0.0,0.028963394,-1.0,0.51062816,0.37465984,1.0633277,nan,6,3.9498637,3.9498637,3.9498637,3.9498637,3.9498637,3.9498637,0.0,0.0,0.0,0.0,0.0,0.0,0.0,0.0,0.0,0.0,0.0,0.0,0.0,0.0,0,0,0,0,0,0,0,0,0,0,0,1,0,0,1,0,0
662129541,23.229954,23.567366,0.0,0.019881364,-1.0,0.51062816,0.31973583,1.0692751,nan,6,3.9278944,3.9278944,3.9278944,3.9278944,3.9278944,3.9278944,0.0,0.0,0.0,0.0,0.0,0.0,0.0,0.0,0.0,0.0,0.0,0.0,0.0,0.0,0,0,0,0,0,0,0,0,0,0,0,1,0,0,1,0,0
662329018,24.032904,23.464344,0.85153127,0.044426158,-1.0,0.5150526,0.27681,1.07397,nan,6,3.910724,3.910724,3.910724,3.910724,3.910724,3.910724,0.0,0.0,0.0,0.0,0.0,0.0,0.0,0.0,0.0,0.0,0.0,0.0,0.0,0.0,0,0,0,0,0,0,0,0,0,0,0,1,0,0,1,0,1
662529462,22.361383,23.37546,0.0,0.074086405,-1.0,0.52443326,0.23977502,1.0780536,nan,6,3.89591,3.89591,3.89591,3.89591,3.89591,3.89591,0.0,0.0,0.0,0.0,0.0,0.0,0.0,0.0,0.0,0.0,0.0,0.0,0.0,0.0,0,0,0,0,0,0,0,0,0,0,0,1,0,0,1,0,1
662730752,22.923721,23.321829,0.0,0.049858022,-1.0,0.52443326,0.21742852,1.0805328,nan,6,3.8869715,3.8869715,3.8869715,3.8869715,3.8869715,3.8869715,0.0,0.0,0.0,0.0,0.0,0.0,0.0,0.0,0.0,0.0,0.0,0.0,0.0,0.0,0,0,0,0,0,0,0,0,0,0,0,1,0,0,1,0,1
662938891,23.79138,23.311321,0.109875,0.05603335,-1.0,0.52831095,0.21305116,1.0810198,nan,6,3.8852203,3.8852203,3.8852203,3.8852203,3.8852203,3.8852203,0.0,0.0,0.0,0.0,0.0,0.0,0.0,0.0,0.0,0.0,0.0,0.0,0.0,0.0,0,0,0,0,0,0,0,0,0,0,0,1,0,0,1,0,1
663138892,22.485332,23.315002,0.0,0.09676301,-1.0,0.53864443,0.21458466,1.080849,nan,6,3.8858337,3.8858337,3.8858337,3.8858337,3.8858337,3.8858337,0.0,0.0,0.0,0.0,0.0,0.0,0.0,0.0,0.0,0.0,0.0,0.0,0.0,0.0,0,0,0,0,0,0,0,0,0,0,0,1,0,0,1,0,1
663328878,22.679462,23.29457,0.0,0.08679698,-1.0,0.5424941,0.20607121,1.0817971,nan,6,3.8824284,3.8824284,3.8824284,3.8824284,3.8824284,3.8824284,0.0,0.0,0.0,0.0,0.0,0.0,0.0,0.0,0.0,0.0,0.0,0.0,0.0,0.0,0,0,0,0,0,0,0,0,0,0,0,1,0,0,1,0,1
663528877,23.818722,23.267242,0.0,0.058411893,-1.0,0.5424941,0.19468434,1.0830678,nan,6,3.8778737,3.8778737,3.8778737,3.8778737,3.8778737,3.8778737,0.0,0.0,0.0,0.0,0.0,0.0,0.0,0.0,0.0,0.0,0.0,0.0,0.0,0.0,0,0,0,0,0,0,0,0,0,0,0,1,0,0,1,0,2
663728929,23.507023,23.251913,0.0,0.048918907,-1.0,0.54393905,0.18829758,1.0837817,nan,6,3.8753188,3.8753188,3.8753188,3.8753188,3.8753188,3.8753188,0.0,0.0,0.0,0.0,0.0,0.0,0.0,0.0,0.0,0.0,0.0,0.0,0.0,0.0,0,0,0,0,0,0,0,0,0,0,0,1,0,0,1,0,2
663928877,24.032904,23.232435,0.06775625,0.036650714,-1.0,0.54458517,0.18018086,1.0846905,nan,6,3.8720725,3.8720725,3.8720725,3.8720725,3.8720725,3.8720725,0.0,0.0,0.0,0.0,0.0,0.0,0.0,0.0,0.0,0.0,0.0,0.0,0.0,0.0,0,0,0,0,0,0,0,0,0,0,0,1,0,0,1,0,2
664128972,22.868124,23.213142,0.0,0.032530155,-1.0,0.5460861,0.1721433,1.0855919,nan,6,3.8688571,3.8688571,3.8688571,3.8688571,3.8688571,3.8688571,0.0,0.0,0.0,0.0,0.0,0.0,0.0,0.0,0.0,0.0,0.0,0.0,0.0,0.0,0,0,0,0,0,0,0,0,0,0,0,1,0,0,1,0,2
664339669,23.321095,23.200815,0.0,0.034584712,-1.0,0.54812795,0.16700585,1.0861688,nan,6,3.8668025,3.8668025,3.8668025,3.8668025,3.8668025,3.8668025,0.0,0.0,0.0,0.0,0.0,0.0,0.0,0.0,0.0,0.0,0.0,0.0,0.0,0.0,0,0,0,0,0,0,0,0,0,0,0,1,0,0,1,0,2
664538959,23.61001,23.212362,0.0,0.03242553,-1.0,0.5497959,0.17181714,1.0856285,nan,6,3.868727,3.868727,3.868727,3.868727,3.868727,3.868727,0.0,0.0,0.0,0.0,0.0,0.0,0.0,0.0,0.0,0.0,0.0,0.0,0.0,0.0,0,0,0,0,0,0,0,0,0,0,0,1,0,0,1,0,2
664740720,23.595427,23.285892,0.0,0.038024984,-1.0,0.55289704,0.20245583,1.0822003,nan,6,3.8809822,3.8809822,3.8809822,3.8809822,3.8809822,3.8809822,0.0,0.0,0.0,0.0,0.0,0.0,0.0,0.0,0.0,0.0,0.0,0.0,0.0,0.0,0,0,0,0,0,0,0,0,0,0,0,1,0,0,1,0,1
664938991,24.0885,23.391571,0.0,0.0260674,-1.0,0.553009,0.24648793,1.0773112,nan,6,3.898595,3.898595,3.898595,3.898595,3.898595,3.898595,0.0,0.0,0.0,0.0,0.0,0.0,0.0,0.0,0.0,0.0,0.0,0.0,0.0,0.0,0,0,0,0,0,0,0,0,0,0,0,1,0,0,1,0,1
665129506,23.987333,23.477892,0.0,0.017893465,-1.0,0.553009,0.2824548,1.0733502,nan,6,3.912982,3.912982,3.912982,3.912982,3.912982,3.912982,0.0,0.0,0.0,0.0,0.0,0.0,0.0,0.0,0.0,0.0,0.0,0.0,0.0,0.0,0,0,0,0,0,0,0,0,0,0,0,1,0,0,1,0,1
665329188,23.918978,23.570612,0.0,0.0120417895,-1.0,0.553009,0.32108814,1.0691279,nan,6,3.9284353,3.9284353,3.9284353,3.9284353,3.9284353,3.9284353,0.0,0.0,0.0,0.0,0.0,0.0,0.0,0.0,0.0,0.0,0.0,0.0,0.0,0.0,0,0,0,0,0,0,0,0,0,0,0,1,0,0,1,0,0
665528878,24.060246,23.643312,0.0,0.0081037795,-1.0,0.553009,0.35138065,1.0658404,nan,6,3.940552,3.940552,3.940552,3.940552,3.940552,3.940552,0.0,0.0,0.0,0.0,0.0,0.0,0.0,0.0,0.0,0.0,0.0,0.0,0.0,0.0,0,0,0,0,0,0,0,0,0,0,0,1,0,0,1,0,0
665738891,24.01741,23.704975,0.0,0.005346677,-1.0,0.553009,0.3770736,1.0630679,nan,6,3.9508293,3.9508293,3.9508293,3.9508293,3.9508293,3.9508293,0.0,0.0,0.0,0.0,0.0,0.0,0.0,0.0,0.0,0.0,0.0,0.0,0.0,0.0,0,0,0,0,0,0,0,0,0,0,0,1,0,0,1,0,0
665938882,23.937204,23.735714,0.0,0.0035981603,-1.0,0.553009,0.38988143,1.0616912,nan,6,3.9559524,3.9559524,3.9559524,3.9559524,3.9559524,3.9559524,0.0,0.0,0.0,0.0,0.0,0.0,0.0,0.0,0.0,0.0,0.0,0.0,0.0,0.0,0,0,0,0,0,0,0,0,0,0,0,1,0,0,1,0,0
666139056,24.20607,23.764032,0.0,0.002520049,-1.0,0.5530293,0.4016803,1.0604261,nan,6,3.9606721,3.9606721,3.9606721,3.9606721,3.9606721,3.9606721,0.0,0.0,0.0,0.0,0.0,0.0,0.0,0.0,0.0,0.0,0.0,0.0,0.0,0.0,0,0,0,0,0,0,0,0,0,0,0,1,0,0,1,0,0
666329783,23.897104,23.785164,0.0,0.0017298389,-1.0,0.5530293,0.41048557,1.0594839,nan,6,3.964194,3.964194,3.964194,3.964194,3.964194,3.964194,0.0,0.0,0.0,0.0,0.0,0.0,0.0,0.0,0.0,0.0,0.0,0.0,0.0,0.0,0,0,0,0,0,0,0,0,0,0,0,1,0,0,1,0,0
666529062,23.930826,23.783674,0.0,0.0018858181,-1.0,0.5531445,0.40986472,1.0595503,nan,6,3.9639456,3.9639456,3.9639456,3.9639456,3.9639456,3.9639456,0.0,0.0,0.0,0.0,0.0,0.0,0.0,0.0,0.0,0.0,0.0,0.0,0.0,0.0,0,0,0,0,0,0,0,0,0,0,0,1,0,0,1,0,0
666728878,23.580845,23.795473,0.0,0.0012691015,-1.0,0.5531445,0.4147809,1.0590249,nan,6,3.965912,3.965912,3.965912,3.965912,3.965912,3.965912,0.0,0.0,0.0,0.0,0.0,0.0,0.0,0.0,0.0,0.0,0.0,0.0,0.0,0.0,0,0,0,0,0,0,0,0,0,0,0,1,0,0,1,0,0
666928878,24.093967,23.808802,0.0,0.004550526,-1.0,0.5537957,0.42033416,1.0584321,nan,6,3.9681337,3.9681337,3.9681337,3.9681337,3.9681337,3.9681337,0.0,0.0,0.0,0.0,0.0,0.0,0.0,0.0,0.0,0.0,0.0,0.0,0.0,0.0,0,0,0,0,0,0,0,0,0,0,0,1,0,0,1,0,0
667138878,24.084854,23.819689,0.0,0.0030023274,-1.0,0.5537957,0.4248708,1.0579482,nan,6,3.969948,3.969948,3.969948,3.969948,3.969948,3.969948,0.0,0.0,0.0,0.0,0.0,0.0,0.0,0.0,0.0,0.0,0.0,0.0,0.0,0.0,0,0,0,0,0,0,0,0,0,0,0,1,0,0,1,0,0
667338877,23.205345,23.80545,0.0,0.027549177,-1.0,0.55770963,0.41893798,1.0585811,nan,6,3.967575,3.967575,3.967575,3.967575,3.967575,3.967575,0.0,0.0,0.0,0.0,0.0,0.0,0.0,0.0,0.0,0.0,0.0,0.0,0.0,0.0,0,0,0,0,0,0,0,0,0,0,0,1,0,0,1,0,0
667529235,23.488794,23.770031,0.0,0.018910604,-1.0,0.55770963,0.40417987,1.0601585,nan,6,3.9616718,3.9616718,3.9616718,3.9616718,3.9616718,3.9616718,0.0,0.0,0.0,0.0,0.0,0.0,0.0,0.0,0.0,0.0,0.0,0.0,0.0,0.0,0,0,0,0,0,0,0,0,0,0,0,1,0,0,1,0,0
667728920,23.64829,23.787235,0.0,0.012726294,-1.0,0.55770963,0.41134864,1.0593916,nan,6,3.9645393,3.9645393,3.9645393,3.9645393,3.9645393,3.9645393,0.0,0.0,0.0,0.0,0.0,0.0,0.0,0.0,0.0,0.0,0.0,0.0,0.0,0.0,0,0,0,0,0,0,0,0,0,0,0,1,0,0,1,0,0
667930045,24.002827,23.797792,0.0,0.01368896,-1.0,0.5585855,0.415747,1.0589217,nan,6,3.9662988,3.9662988,3.9662988,3.9662988,3.9662988,3.9662988,0.0,0.0,0.0,0.0,0.0,0.0,0.0,0.0,0.0,0.0,0.0,0.0,0.0,0.0,0,0,0,0,0,0,0,0,0,0,0,1,0,0,1,0,0
668128879,24.294477,23.802563,0.14100625,0.011977106,-1.0,0.5589773,0.41773444,1.0587095,nan,6,3.9670937,3.9670937,3.9670937,3.9670937,3.9670937,3.9670937,0.0,0.0,0.0,0.0,0.0,0.0,0.0,0.0,0.0,0.0,0.0,0.0,0.0,0.0,0,0,0,0,0,0,0,0,0,0,0,1,0,0,1,0,0
668328876,23.821459,23.804415,0.0,0.03818961,-1.0,0.5644731,0.41850597,1.0586271,nan,6,3.9674025,3.9674025,3.9674025,3.9674025,3.9674025,3.9674025,0.0,0.0,0.0,0.0,0.0,0.0,0.0,0.0,0.0,0.0,0.0,0.0,0.0,0.0,0,0,0,0,0,0,0,0,0,0,0,1,0,0,1,0,0
668538878,23.950876,23.748714,0.0,0.030555354,-1.0,0.56541914,0.3952983,1.06111,nan,6,3.9581192,3.9581192,3.9581192,3.9581192,3.9581192,3.9581192,0.0,0.0,0.0,0.0,0.0,0.0,0.0,0.0,0.0,0.0,0.0,0.0,0.0,0.0,0,0,0,0,0,0,0,0,0,0,0,1,0,0,1,0,0
668739856,22.90367,23.695705,0.0,0.022097167,-1.0,0.565691,0.3732112,1.0634838,nan,6,3.9492843,3.9492843,3.9492843,3.9492843,3.9492843,3.9492843,0.0,0.0,0.0,0.0,0.0,0.0,0.0,0.0,0.0,0.0,0.0,0.0,0.0,0.0,0,0,0,0,0,0,0,0,0,0,0,1,0,0,1,0,0
668938893,23.440489,23.663086,0.0,0.018675826,-1.0,0.56628597,0.35961944,1.0649498,nan,6,3.9438477,3.9438477,3.9438477,3.9438477,3.9438477,3.9438477,0.0,0.0,0.0,0.0,0.0,0.0,0.0,0.0,0.0,0.0,0.0,0.0,0.0,0.0,0,0,0,0,0,0,0,0,0,0,0,1,0,0,1,0,0
669128878,24.715548,23.666374,1.12805,0.047181852,-1.0,0.5716087,0.36098987,1.0648018,nan,6,3.9443958,3.9443958,3.9443958,3.9443958,3.9443958,3.9443958,0.0,0.0,0.0,0.0,0.0,0.0,0.0,0.0,0.0,0.0,0.0,0.0,0.0,0.0,0,0,0,0,0,0,0,0,0,0,0,1,0,0,1,0,0
669328878,23.554415,23.644012,0.0,0.03175204,-1.0,0.5716087,0.35167247,1.0658089,nan,6,3.9406688,3.9406688,3.9406688,3.9406688,3.9406688,3.9406688,0.0,0.0,0.0,0.0,0.0,0.0,0.0,0.0,0.0,0.0,0.0,0.0,0.0,0.0,0,0,0,0,0,0,0,0,0,0,0,1,0,0,1,0,0
669528877,24.093058,23.656914,0.016481249,0.022800513,-1.0,0.5718834,0.35704738,1.0652276,nan,6,3.9428189,3.9428189,3.9428189,3.9428189,3.9428189,3.9428189,0.0,0.0,0.0,0.0,0.0,0.0,0.0,0.0,0.0,0.0,0.0,0.0,0.0,0.0,0,0,0,0,0,0,0,0,0,0,0,1,0,0,1,0,0
669728877,23.652847,23.657606,0.0,0.033678833,-1.0,0.57490563,0.35733634,1.0651964,nan,6,3.9429343,3.9429343,3.9429343,3.9429343,3.9429343,3.9429343,0.0,0.0,0.0,0.0,0.0,0.0,0.0,0.0,0.0,0.0,0.0,0.0,0.0,0.0,0,0,0,0,0,0,0,0,0,0,0,1,0,0,1,0,0
669938877,23.735785,23.643764,0.0,0.022220477,-1.0,0.57490563,0.35156852,1.0658201,nan,6,3.9406273,3.9406273,3.9406273,3.9406273,3.9406273,3.9406273,0.0,0.0,0.0,0.0,0.0,0.0,0.0,0.0,0.0,0.0,0.0,0.0,0.0,0.0,0,0,0,0,0,0,0,0,0,0,0,1,0,0,1,0,0
670139115,23.215372,23.648584,0.0,0.052761827,-1.0,0.5809909,0.35357696,1.0656029,nan,6,3.9414308,3.9414308,3.9414308,3.9414308,3.9414308,3.9414308,0.0,0.0,0.0,0.0,0.0,0.0,0.0,0.0,0.0,0.0,0.0,0.0,0.0,0.0,0,0,0,0,0,0,0,0,0,0,0,1,0,0,1,0,0
670339085,23.866116,23.663183,0.0,0.05585656,-1.0,0.585041,0.3596595,1.0649455,nan,6,3.9438639,3.9438639,3.9438639,3.9438639,3.9438639,3.9438639,0.0,0.0,0.0,0.0,0.0,0.0,0.0,0.0,0.0,0.0,0.0,0.0,0.0,0.0,0,0,0,0,0,0,0,0,0,0,0,1,0,0,1,0,0
670529494,23.057697,23.629662,0.0,0.038374834,-1.0,0.5850454,0.34569293,1.0664562,nan,6,3.938277,3.938277,3.938277,3.938277,3.938277,3.938277,0.0,0.0,0.0,0.0,0.0,0.0,0.0,0.0,0.0,0.0,0.0,0.0,0.0,0.0,0,0,0,0,0,0,0,0,0,0,0,1,0,0,1,0,0
670729999,23.716646,23.61808,0.0,0.031430997,-1.0,0.5862215,0.34086734,1.0669792,nan,6,3.9363468,3.9363468,3.9363468,3.9363468,3.9363468,3.9363468,0.0,0.0,0.0,0.0,0.0,0.0,0.0,0.0,0.0,0.0,0.0,0.0,0.0,0.0,0,0,0,0,0,0,0,0,0,0,0,1,0,0,1,0,0
670928878,24.109463,23.619024,0.0,0.02115216,-1.0,0.5862215,0.34126025,1.0669365,nan,6,3.9365041,3.9365041,3.9365041,3.9365041,3.9365041,3.9365041,0.0,0.0,0.0,0.0,0.0,0.0,0.0,0.0,0.0,0.0,0.0,0.0,0.0,0.0,0,0,0,0,0,0,0,0,0,0,0,1,0,0,1,0,0
671128878,24.002827,23.635614,0.0,0.025181688,-1.0,0.5878998,0.3481725,1.0661876,nan,6,3.939269,3.939269,3.939269,3.939269,3.939269,3.939269,0.0,0.0,0.0,0.0,0.0,0.0,0.0,0.0,0.0,0.0,0.0,0.0,0.0,0.0,0,0,0,0,0,0,0,0,0,0,0,1,0,0,1,0,0
671338877,24.076653,23.688793,0.0,0.01693949,-1.0,0.5879506,0.3703311,1.0637941,nan,6,3.9481323,3.9481323,3.9481323,3.9481323,3.9481323,3.9481323,0.0,0.0,0.0,0.0,0.0,0.0,0.0,0.0,0.0,0.0,0.0,0.0,0.0,0.0,0,0,0,0,0,0,0,0,0,0,0,1,0,0,1,0,0
671538880,24.023788,23.738354,0.0,0.01139979,-1.0,0.5879506,0.39098102,1.0615731,nan,6,3.9563923,3.9563923,3.9563923,3.9563923,3.9563923,3.9563923,0.0,0.0,0.0,0.0,0.0,0.0,0.0,0.0,0.0,0.0,0.0,0.0,0.0,0.0,0,0,0,0,0,0,0,0,0,0,0,1,0,0,1,0,0
671738956,23.932648,23.762285,0.0,0.0076717325,-1.0,0.5879506,0.40095264,1.060504,nan,6,3.9603808,3.9603808,3.9603808,3.9603808,3.9603808,3.9603808,0.0,0.0,0.0,0.0,0.0,0.0,0.0,0.0,0.0,0.0,0.0,0.0,0.0,0.0,0,0,0,0,0,0,0,0,0,0,0,1,0,0,1,0,0
671939558,24.0566,23.779312,0.0,0.005162856,-1.0,0.5879506,0.40804702,1.0597446,nan,6,3.9632187,3.9632187,3.9632187,3.9632187,3.9632187,3.9632187,0.0,0.0,0.0,0.0,0.0,0.0,0.0,0.0,0.0,0.0,0.0,0.0,0.0,0.0,0,0,0,0,0,0,0,0,0,0,0,1,0,0,1,0,0
672129745,23.565351,23.7779,0.0,0.0035439436,-1.0,0.5879506,0.4074586,1.0598075,nan,6,3.9629834,3.9629834,3.9629834,3.9629834,3.9629834,3.9629834,0.0,0.0,0.0,0.0,0.0,0.0,0.0,0.0,0.0,0.0,0.0,0.0,0.0,0.0,0,0,0,0,0,0,0,0,0,0,0,1,0,0,1,0,0
672328878,23.576288,23.765057,0.0,0.0037916317,-1.0,0.58820355,0.40210754,1.0603803,nan,6,3.9608428,3.9608428,3.9608428,3.9608428,3.9608428,3.9608428,0.0,0.0,0.0,0.0,0.0,0.0,0.0,0.0,0.0,0.0,0.0,0.0,0.0,0.0,0,0,0,0,0,0,0,0,0,0,0,1,0,0,1,0,0
672529003,24.069359,23.777954,0.0,0.0025516597,-1.0,0.58820355,0.4074815,1.0598052,nan,6,3.9629924,3.9629924,3.9629924,3.9629924,3.9629924,3.9629924,0.0,0.0,0.0,0.0,0.0,0.0,0.0,0.0,0.0,0.0,0.0,0.0,0.0,0.0,0,0,0,0,0,0,0,0,0,0,0,1,0,0,1,0,0
672739463,23.778622,23.76988,0.0,0.0016835232,-1.0,0.58820355,0.40411693,1.0601652,nan,6,3.9616468,3.9616468,3.9616468,3.9616468,3.9616468,3.9616468,0.0,0.0,0.0,0.0,0.0,0.0,0.0,0.0,0.0,0.0,0.0,0.0,0.0,0.0,0,0,0,0,0,0,0,0,0,0,0,1,0,0,1,0,0
672941610,23.60363,23.766441,0.0,0.006042477,-1.0,0.58912903,0.4026845,1.0603186,nan,6,3.9610736,3.9610736,3.9610736,3.9610736,3.9610736,3.9610736,0.0,0.0,0.0,0.0,0.0,0.0,0.0,0.0,0.0,0.0,0.0,0.0,0.0,0.0,0,0,0,0,0,0,0,0,0,0,0,1,0,0,1,0,0
673129446,23.609098,23.72047,0.0,0.017844845,-1.0,0.59202826,0.38352996,1.0623735,nan,6,3.9534118,3.9534118,3.9534118,3.9534118,3.9534118,3.9534118,0.0,0.0,0.0,0.0,0.0,0.0,0.0,0.0,0.0,0.0,0.0,0.0,0.0,0.0,0,0,0,0,0,0,0,0,0,0,0,1,0,0,1,0,0
673328877,23.44778,23.696968,0.0,0.012009068,-1.0,0.59202826,0.37373668,1.0634272,nan,6,3.9494946,3.9494946,3.9494946,3.9494946,3.9494946,3.9494946,0.0,0.0,0.0,0.0,0.0,0.0,0.0,0.0,0.0,0.0,0.0,0.0,0.0,0.0,0,0,0,0,0,0,0,0,0,0,0,1,0,0,1,0,0
673528878,23.81052,23.696789,0.0,0.042086575,-1.0,0.59744555,0.3736623,1.0634352,nan,6,3.9494648,3.9494648,3.9494648,3.9494648,3.9494648,3.9494648,0.0,0.0,0.0,0.0,0.0,0.0,0.0,0.0,0.0,0.0,0.0,0.0,0.0,0.0,0,0,0,0,0,0,0,0,0,0,0,1,0,0,1,0,0
673728878,24.155943,23.689781,0.0,0.02983678,-1.0,0.59766424,0.37074214,1.0637498,nan,6,3.9482968,3.9482968,3.9482968,3.9482968,3.9482968,3.9482968,0.0,0.0,0.0,0.0,0.0,0.0,0.0,0.0,0.0,0.0,0.0,0.0,0.0,0.0,0,0,0,0,0,0,0,0,0,0,0,1,0,0,1,0,0
673929479,24.149565,23.71373,0.1355125,0.022736406,-1.0,0.59806335,0.3807214,1.0626755,nan,6,3.9522884,3.9522884,3.9522884,3.9522884,3.9522884,3.9522884,0.0,0.0,0.0,0.0,0.0,0.0,0.0,0.0,0.0,0.0,0.0,0.0,0.0,0.0,0,0,0,0,0,0,0,0,0,0,0,1,0,0,1,0,0
674128879,23.800493,23.732363,0.0,0.015300952,-1.0,0.59806335,0.3884843,1.0618412,nan,6,3.9553938,3.9553938,3.9553938,3.9553938,3.9553938,3.9553938,0.0,0.0,0.0,0.0,0.0,0.0,0.0,0.0,0.0,0.0,0.0,0.0,0.0,0.0,0,0,0,0,0,0,0,0,0,0,0,1,0,0,1,0,0
674338968,23.923534,23.765438,0.0,0.010095199,-1.0,0.59806335,0.40226585,1.0603633,nan,6,3.9609063,3.9609063,3.9609063,3.9609063,3.9609063,3.9609063,0.0,0.0,0.0,0.0,0.0,0.0,0.0,0.0,0.0,0.0,0.0,0.0,0.0,0.0,0,0,0,0,0,0,0,0,0,0,0,1,0,0,1,0,0
674530209,23.675632,23.761063,0.0,0.006929655,-1.0,0.59806335,0.40044338,1.0605586,nan,6,3.9601772,3.9601772,3.9601772,3.9601772,3.9601772,3.9601772,0.0,0.0,0.0,0.0,0.0,0.0,0.0,0.0,0.0,0.0,0.0,0.0,0.0,0.0,0,0,0,0,0,0,0,0,0,0,0,1,0,0,1,0,0
674729229,23.53163,23.761948,0.0,0.004663459,-1.0,0.59806335,0.4008115,1.0605191,nan,6,3.9603245,3.9603245,3.9603245,3.9603245,3.9603245,3.9603245,0.0,0.0,0.0,0.0,0.0,0.0,0.0,0.0,0.0,0.0,0.0,0.0,0.0,0.0,0,0,0,0,0,0,0,0,0,0,0,1,0,0,1,0,0
674928877,24.247084,23.784594,0.0,0.0031383743,-1.0,0.59806335,0.41024715,1.0595094,nan,6,3.964099,3.964099,3.964099,3.964099,3.964099,3.964099,0.0,0.0,0.0,0.0,0.0,0.0,0.0,0.0,0.0,0.0,0.0,0.0,0.0,0.0,0,0,0,0,0,0,0,0,0,0,0,1,0,0,1,0,0
675128963,23.624592,23.813454,0.0,0.002112036,-1.0,0.59806335,0.42227298,1.0582253,nan,6,3.968909,3.968909,3.968909,3.968909,3.968909,3.968909,0.0,0.0,0.0,0.0,0.0,0.0,0.0,0.0,0.0,0.0,0.0,0.0,0.0,0.0,0,0,0,0,0,0,0,0,0,0,0,1,0,0,1,0,0
675328878,23.5772,23.825218,0.0,0.00142134,-1.0,0.59806335,0.42717487,1.0577028,nan,6,3.9708698,3.9708698,3.9708698,3.9708698,3.9708698,3.9708698,0.0,0.0,0.0,0.0,0.0,0.0,0.0,0.0,0.0,0.0,0.0,0.0,0.0,0.0,0,0,0,0,0,0,0,0,0,0,0,1,0,0,1,0,0
675529138,23.732138,23.84204,0.0,0.0009565213,-1.0,0.59806335,0.43418342,1.0569565,nan,6,3.973673,3.973673,3.973673,3.973673,3.973673,3.973673,0.0,0.0,0.0,0.0,0.0,0.0,0.0,0.0,0.0,0.0,0.0,0.0,0.0,0.0,0,0,0,0,0,0,0,0,0,0,0,1,0,0,1,0,0
675738877,23.871586,23.839039,0.0,0.0006310896,-1.0,0.59806335,0.43293315,1.0570896,nan,6,3.9731731,3.9731731,3.9731731,3.9731731,3.9731731,3.9731731,0.0,0.0,0.0,0.0,0.0,0.0,0.0,0.0,0.0,0.0,0.0,0.0,0.0,0.0,0,0,0,0,0,0,0,0,0,0,0,1,0,0,1,0,0
675928878,23.522514,23.826406,0.0,0.0004331994,-1.0,0.59806335,0.42766982,1.05765,nan,6,3.9710677,3.9710677,3.9710677,3.9710677,3.9710677,3.9710677,0.0,0.0,0.0,0.0,0.0,0.0,0.0,0.0,0.0,0.0,0.0,0.0,0.0,0.0,0,0,0,0,0,0,0,0,0,0,0,1,0,0,1,0,0
676128877,23.586313,23.822102,0.0,0.00029153077,-1.0,0.59806335,0.42587596,1.0578412,nan,6,3.9703503,3.9703503,3.9703503,3.9703503,3.9703503,3.9703503,0.0,0.0,0.0,0.0,0.0,0.0,0.0,0.0,0.0,0.0,0.0,0.0,0.0,0.0,0,0,0,0,0,0,0,0,0,0,0,1,0,0,1,0,0
676338878,24.219742,23.847237,0.0,0.0002879977,-1.0,0.5980786,0.4363492,1.0567261,nan,6,3.9745395,3.9745395,3.9745395,3.9745395,3.9745395,3.9745395,0.0,0.0,0.0,0.0,0.0,0.0,0.0,0.0,0.0,0.0,0.0,0.0,0.0,0.0,0,0,0,0,0,0,0,0,0,0,0,1,0,0,1,0,0
676528881,23.898014,23.853758,0.0,0.015127695,-1.0,0.60050035,0.43906623,1.0564373,nan,6,3.9756262,3.9756262,3.9756262,3.9756262,3.9756262,3.9756262,0.0,0.0,0.0,0.0,0.0,0.0,0.0,0.0,0.0,0.0,0.0,0.0,0.0,0.0,0,0,0,0,0,0,0,0,0,0,0,1,0,0,1,0,0
676730402,23.211725,23.845062,0.0,0.0111242505,-1.0,0.6006763,0.43544322,1.0568225,nan,6,3.9741771,3.9741771,3.9741771,3.9741771,3.9741771,3.9741771,0.0,0.0,0.0,0.0,0.0,0.0,0.0,0.0,0.0,0.0,0.0,0.0,0.0,0.0,0,0,0,0,0,0,0,0,0,0,0,1,0,0,1,0,0
676938951,23.664696,23.818363,0.0,0.022344938,-1.0,0.60337996,0.4243186,1.0580071,nan,6,3.9697273,3.9697273,3.9697273,3.9697273,3.9697273,3.9697273,0.0,0.0,0.0,0.0,0.0,0.0,0.0,0.0,0.0,0.0,0.0,0.0,0.0,0.0,0,0,0,0,0,0,0,0,0,0,0,1,0,0,1,0,0
677138899,23.794115,23.785906,0.0,0.028680125,-1.0,0.6060333,0.41079456,1.0594509,nan,6,3.9643176,3.9643176,3.9643176,3.9643176,3.9643176,3.9643176,0.0,0.0,0.0,0.0,0.0,0.0,0.0,0.0,0.0,0.0,0.0,0.0,0.0,0.0,0,0,0,0,0,0,0,0,0,0,0,1,0,0,1,0,0
677328877,23.419525,23.770784,0.0,0.031309452,-1.0,0.60789,0.40449363,1.0601249,nan,6,3.9617975,3.9617975,3.9617975,3.9617975,3.9617975,3.9617975,0.0,0.0,0.0,0.0,0.0,0.0,0.0,0.0,0.0,0.0,0.0,0.0,0.0,0.0,0,0,0,0,0,0,0,0,0,0,0,1,0,0,1,0,0
677528878,23.060432,23.758608,0.0,0.038184382,-1.0,0.61084545,0.39942008,1.0606682,nan,6,3.959768,3.959768,3.959768,3.959768,3.959768,3.959768,0.0,0.0,0.0,0.0,0.0,0.0,0.0,0.0,0.0,0.0,0.0,0.0,0.0,0.0,0,0,0,0,0,0,0,0,0,0,0,1,0,0,1,0,0
677728878,24.123133,23.741266,0.1062125,0.027779592,-1.0,0.61113834,0.3921941,1.061443,nan,6,3.9568777,3.9568777,3.9568777,3.9568777,3.9568777,3.9568777,0.0,0.0,0.0,0.0,0.0,0.0,0.0,0.0,0.0,0.0,0.0,0.0,0.0,0.0,0,0,0,0,0,0,0,0,0,0,0,1,0,0,1,0,0
677928877,24.253464,23.759598,0.0,0.04096888,-1.0,0.6150899,0.39983302,1.060624,nan,6,3.959933,3.959933,3.959933,3.959933,3.959933,3.959933,0.0,0.0,0.0,0.0,0.0,0.0,0.0,0.0,0.0,0.0,0.0,0.0,0.0,0.0,0,0,0,0,0,0,0,0,0,0,0,1,0,0,1,0,0
678128880,23.978218,23.78361,0.0,0.027570887,-1.0,0.6150899,0.40983707,1.0595533,nan,6,3.963935,3.963935,3.963935,3.963935,3.963935,3.963935,0.0,0.0,0.0,0.0,0.0,0.0,0.0,0.0,0.0,0.0,0.0,0.0,0.0,0.0,0,0,0,0,0,0,0,0,0,0,0,1,0,0,1,0,0
678338877,23.90075,23.79427,0.0,0.018190606,-1.0,0.6150899,0.41427928,1.0590785,nan,6,3.9657116,3.9657116,3.9657116,3.9657116,3.9657116,3.9657116,0.0,0.0,0.0,0.0,0.0,0.0,0.0,0.0,0.0,0.0,0.0,0.0,0.0,0.0,0,0,0,0,0,0,0,0,0,0,0,1,0,0,1,0,0
678538895,23.75766,23.795012,0.0,0.013575155,-1.0,0.6152984,0.41458827,1.0590456,nan,6,3.9658353,3.9658353,3.9658353,3.9658353,3.9658353,3.9658353,0.0,0.0,0.0,0.0,0.0,0.0,0.0,0.0,0.0,0.0,0.0,0.0,0.0,0.0,0,0,0,0,0,0,0,0,0,0,0,1,0,0,1,0,0
678728938,23.397654,23.763243,0.0,0.014327437,-1.0,0.6160663,0.40135127,1.0604613,nan,6,3.9605405,3.9605405,3.9605405,3.9605405,3.9605405,3.9605405,0.0,0.0,0.0,0.0,0.0,0.0,0.0,0.0,0.0,0.0,0.0,0.0,0.0,0.0,0,0,0,0,0,0,0,0,0,0,0,1,0,0,1,0,0
678928878,23.44231,23.762897,0.0,0.022216173,-1.0,0.61860454,0.40120727,1.0604767,nan,6,3.9604828,3.9604828,3.9604828,3.9604828,3.9604828,3.9604828,0.0,0.0,0.0,0.0,0.0,0.0,0.0,0.0,0.0,0.0,0.0,0.0,0.0,0.0,0,0,0,0,0,0,0,0,0,0,0,1,0,0,1,0,0
679128893,23.854267,23.787556,0.0,0.017809836,-1.0,0.6191285,0.41148216,1.0593774,nan,6,3.9645927,3.9645927,3.9645927,3.9645927,3.9645927,3.9645927,0.0,0.0,0.0,0.0,0.0,0.0,0.0,0.0,0.0,0.0,0.0,0.0,0.0,0.0,0,0,0,0,0,0,0,0,0,0,0,1,0,0,1,0,0
679328877,24.04384,23.788155,0.0,0.011985511,-1.0,0.6191285,0.41173106,1.0593507,nan,6,3.9646924,3.9646924,3.9646924,3.9646924,3.9646924,3.9646924,0.0,0.0,0.0,0.0,0.0,0.0,0.0,0.0,0.0,0.0,0.0,0.0,0.0,0.0,0,0,0,0,0,0,0,0,0,0,0,1,0,0,1,0,0
679528971,23.522514,23.776155,0.0,0.008065906,-1.0,0.6191285,0.4067319,1.0598853,nan,6,3.9626925,3.9626925,3.9626925,3.9626925,3.9626925,3.9626925,0.0,0.0,0.0,0.0,0.0,0.0,0.0,0.0,0.0,0.0,0.0,0.0,0.0,0.0,0,0,0,0,0,0,0,0,0,0,0,1,0,0,1,0,0
679738947,23.177092,23.751556,0.0,0.025161084,-1.0,0.62257737,0.3964818,1.0609831,nan,6,3.9585927,3.9585927,3.9585927,3.9585927,3.9585927,3.9585927,0.0,0.0,0.0,0.0,0.0,0.0,0.0,0.0,0.0,0.0,0.0,0.0,0.0,0.0,0,0,0,0,0,0,0,0,0,0,0,1,0,0,1,0,0
679938876,23.516136,23.729992,0.0,0.023674842,-1.0,0.62369645,0.38749725,1.0619472,nan,6,3.9549987,3.9549987,3.9549987,3.9549987,3.9549987,3.9549987,0.0,0.0,0.0,0.0,0.0,0.0,0.0,0.0,0.0,0.0,0.0,0.0,0.0,0.0,0,0,0,0,0,0,0,0,0,0,0,1,0,0,1,0,0
680139536,23.599073,23.697056,0.0,0.021715116,-1.0,0.62469816,0.37377387,1.0634232,nan,6,3.9495094,3.9495094,3.9495094,3.9495094,3.9495094,3.9495094,0.0,0.0,0.0,0.0,0.0,0.0,0.0,0.0,0.0,0.0,0.0,0.0,0.0,0.0,0,0,0,0,0,0,0,0,0,0,0,1,0,0,1,0,0
680338979,23.517048,23.69443,0.0,0.021823307,-1.0,0.6260216,0.37267905,1.0635412,nan,6,3.9490716,3.9490716,3.9490716,3.9490716,3.9490716,3.9490716,0.0,0.0,0.0,0.0,0.0,0.0,0.0,0.0,0.0,0.0,0.0,0.0,0.0,0.0,0,0,0,0,0,0,0,0,0,0,0,1,0,0,1,0,0
680528916,24.073006,23.70399,0.0293,0.022590715,-1.0,0.6275822,0.3766635,1.063112,nan,6,3.9506652,3.9506652,3.9506652,3.9506652,3.9506652,3.9506652,0.0,0.0,0.0,0.0,0.0,0.0,0.0,0.0,0.0,0.0,0.0,0.0,0.0,0.0,0,0,0,0,0,0,0,0,0,0,0,1,0,0,1,0,0
680730102,23.886168,23.696234,0.0,0.018194625,-1.0,0.6281634,0.37343055,1.0634601,nan,6,3.9493723,3.9493723,3.9493723,3.9493723,3.9493723,3.9493723,0.0,0.0,0.0,0.0,0.0,0.0,0.0,0.0,0.0,0.0,0.0,0.0,0.0,0.0,0,0,0,0,0,0,0,0,0,0,0,1,0,0,1,0,0
680928879,23.721203,23.720797,0.0,0.08008292,-1.0,0.6396332,0.38366538,1.062359,nan,6,3.9534662,3.9534662,3.9534662,3.9534662,3.9534662,3.9534662,0.0,0.0,0.0,0.0,0.0,0.0,0.0,0.0,0.0,0.0,0.0,0.0,0.0,0.0,0,0,0,0,0,0,0,0,0,0,0,1,0,0,1,0,0
681138879,23.058609,23.71101,0.0,0.054743584,-1.0,0.63994354,0.37958747,1.0627974,nan,6,3.951835,3.951835,3.951835,3.951835,3.951835,3.951835,0.0,0.0,0.0,0.0,0.0,0.0,0.0,0.0,0.0,0.0,0.0,0.0,0.0,0.0,0,0,0,0,0,0,0,0,0,0,0,1,0,0,1,0,0
681328877,23.925358,23.71996,0.0,0.047219258,-1.0,0.641684,0.38331634,1.0623964,nan,6,3.9533265,3.9533265,3.9533265,3.9533265,3.9533265,3.9533265,0.0,0.0,0.0,0.0,0.0,0.0,0.0,0.0,0.0,0.0,0.0,0.0,0.0,0.0,0,0,0,0,0,0,0,0,0,0,0,1,0,0,1,0,0
681528920,23.558971,23.720074,0.0,0.03254336,-1.0,0.64181113,0.38336402,1.0623913,nan,6,3.9533455,3.9533455,3.9533455,3.9533455,3.9533455,3.9533455,0.0,0.0,0.0,0.0,0.0,0.0,0.0,0.0,0.0,0.0,0.0,0.0,0.0,0.0,0,0,0,0,0,0,0,0,0,0,0,1,0,0,1,0,0
681728878,23.541655,23.72891,0.0,0.039503876,-1.0,0.64523524,0.38704616,1.0619956,nan,6,3.9548185,3.9548185,3.9548185,3.9548185,3.9548185,3.9548185,0.0,0.0,0.0,0.0,0.0,0.0,0.0,0.0,0.0,0.0,0.0,0.0,0.0,0.0,0,0,0,0,0,0,0,0,0,0,0,1,0,0,1,0,0
681928879,23.833305,23.724306,0.0,0.027238883,-1.0,0.6453626,0.38512737,1.0622017,nan,6,3.954051,3.954051,3.954051,3.954051,3.954051,3.954051,0.0,0.0,0.0,0.0,0.0,0.0,0.0,0.0,0.0,0.0,0.0,0.0,0.0,0.0,0,0,0,0,0,0,0,0,0,0,0,1,0,0,1,0,0
682128877,23.2737,23.722326,0.0,0.02786938,-1.0,0.6473261,0.38430244,1.0622904,nan,6,3.953721,3.953721,3.953721,3.953721,3.953721,3.953721,0.0,0.0,0.0,0.0,0.0,0.0,0.0,0.0,0.0,0.0,0.0,0.0,0.0,0.0,0,0,0,0,0,0,0,0,0,0,0,1,0,0,1,0,0
682328877,23.250916,23.720798,0.0,0.03392992,-1.0,0.650037,0.38366634,1.0623587,nan,6,3.9534664,3.9534664,3.9534664,3.9534664,3.9534664,3.9534664,0.0,0.0,0.0,0.0,0.0,0.0,0.0,0.0,0.0,0.0,0.0,0.0,0.0,0.0,0,0,0,0,0,0,0,0,0,0,0,1,0,0,1,0,0
682538878,23.134256,23.688671,0.0,0.025768427,-1.0,0.650566,0.3702796,1.0637996,nan,6,3.9481118,3.9481118,3.9481118,3.9481118,3.9481118,3.9481118,0.0,0.0,0.0,0.0,0.0,0.0,0.0,0.0,0.0,0.0,0.0,0.0,0.0,0.0,0,0,0,0,0,0,0,0,0,0,0,1,0,0,1,0,0
682738956,22.998455,23.684387,0.0,0.0334532,-1.0,0.6530012,0.3684953,1.063992,nan,6,3.947398,3.947398,3.947398,3.947398,3.947398,3.947398,0.0,0.0,0.0,0.0,0.0,0.0,0.0,0.0,0.0,0.0,0.0,0.0,0.0,0.0,0,0,0,0,0,0,0,0,0,0,0,1,0,0,1,0,0
682928878,23.689304,23.65544,0.0,0.022963306,-1.0,0.6530012,0.3564332,1.0652941,nan,6,3.9425733,3.9425733,3.9425733,3.9425733,3.9425733,3.9425733,0.0,0.0,0.0,0.0,0.0,0.0,0.0,0.0,0.0,0.0,0.0,0.0,0.0,0.0,0,0,0,0,0,0,0,0,0,0,0,1,0,0,1,0,0
683128877,23.124231,23.641312,0.0,0.016350973,-1.0,0.6531275,0.35054713,1.0659306,nan,6,3.9402187,3.9402187,3.9402187,3.9402187,3.9402187,3.9402187,0.0,0.0,0.0,0.0,0.0,0.0,0.0,0.0,0.0,0.0,0.0,0.0,0.0,0.0,0,0,0,0,0,0,0,0,0,0,0,1,0,0,1,0,0
683329967,24.097614,23.687168,0.02746875,0.04202437,-1.0,0.6589999,0.369654,1.0638671,nan,6,3.9478614,3.9478614,3.9478614,3.9478614,3.9478614,3.9478614,0.0,0.0,0.0,0.0,0.0,0.0,0.0,0.0,0.0,0.0,0.0,0.0,0.0,0.0,0,0,0,0,0,0,0,0,0,0,0,1,0,0,1,0,0
683528882,23.795027,23.710135,0.0,0.029275129,-1.0,0.6592089,0.37922317,1.0628365,nan,6,3.951689,3.951689,3.951689,3.951689,3.951689,3.951689,0.0,0.0,0.0,0.0,0.0,0.0,0.0,0.0,0.0,0.0,0.0,0.0,0.0,0.0,0,0,0,0,0,0,0,0,0,0,0,1,0,0,1,0,0
683728908,24.163237,23.755877,0.0,0.019701324,-1.0,0.6592089,0.39828235,1.0607901,nan,6,3.9593127,3.9593127,3.9593127,3.9593127,3.9593127,3.9593127,0.0,0.0,0.0,0.0,0.0,0.0,0.0,0.0,0.0,0.0,0.0,0.0,0.0,0.0,0,0,0,0,0,0,0,0,0,0,0,1,0,0,1,0,0
683938878,23.989155,23.787365,0.0,0.012998456,-1.0,0.6592089,0.41140205,1.0593859,nan,6,3.9645607,3.9645607,3.9645607,3.9645607,3.9645607,3.9645607,0.0,0.0,0.0,0.0,0.0,0.0,0.0,0.0,0.0,0.0,0.0,0.0,0.0,0.0,0,0,0,0,0,0,0,0,0,0,0,1,0,0,1,0,0
684138878,23.950876,23.810795,0.0,0.008747589,-1.0,0.6592089,0.4211648,1.0583434,nan,6,3.9684658,3.9684658,3.9684658,3.9684658,3.9684658,3.9684658,0.0,0.0,0.0,0.0,0.0,0.0,0.0,0.0,0.0,0.0,0.0,0.0,0.0,0.0,0,0,0,0,0,0,0,0,0,0,0,1,0,0,1,0,0
684339137,24.092144,23.8248,0.0,0.005886877,-1.0,0.6592089,0.42700034,1.0577214,nan,6,3.9708002,3.9708002,3.9708002,3.9708002,3.9708002,3.9708002,0.0,0.0,0.0,0.0,0.0,0.0,0.0,0.0,0.0,0.0,0.0,0.0,0.0,0.0,0,0,0,0,0,0,0,0,0,0,0,1,0,0,1,0,0
684529595,23.765862,23.827566,0.0,0.004040934,-1.0,0.6592089,0.42815238,1.0575986,nan,6,3.971261,3.971261,3.971261,3.971261,3.971261,3.971261,0.0,0.0,0.0,0.0,0.0,0.0,0.0,0.0,0.0,0.0,0.0,0.0,0.0,0.0,0,0,0,0,0,0,0,0,0,0,0,1,0,0,1,0,0
684728877,23.828749,23.841837,0.0,0.002719433,-1.0,0.6592089,0.43409854,1.0569656,nan,6,3.9736395,3.9736395,3.9736395,3.9736395,3.9736395,3.9736395,0.0,0.0,0.0,0.0,0.0,0.0,0.0,0.0,0.0,0.0,0.0,0.0,0.0,0.0,0,0,0,0,0,0,0,0,0,0,0,1,0,0,1,0,0
684928878,23.445957,23.835537,0.0,0.0018301008,-1.0,0.6592089,0.43147403,1.0572449,nan,6,3.9725895,3.9725895,3.9725895,3.9725895,3.9725895,3.9725895,0.0,0.0,0.0,0.0,0.0,0.0,0.0,0.0,0.0,0.0,0.0,0.0,0.0,0.0,0,0,0,0,0,0,0,0,0,0,0,1,0,0,1,0,0
685128878,23.466919,23.80649,0.0,0.0016691511,-1.0,0.6592953,0.41937095,1.0585349,nan,6,3.9677484,3.9677484,3.9677484,3.9677484,3.9677484,3.9677484,0.0,0.0,0.0,0.0,0.0,0.0,0.0,0.0,0.0,0.0,0.0,0.0,0.0,0.0,0,0,0,0,0,0,0,0,0,0,0,1,0,0,1,0,0
685338878,23.000278,23.769613,0.0,0.005960273,-1.0,0.6601959,0.40400535,1.0601771,nan,6,3.9616022,3.9616022,3.9616022,3.9616022,3.9616022,3.9616022,0.0,0.0,0.0,0.0,0.0,0.0,0.0,0.0,0.0,0.0,0.0,0.0,0.0,0.0,0,0,0,0,0,0,0,0,0,0,0,1,0,0,1,0,0
685539241,23.098711,23.736288,0.0,0.013111687,-1.0,0.66194916,0.39011985,1.0616655,nan,6,3.956048,3.956048,3.956048,3.956048,3.956048,3.956048,0.0,0.0,0.0,0.0,0.0,0.0,0.0,0.0,0.0,0.0,0.0,0.0,0.0,0.0,0,0,0,0,0,0,0,0,0,0,0,1,0,0,1,0,0
685738957,23.950876,23.741636,0.0,0.04440415,-1.0,0.66785663,0.3923486,1.0614264,nan,6,3.9569395,3.9569395,3.9569395,3.9569395,3.9569395,3.9569395,0.0,0.0,0.0,0.0,0.0,0.0,0.0,0.0,0.0,0.0,0.0,0.0,0.0,0.0,0,0,0,0,0,0,0,0,0,0,0,1,0,0,1,0,0
685929091,23.732138,23.72091,0.0,0.03542041,-1.0,0.668602,0.3837121,1.0623538,nan,6,3.9534848,3.9534848,3.9534848,3.9534848,3.9534848,3.9534848,0.0,0.0,0.0,0.0,0.0,0.0,0.0,0.0,0.0,0.0,0.0,0.0,0.0,0.0,0,0,0,0,0,0,0,0,0,0,0,1,0,0,1,0,0
686128901,22.640272,23.680079,0.0,0.04901268,-1.0,0.6732143,0.36669952,1.0641856,nan,6,3.9466798,3.9466798,3.9466798,3.9466798,3.9466798,3.9466798,0.0,0.0,0.0,0.0,0.0,0.0,0.0,0.0,0.0,0.0,0.0,0.0,0.0,0.0,0,0,0,0,0,0,0,0,0,0,0,1,0,0,1,0,0
686328881,22.786098,23.638142,0.0,0.04880736,-1.0,0.67563975,0.3492263,1.0660735,nan,6,3.9396904,3.9396904,3.9396904,3.9396904,3.9396904,3.9396904,0.0,0.0,0.0,0.0,0.0,0.0,0.0,0.0,0.0,0.0,0.0,0.0,0.0,0.0,0,0,0,0,0,0,0,0,0,0,0,1,0,0,1,0,0
686529557,22.78154,23.608122,0.0,0.032845955,-1.0,0.67563975,0.3367179,1.0674292,nan,6,3.934687,3.934687,3.934687,3.934687,3.934687,3.934687,0.0,0.0,0.0,0.0,0.0,0.0,0.0,0.0,0.0,0.0,0.0,0.0,0.0,0.0,0,0,0,0,0,0,0,0,0,0,0,1,0,0,1,0,0
686739994,23.70115,23.61242,0.0,0.034874883,-1.0,0.6776829,0.33850795,1.067235,nan,6,3.935403,3.935403,3.935403,3.935403,3.935403,3.935403,0.0,0.0,0.0,0.0,0.0,0.0,0.0,0.0,0.0,0.0,0.0,0.0,0.0,0.0,0,0,0,0,0,0,0,0,0,0,0,1,0,0,1,0,0
686938880,23.14246,23.572224,0.0,0.023469795,-1.0,0.6776829,0.32176048,1.0690547,nan,6,3.928704,3.928704,3.928704,3.928704,3.928704,3.928704,0.0,0.0,0.0,0.0,0.0,0.0,0.0,0.0,0.0,0.0,0.0,0.0,0.0,0.0,0,0,0,0,0,0,0,0,0,0,0,1,0,0,1,0,0
687138891,23.463274,23.580858,0.0,0.020040218,-1.0,0.6783139,0.32535774,1.0686634,nan,6,3.930143,3.930143,3.930143,3.930143,3.930143,3.930143,0.0,0.0,0.0,0.0,0.0,0.0,0.0,0.0,0.0,0.0,0.0,0.0,0.0,0.0,0,0,0,0,0,0,0,0,0,0,0,1,0,0,1,0,0
687328878,23.922623,23.565962,0.0,0.014305505,-1.0,0.67842096,0.31915122,1.0693388,nan,6,3.9276602,3.9276602,3.9276602,3.9276602,3.9276602,3.9276602,0.0,0.0,0.0,0.0,0.0,0.0,0.0,0.0,0.0,0.0,0.0,0.0,0.0,0.0,0,0,0,0,0,0,0,0,0,0,0,1,0,0,1,0,0
687528877,24.37286,23.566006,1.1866499,0.044664863,-1.0,0.68403673,0.31916934,1.0693369,nan,6,3.9276676,3.9276676,3.9276676,3.9276676,3.9276676,3.9276676,0.0,0.0,0.0,0.0,0.0,0.0,0.0,0.0,0.0,0.0,0.0,0.0,0.0,0.0,0,0,0,0,0,0,0,0,0,0,0,1,0,0,1,0,0
687728913,23.79138,23.558805,0.0,0.035149843,-1.0,0.68479466,0.31616908,1.0696636,nan,6,3.9264677,3.9264677,3.9264677,3.9264677,3.9264677,3.9264677,0.0,0.0,0.0,0.0,0.0,0.0,0.0,0.0,0.0,0.0,0.0,0.0,0.0,0.0,0,0,0,0,0,0,0,0,0,0,0,1,0,0,1,0,0
687928877,23.115118,23.546152,0.0,0.023654835,-1.0,0.68479466,0.31089717,1.0702385,nan,6,3.9243586,3.9243586,3.9243586,3.9243586,3.9243586,3.9243586,0.0,0.0,0.0,0.0,0.0,0.0,0.0,0.0,0.0,0.0,0.0,0.0,0.0,0.0,0,0,0,0,0,0,0,0,0,0,0,1,0,0,1,0,0
688138883,23.678366,23.555077,0.0,0.053930786,-1.0,0.6907647,0.31461555,1.069833,nan,6,3.925846,3.925846,3.925846,3.925846,3.925846,3.925846,0.0,0.0,0.0,0.0,0.0,0.0,0.0,0.0,0.0,0.0,0.0,0.0,0.0,0.0,0,0,0,0,0,0,0,0,0,0,0,1,0,0,1,0,0
688339651,23.468742,23.546623,0.0,0.036422092,-1.0,0.69079167,0.31109363,1.0702171,nan,6,3.9244373,3.9244373,3.9244373,3.9244373,3.9244373,3.9244373,0.0,0.0,0.0,0.0,0.0,0.0,0.0,0.0,0.0,0.0,0.0,0.0,0.0,0.0,0,0,0,0,0,0,0,0,0,0,0,1,0,0,1,0,0
688528877,23.49882,23.569696,0.0,0.03461772,-1.0,0.69246215,0.32070667,1.0691695,nan,6,3.9282827,3.9282827,3.9282827,3.9282827,3.9282827,3.9282827,0.0,0.0,0.0,0.0,0.0,0.0,0.0,0.0,0.0,0.0,0.0,0.0,0.0,0.0,0,0,0,0,0,0,0,0,0,0,0,1,0,0,1,0,0
688728958,23.107824,23.559969,0.0,0.033651702,-1.0,0.69437486,0.31665355,1.069611,nan,6,3.9266615,3.9266615,3.9266615,3.9266615,3.9266615,3.9266615,0.0,0.0,0.0,0.0,0.0,0.0,0.0,0.0,0.0,0.0,0.0,0.0,0.0,0.0,0,0,0,0,0,0,0,0,0,0,0,1,0,0,1,0,0
688928900,23.150661,23.551004,0.0,0.053671036,-1.0,0.69955045,0.31291896,1.0700179,nan,6,3.9251673,3.9251673,3.9251673,3.9251673,3.9251673,3.9251673,0.0,0.0,0.0,0.0,0.0,0.0,0.0,0.0,0.0,0.0,0.0,0.0,0.0,0.0,0,0,0,0,0,0,0,0,0,0,0,1,0,0,1,0,0
689128912,23.516136,23.560968,0.0,0.04206538,-1.0,0.7004406,0.3170703,1.0695654,nan,6,3.9268281,3.9268281,3.9268281,3.9268281,3.9268281,3.9268281,0.0,0.0,0.0,0.0,0.0,0.0,0.0,0.0,0.0,0.0,0.0,0.0,0.0,0.0,0,0,0,0,0,0,0,0,0,0,0,1,0,0,1,0,0
689328926,23.438667,23.560183,0.0,0.032102656,-1.0,0.70106375,0.3167432,1.0696012,nan,6,3.926697,3.926697,3.926697,3.926697,3.926697,3.926697,0.0,0.0,0.0,0.0,0.0,0.0,0.0,0.0,0.0,0.0,0.0,0.0,0.0,0.0,0,0,0,0,0,0,0,0,0,0,0,1,0,0,1,0,0
689538898,23.578112,23.552553,0.0,0.027929211,-1.0,0.7021931,0.31356364,1.0699477,nan,6,3.9254255,3.9254255,3.9254255,3.9254255,3.9254255,3.9254255,0.0,0.0,0.0,0.0,0.0,0.0,0.0,0.0,0.0,0.0,0.0,0.0,0.0,0.0,0,0,0,0,0,0,0,0,0,0,0,1,0,0,1,0,0
689738949,23.034,23.553808,0.0,0.051983356,-1.0,0.7079888,0.3140872,1.0698906,nan,6,3.9256346,3.9256346,3.9256346,3.9256346,3.9256346,3.9256346,0.0,0.0,0.0,0.0,0.0,0.0,0.0,0.0,0.0,0.0,0.0,0.0,0.0,0.0,0,0,0,0,0,0,0,0,0,0,0,1,0,0,1,0,0
689928877,23.527071,23.549053,0.0,0.05879421,-1.0,0.7125331,0.31210548,1.0701067,nan,6,3.9248421,3.9248421,3.9248421,3.9248421,3.9248421,3.9248421,0.0,0.0,0.0,0.0,0.0,0.0,0.0,0.0,0.0,0.0,0.0,0.0,0.0,0.0,0,0,0,0,0,0,0,0,0,0,0,1,0,0,1,0,0
690128877,22.913694,23.526903,0.0,0.044171322,-1.0,0.7133045,0.30287677,1.0711141,nan,6,3.9211504,3.9211504,3.9211504,3.9211504,3.9211504,3.9211504,0.0,0.0,0.0,0.0,0.0,0.0,0.0,0.0,0.0,0.0,0.0,0.0,0.0,0.0,0,0,0,0,0,0,0,0,0,0,0,1,0,0,1,0,0
690340017,24.00374,23.51371,0.0,0.029215664,-1.0,0.7133198,0.2973798,1.0717151,nan,6,3.9189517,3.9189517,3.9189517,3.9189517,3.9189517,3.9189517,0.0,0.0,0.0,0.0,0.0,0.0,0.0,0.0,0.0,0.0,0.0,0.0,0.0,0.0,0,0,0,0,0,0,0,0,0,0,0,1,0,0,1,0,1
690529849,23.828749,23.507593,0.0,0.021469548,-1.0,0.71356326,0.29483062,1.071994,nan,6,3.9179323,3.9179323,3.9179323,3.9179323,3.9179323,3.9179323,0.0,0.0,0.0,0.0,0.0,0.0,0.0,0.0,0.0,0.0,0.0,0.0,0.0,0.0,0,0,0,0,0,0,0,0,0,0,0,1,0,0,1,0,1
690729826,23.18894,23.501549,0.0,0.01814301,-1.0,0.7142711,0.29231197,1.0722697,nan,6,3.9169247,3.9169247,3.9169247,3.9169247,3.9169247,3.9169247,0.0,0.0,0.0,0.0,0.0,0.0,0.0,0.0,0.0,0.0,0.0,0.0,0.0,0.0,0,0,0,0,0,0,0,0,0,0,0,1,0,0,1,0,1
690939089,23.347527,23.509544,0.0,0.025608713,-1.0,0.71648425,0.2956441,1.071905,nan,6,3.9182575,3.9182575,3.9182575,3.9182575,3.9182575,3.9182575,0.0,0.0,0.0,0.0,0.0,0.0,0.0,0.0,0.0,0.0,0.0,0.0,0.0,0.0,0,0,0,0,0,0,0,0,0,0,0,1,0,0,1,0,1
691138876,23.231777,23.505459,0.0,0.017432118,-1.0,0.7165264,0.2939418,1.0720913,nan,6,3.9175766,3.9175766,3.9175766,3.9175766,3.9175766,3.9175766,0.0,0.0,0.0,0.0,0.0,0.0,0.0,0.0,0.0,0.0,0.0,0.0,0.0,0.0,0,0,0,0,0,0,0,0,0,0,0,1,0,0,1,0,1
691328877,23.730318,23.495262,0.0,0.01196594,-1.0,0.7165264,0.28969318,1.0725566,nan,6,3.915877,3.915877,3.915877,3.915877,3.915877,3.915877,0.0,0.0,0.0,0.0,0.0,0.0,0.0,0.0,0.0,0.0,0.0,0.0,0.0,0.0,0,0,0,0,0,0,0,0,0,0,0,1,0,0,1,0,1
691528877,23.956347,23.493124,0.23623124,0.03523902,-1.0,0.72111946,0.2888015,1.0726542,nan,6,3.9155207,3.9155207,3.9155207,3.9155207,3.9155207,3.9155207,0.0,0.0,0.0,0.0,0.0,0.0,0.0,0.0,0.0,0.0,0.0,0.0,0.0,0.0,0,0,0,0,0,0,0,0,0,0,0,1,0,0,1,0,1
691728912,23.631884,23.48654,0.0,0.03391782,-1.0,0.7227469,0.28605872,1.0729549,nan,6,3.9144232,3.9144232,3.9144232,3.9144232,3.9144232,3.9144232,0.0,0.0,0.0,0.0,0.0,0.0,0.0,0.0,0.0,0.0,0.0,0.0,0.0,0.0,0,0,0,0,0,0,0,0,0,0,0,1,0,0,1,0,1
691928879,23.25183,23.4631,0.0,0.029224558,-1.0,0.7238142,0.27629215,1.0740268,nan,6,3.9105167,3.9105167,3.9105167,3.9105167,3.9105167,3.9105167,0.0,0.0,0.0,0.0,0.0,0.0,0.0,0.0,0.0,0.0,0.0,0.0,0.0,0.0,0,0,0,0,0,0,0,0,0,0,0,1,0,0,1,0,1
692128912,22.856277,23.44577,0.0,0.039236654,-1.0,0.72724754,0.26907092,1.0748208,nan,6,3.9076283,3.9076283,3.9076283,3.9076283,3.9076283,3.9076283,0.0,0.0,0.0,0.0,0.0,0.0,0.0,0.0,0.0,0.0,0.0,0.0,0.0,0.0,0,0,0,0,0,0,0,0,0,0,0,1,0,0,1,0,1
692338999,23.543478,23.449648,0.0,0.054925013,-1.0,0.7319024,0.27068645,1.074643,nan,6,3.9082747,3.9082747,3.9082747,3.9082747,3.9082747,3.9082747,0.0,0.0,0.0,0.0,0.0,0.0,0.0,0.0,0.0,0.0,0.0,0.0,0.0,0.0,0,0,0,0,0,0,0,0,0,0,0,1,0,0,1,0,1
692538914,23.044025,23.4491,0.0,0.053334318,-1.0,0.7348686,0.27045852,1.074668,nan,6,3.9081833,3.9081833,3.9081833,3.9081833,3.9081833,3.9081833,0.0,0.0,0.0,0.0,0.0,0.0,0.0,0.0,0.0,0.0,0.0,0.0,0.0,0.0,0,0,0,0,0,0,0,0,0,0,0,1,0,0,1,0,1
692728940,23.949966,23.45019,0.0,0.05126445,-1.0,0.7374636,0.27091247,1.0746181,nan,6,3.908365,3.908365,3.908365,3.908365,3.908365,3.908365,0.0,0.0,0.0,0.0,0.0,0.0,0.0,0.0,0.0,0.0,0.0,0.0,0.0,0.0,0,0,0,0,0,0,0,0,0,0,0,1,0,0,1,0,1
692928878,23.352083,23.458685,0.0,0.05493733,-1.0,0.74072456,0.2744525,1.0742289,nan,6,3.9097807,3.9097807,3.9097807,3.9097807,3.9097807,3.9097807,0.0,0.0,0.0,0.0,0.0,0.0,0.0,0.0,0.0,0.0,0.0,0.0,0.0,0.0,0,0,0,0,0,0,0,0,0,0,0,1,0,0,1,0,1
693128877,23.779531,23.450752,0.0,0.040607437,-1.0,0.74137187,0.27114707,1.0745924,nan,6,3.9084587,3.9084587,3.9084587,3.9084587,3.9084587,3.9084587,0.0,0.0,0.0,0.0,0.0,0.0,0.0,0.0,0.0,0.0,0.0,0.0,0.0,0.0,0,0,0,0,0,0,0,0,0,0,0,1,0,0,1,0,1
693329439,23.939941,23.482893,0.06775625,0.031138536,-1.0,0.74200004,0.28453857,1.0731217,nan,6,3.9138155,3.9138155,3.9138155,3.9138155,3.9138155,3.9138155,0.0,0.0,0.0,0.0,0.0,0.0,0.0,0.0,0.0,0.0,0.0,0.0,0.0,0.0,0,0,0,0,0,0,0,0,0,0,0,1,0,0,1,0,1
693529877,23.690214,23.506666,0.0,0.022187442,-1.0,0.7421757,0.29444438,1.0720363,nan,6,3.9177778,3.9177778,3.9177778,3.9177778,3.9177778,3.9177778,0.0,0.0,0.0,0.0,0.0,0.0,0.0,0.0,0.0,0.0,0.0,0.0,0.0,0.0,0,0,0,0,0,0,0,0,0,0,0,1,0,0,1,0,1
693738881,23.69933,23.536785,0.0,0.024429277,-1.0,0.7441447,0.30699378,1.0706644,nan,6,3.9227974,3.9227974,3.9227974,3.9227974,3.9227974,3.9227974,0.0,0.0,0.0,0.0,0.0,0.0,0.0,0.0,0.0,0.0,0.0,0.0,0.0,0.0,0,0,0,0,0,0,0,0,0,0,0,1,0,0,1,0,0
693938881,23.437754,23.52725,0.0,0.020545043,-1.0,0.74491864,0.30302078,1.0710984,nan,6,3.9212084,3.9212084,3.9212084,3.9212084,3.9212084,3.9212084,0.0,0.0,0.0,0.0,0.0,0.0,0.0,0.0,0.0,0.0,0.0,0.0,0.0,0.0,0,0,0,0,0,0,0,0,0,0,0,1,0,0,1,0,0
694128878,23.870672,23.535133,0.016481249,0.025568847,-1.0,0.7470308,0.30630618,1.0707395,nan,6,3.9225223,3.9225223,3.9225223,3.9225223,3.9225223,3.9225223,0.0,0.0,0.0,0.0,0.0,0.0,0.0,0.0,0.0,0.0,0.0,0.0,0.0,0.0,0,0,0,0,0,0,0,0,0,0,0,1,0,0,1,0,0
694328879,22.907314,23.542892,0.0,0.026816715,-1.0,0.7487326,0.30953914,1.0703866,nan,6,3.9238155,3.9238155,3.9238155,3.9238155,3.9238155,3.9238155,0.0,0.0,0.0,0.0,0.0,0.0,0.0,0.0,0.0,0.0,0.0,0.0,0.0,0.0,0,0,0,0,0,0,0,0,0,0,0,1,0,0,1,0,0
694528877,23.764038,23.5389,0.0,0.018046884,-1.0,0.7487326,0.30787498,1.0705683,nan,6,3.92315,3.92315,3.92315,3.92315,3.92315,3.92315,0.0,0.0,0.0,0.0,0.0,0.0,0.0,0.0,0.0,0.0,0.0,0.0,0.0,0.0,0,0,0,0,0,0,0,0,0,0,0,1,0,0,1,0,0
694728962,23.714823,23.539127,0.0183125,0.012504105,-1.0,0.7487836,0.30797035,1.0705578,nan,6,3.923188,3.923188,3.923188,3.923188,3.923188,3.923188,0.0,0.0,0.0,0.0,0.0,0.0,0.0,0.0,0.0,0.0,0.0,0.0,0.0,0.0,0,0,0,0,0,0,0,0,0,0,0,1,0,0,1,0,0
694928877,23.869762,23.55679,0.0,0.008650555,-1.0,0.74882436,0.3153289,1.0697553,nan,6,3.9261315,3.9261315,3.9261315,3.9261315,3.9261315,3.9261315,0.0,0.0,0.0,0.0,0.0,0.0,0.0,0.0,0.0,0.0,0.0,0.0,0.0,0.0,0,0,0,0,0,0,0,0,0,0,0,1,0,0,1,0,0
695138889,23.213549,23.54129,0.0,0.005707426,-1.0,0.74882436,0.30887157,1.0704595,nan,6,3.9235485,3.9235485,3.9235485,3.9235485,3.9235485,3.9235485,0.0,0.0,0.0,0.0,0.0,0.0,0.0,0.0,0.0,0.0,0.0,0.0,0.0,0.0,0,0,0,0,0,0,0,0,0,0,0,1,0,0,1,0,0
695338878,23.653759,23.542921,0.0,0.010279335,-1.0,0.74996525,0.30955058,1.0703853,nan,6,3.9238203,3.9238203,3.9238203,3.9238203,3.9238203,3.9238203,0.0,0.0,0.0,0.0,0.0,0.0,0.0,0.0,0.0,0.0,0.0,0.0,0.0,0.0,0,0,0,0,0,0,0,0,0,0,0,1,0,0,1,0,0
695528881,23.931738,23.565588,0.0,0.01723058,-1.0,0.75165427,0.31899482,1.0693558,nan,6,3.927598,3.927598,3.927598,3.927598,3.927598,3.927598,0.0,0.0,0.0,0.0,0.0,0.0,0.0,0.0,0.0,0.0,0.0,0.0,0.0,0.0,0,0,0,0,0,0,0,0,0,0,0,1,0,0,1,0,0
695729175,24.62076,23.57695,0.300325,0.018153267,-1.0,0.7526079,0.3237298,1.0688405,nan,6,3.9294918,3.9294918,3.9294918,3.9294918,3.9294918,3.9294918,0.0,0.0,0.0,0.0,0.0,0.0,0.0,0.0,0.0,0.0,0.0,0.0,0.0,0.0,0,0,0,0,0,0,0,0,0,0,0,1,0,0,1,0,0
695929192,24.020144,23.637966,0.0,0.03468355,-1.0,0.7564273,0.34915286,1.0660815,nan,6,3.939661,3.939661,3.939661,3.939661,3.939661,3.939661,0.0,0.0,0.0,0.0,0.0,0.0,0.0,0.0,0.0,0.0,0.0,0.0,0.0,0.0,0,0,0,0,0,0,0,0,0,0,0,1,0,0,1,0,0
696129314,23.248182,23.624193,0.0,0.02334104,-1.0,0.7564273,0.34341365,1.0667031,nan,6,3.9373655,3.9373655,3.9373655,3.9373655,3.9373655,3.9373655,0.0,0.0,0.0,0.0,0.0,0.0,0.0,0.0,0.0,0.0,0.0,0.0,0.0,0.0,0,0,0,0,0,0,0,0,0,0,0,1,0,0,1,0,0
696328880,23.713911,23.610102,0.0,0.015707849,-1.0,0.7564273,0.33754283,1.0673397,nan,6,3.9350169,3.9350169,3.9350169,3.9350169,3.9350169,3.9350169,0.0,0.0,0.0,0.0,0.0,0.0,0.0,0.0,0.0,0.0,0.0,0.0,0.0,0.0,0,0,0,0,0,0,0,0,0,0,0,1,0,0,1,0,0
696538877,23.961813,23.647785,0.0,0.036864057,-1.0,0.76076084,0.35324413,1.0656389,nan,6,3.9412975,3.9412975,3.9412975,3.9412975,3.9412975,3.9412975,0.0,0.0,0.0,0.0,0.0,0.0,0.0,0.0,0.0,0.0,0.0,0.0,0.0,0.0,0,0,0,0,0,0,0,0,0,0,0,1,0,0,1,0,0
696740696,23.769506,23.658798,0.0,0.028101224,-1.0,0.76120096,0.3578332,1.0651428,nan,6,3.943133,3.943133,3.943133,3.943133,3.943133,3.943133,0.0,0.0,0.0,0.0,0.0,0.0,0.0,0.0,0.0,0.0,0.0,0.0,0.0,0.0,0,0,0,0,0,0,0,0,0,0,0,1,0,0,1,0,0
696928877,23.455982,23.652203,0.0,0.03770789,-1.0,0.76425815,0.35508472,1.0654398,nan,6,3.9420338,3.9420338,3.9420338,3.9420338,3.9420338,3.9420338,0.0,0.0,0.0,0.0,0.0,0.0,0.0,0.0,0.0,0.0,0.0,0.0,0.0,0.0,0,0,0,0,0,0,0,0,0,0,0,1,0,0,1,0,0
697128877,24.249819,23.674618,0.0,0.025925612,-1.0,0.764365,0.36442405,1.0644311,nan,6,3.9457695,3.9457695,3.9457695,3.9457695,3.9457695,3.9457695,0.0,0.0,0.0,0.0,0.0,0.0,0.0,0.0,0.0,0.0,0.0,0.0,0.0,0.0,0,0,0,0,0,0,0,0,0,0,0,1,0,0,1,0,0
697328880,23.554415,23.68002,0.0,0.017447194,-1.0,0.764365,0.36667472,1.0641882,nan,6,3.9466698,3.9466698,3.9466698,3.9466698,3.9466698,3.9466698,0.0,0.0,0.0,0.0,0.0,0.0,0.0,0.0,0.0,0.0,0.0,0.0,0.0,0.0,0,0,0,0,0,0,0,0,0,0,0,1,0,0,1,0,0
697528878,24.07483,23.710386,0.0,0.011741461,-1.0,0.764365,0.37932807,1.0628253,nan,6,3.951731,3.951731,3.951731,3.951731,3.951731,3.951731,0.0,0.0,0.0,0.0,0.0,0.0,0.0,0.0,0.0,0.0,0.0,0.0,0.0,0.0,0,0,0,0,0,0,0,0,0,0,0,1,0,0,1,0,0
697728878,23.682924,23.735424,0.0,0.007901668,-1.0,0.764365,0.38976032,1.0617042,nan,6,3.955904,3.955904,3.955904,3.955904,3.955904,3.955904,0.0,0.0,0.0,0.0,0.0,0.0,0.0,0.0,0.0,0.0,0.0,0.0,0.0,0.0,0,0,0,0,0,0,0,0,0,0,0,1,0,0,1,0,0
697938930,23.807787,23.769167,0.0,0.005213329,-1.0,0.764365,0.40381938,1.060197,nan,6,3.9615278,3.9615278,3.9615278,3.9615278,3.9615278,3.9615278,0.0,0.0,0.0,0.0,0.0,0.0,0.0,0.0,0.0,0.0,0.0,0.0,0.0,0.0,0,0,0,0,0,0,0,0,0,0,0,1,0,0,1,0,0
698138878,24.136805,23.794937,0.0,0.0035084214,-1.0,0.764365,0.41455775,1.0590488,nan,6,3.965823,3.965823,3.965823,3.965823,3.965823,3.965823,0.0,0.0,0.0,0.0,0.0,0.0,0.0,0.0,0.0,0.0,0.0,0.0,0.0,0.0,0,0,0,0,0,0,0,0,0,0,0,1,0,0,1,0,0
698328878,23.777708,23.82583,0.0,0.0045741806,-1.0,0.7647516,0.4274295,1.0576756,nan,6,3.9709718,3.9709718,3.9709718,3.9709718,3.9709718,3.9709718,0.0,0.0,0.0,0.0,0.0,0.0,0.0,0.0,0.0,0.0,0.0,0.0,0.0,0.0,0,0,0,0,0,0,0,0,0,0,0,1,0,0,1,0,0
698529082,24.091234,23.853191,0.0,0.0031702314,-1.0,0.7647679,0.43882972,1.0564624,nan,6,3.9755318,3.9755318,3.9755318,3.9755318,3.9755318,3.9755318,0.0,0.0,0.0,0.0,0.0,0.0,0.0,0.0,0.0,0.0,0.0,0.0,0.0,0.0,0,0,0,0,0,0,0,0,0,0,0,1,0,0,1,0,0
698729474,23.713911,23.820501,0.0,0.0031537714,-1.0,0.7649312,0.42520934,1.0579121,nan,6,3.9700835,3.9700835,3.9700835,3.9700835,3.9700835,3.9700835,0.0,0.0,0.0,0.0,0.0,0.0,0.0,0.0,0.0,0.0,0.0,0.0,0.0,0.0,0,0,0,0,0,0,0,0,0,0,0,1,0,0,1,0,0
698928899,24.143185,23.827995,0.02380625,0.0025891867,-1.0,0.76499736,0.42833167,1.0575795,nan,6,3.9713326,3.9713326,3.9713326,3.9713326,3.9713326,3.9713326,0.0,0.0,0.0,0.0,0.0,0.0,0.0,0.0,0.0,0.0,0.0,0.0,0.0,0.0,0,0,0,0,0,0,0,0,0,0,0,1,0,0,1,0,0
699128877,23.83695,23.842651,0.0,0.0036276416,-1.0,0.7653229,0.43443805,1.0569293,nan,6,3.9737751,3.9737751,3.9737751,3.9737751,3.9737751,3.9737751,0.0,0.0,0.0,0.0,0.0,0.0,0.0,0.0,0.0,0.0,0.0,0.0,0.0,0.0,0,0,0,0,0,0,0,0,0,0,0,1,0,0,1,0,0
699338877,23.794115,23.858606,0.0,0.0031326893,-1.0,0.76542974,0.4410861,1.0562227,nan,6,3.9764345,3.9764345,3.9764345,3.9764345,3.9764345,3.9764345,0.0,0.0,0.0,0.0,0.0,0.0,0.0,0.0,0.0,0.0,0.0,0.0,0.0,0.0,0,0,0,0,0,0,0,0,0,0,0,1,0,0,1,0,0
699528878,23.872496,23.86826,0.0,0.0021503747,-1.0,0.76542974,0.4451087,1.0557954,nan,6,3.9780433,3.9780433,3.9780433,3.9780433,3.9780433,3.9780433,0.0,0.0,0.0,0.0,0.0,0.0,0.0,0.0,0.0,0.0,0.0,0.0,0.0,0.0,0,0,0,0,0,0,0,0,0,0,0,1,0,0,1,0,0
699728876,23.785912,23.889582,0.0,0.0014471404,-1.0,0.76542974,0.4539922,1.0548532,nan,6,3.981597,3.981597,3.981597,3.981597,3.981597,3.981597,0.0,0.0,0.0,0.0,0.0,0.0,0.0,0.0,0.0,0.0,0.0,0.0,0.0,0.0,0,0,0,0,0,0,0,0,0,0,0,1,0,0,1,0,0
699928878,23.967283,23.913944,0.0,0.00097388413,-1.0,0.76542974,0.46414405,1.0537784,nan,6,3.9856575,3.9856575,3.9856575,3.9856575,3.9856575,3.9856575,0.0,0.0,0.0,0.0,0.0,0.0,0.0,0.0,0.0,0.0,0.0,0.0,0.0,0.0,0,0,0,0,0,0,0,0,0,0,0,1,0,0,1,0,0
700128899,24.183285,23.919159,0.0,0.0006553962,-1.0,0.76542974,0.46631652,1.0535487,nan,6,3.9865265,3.9865265,3.9865265,3.9865265,3.9865265,3.9865265,0.0,0.0,0.0,0.0,0.0,0.0,0.0,0.0,0.0,0.0,0.0,0.0,0.0,0.0,0,0,0,0,0,0,0,0,0,0,0,1,0,0,1,0,0
700328878,23.553503,23.915777,0.0,0.010219628,-1.0,0.7669949,0.464907,1.0536977,nan,6,3.9859629,3.9859629,3.9859629,3.9859629,3.9859629,3.9859629,0.0,0.0,0.0,0.0,0.0,0.0,0.0,0.0,0.0,0.0,0.0,0.0,0.0,0.0,0,0,0,0,0,0,0,0,0,0,0,1,0,0,1,0,0
700529034,23.445957,23.904137,0.0,0.008775741,-1.0,0.76732004,0.46005756,1.0542108,nan,6,3.9840229,3.9840229,3.9840229,3.9840229,3.9840229,3.9840229,0.0,0.0,0.0,0.0,0.0,0.0,0.0,0.0,0.0,0.0,0.0,0.0,0.0,0.0,0,0,0,0,0,0,0,0,0,0,0,1,0,0,1,0,0
700739513,24.294477,23.882723,0.33878127,0.014686184,-1.0,0.7686443,0.45113498,1.055156,nan,6,3.9804537,3.9804537,3.9804537,3.9804537,3.9804537,3.9804537,0.0,0.0,0.0,0.0,0.0,0.0,0.0,0.0,0.0,0.0,0.0,0.0,0.0,0.0,0,0,0,0,0,0,0,0,0,0,0,1,0,0,1,0,0
700938898,23.68839,23.8576,0.0,0.0098833805,-1.0,0.7686443,0.4406665,1.0562673,nan,6,3.9762666,3.9762666,3.9762666,3.9762666,3.9762666,3.9762666,0.0,0.0,0.0,0.0,0.0,0.0,0.0,0.0,0.0,0.0,0.0,0.0,0.0,0.0,0,0,0,0,0,0,0,0,0,0,0,1,0,0,1,0,0
701138971,23.429552,23.822113,0.0,0.0076132314,-1.0,0.7687879,0.42588073,1.0578406,nan,6,3.9703522,3.9703522,3.9703522,3.9703522,3.9703522,3.9703522,0.0,0.0,0.0,0.0,0.0,0.0,0.0,0.0,0.0,0.0,0.0,0.0,0.0,0.0,0,0,0,0,0,0,0,0,0,0,0,1,0,0,1,0,0
701329309,23.566263,23.789621,0.25088125,0.010145197,-1.0,0.7694772,0.41234237,1.0592854,nan,6,3.964937,3.964937,3.964937,3.964937,3.964937,3.964937,0.0,0.0,0.0,0.0,0.0,0.0,0.0,0.0,0.0,0.0,0.0,0.0,0.0,0.0,0,0,0,0,0,0,0,0,0,0,0,1,0,0,1,0,0
701528877,22.99481,23.752747,0.0,0.0068274275,-1.0,0.7694772,0.39697772,1.0609299,nan,6,3.958791,3.958791,3.958791,3.958791,3.958791,3.958791,0.0,0.0,0.0,0.0,0.0,0.0,0.0,0.0,0.0,0.0,0.0,0.0,0.0,0.0,0,0,0,0,0,0,0,0,0,0,0,1,0,0,1,0,0
701728877,23.994625,23.713694,0.0,0.004594663,-1.0,0.7694772,0.38070613,1.062677,nan,6,3.9522822,3.9522822,3.9522822,3.9522822,3.9522822,3.9522822,0.0,0.0,0.0,0.0,0.0,0.0,0.0,0.0,0.0,0.0,0.0,0.0,0.0,0.0,0,0,0,0,0,0,0,0,0,0,0,1,0,0,1,0,0
701928876,23.325651,23.695034,0.0,0.022728922,-1.0,0.7727829,0.37293082,1.063514,nan,6,3.9491723,3.9491723,3.9491723,3.9491723,3.9491723,3.9491723,0.0,0.0,0.0,0.0,0.0,0.0,0.0,0.0,0.0,0.0,0.0,0.0,0.0,0.0,0,0,0,0,0,0,0,0,0,0,0,1,0,0,1,0,0
702138878,24.093058,23.694542,0.0,0.036507275,-1.0,0.7771143,0.37272578,1.063536,nan,6,3.9490902,3.9490902,3.9490902,3.9490902,3.9490902,3.9490902,0.0,0.0,0.0,0.0,0.0,0.0,0.0,0.0,0.0,0.0,0.0,0.0,0.0,0.0,0,0,0,0,0,0,0,0,0,0,0,1,0,0,1,0,0
702338881,23.409502,23.68409,0.0,0.024568353,-1.0,0.7771143,0.3683713,1.0640054,nan,6,3.9473484,3.9473484,3.9473484,3.9473484,3.9473484,3.9473484,0.0,0.0,0.0,0.0,0.0,0.0,0.0,0.0,0.0,0.0,0.0,0.0,0.0,0.0,0,0,0,0,0,0,0,0,0,0,0,1,0,0,1,0,0
702538912,24.073006,23.682165,0.0,0.029291272,-1.0,0.77945375,0.36756927,1.0640918,nan,6,3.9470274,3.9470274,3.9470274,3.9470274,3.9470274,3.9470274,0.0,0.0,0.0,0.0,0.0,0.0,0.0,0.0,0.0,0.0,0.0,0.0,0.0,0.0,0,0,0,0,0,0,0,0,0,0,0,1,0,0,1,0,0
702729368,23.826015,23.686249,0.0,0.020106433,-1.0,0.77945375,0.36927062,1.0639083,nan,6,3.9477081,3.9477081,3.9477081,3.9477081,3.9477081,3.9477081,0.0,0.0,0.0,0.0,0.0,0.0,0.0,0.0,0.0,0.0,0.0,0.0,0.0,0.0,0,0,0,0,0,0,0,0,0,0,0,1,0,0,1,0,0
702928878,23.682924,23.705915,0.0,0.022156643,-1.0,0.7809087,0.3774646,1.0630258,nan,6,3.950986,3.950986,3.950986,3.950986,3.950986,3.950986,0.0,0.0,0.0,0.0,0.0,0.0,0.0,0.0,0.0,0.0,0.0,0.0,0.0,0.0,0,0,0,0,0,0,0,0,0,0,0,1,0,0,1,0,0
703128876,23.747633,23.717041,0.0,0.0488725,-1.0,0.78709424,0.3821004,1.0625272,nan,6,3.95284,3.95284,3.95284,3.95284,3.95284,3.95284,0.0,0.0,0.0,0.0,0.0,0.0,0.0,0.0,0.0,0.0,0.0,0.0,0.0,0.0,0,0,0,0,0,0,0,0,0,0,0,1,0,0,1,0,0
703328877,23.604542,23.708847,0.0,0.07741447,-1.0,0.79388463,0.37868625,1.0628943,nan,6,3.9514744,3.9514744,3.9514744,3.9514744,3.9514744,3.9514744,0.0,0.0,0.0,0.0,0.0,0.0,0.0,0.0,0.0,0.0,0.0,0.0,0.0,0.0,0,0,0,0,0,0,0,0,0,0,0,1,0,0,1,0,0
703538877,23.669252,23.672556,0.0,0.060153965,-1.0,0.7953749,0.3635648,1.0645238,nan,6,3.945426,3.945426,3.945426,3.945426,3.945426,3.945426,0.0,0.0,0.0,0.0,0.0,0.0,0.0,0.0,0.0,0.0,0.0,0.0,0.0,0.0,0,0,0,0,0,0,0,0,0,0,0,1,0,0,1,0,0
703739153,23.83604,23.69194,0.0,0.07612878,-1.0,0.8016361,0.3716424,1.0636528,nan,6,3.9486568,3.9486568,3.9486568,3.9486568,3.9486568,3.9486568,0.0,0.0,0.0,0.0,0.0,0.0,0.0,0.0,0.0,0.0,0.0,0.0,0.0,0.0,0,0,0,0,0,0,0,0,0,0,0,1,0,0,1,0,0
703928878,23.070457,23.65003,0.0,0.055258606,-1.0,0.80209935,0.35417968,1.0655377,nan,6,3.9416716,3.9416716,3.9416716,3.9416716,3.9416716,3.9416716,0.0,0.0,0.0,0.0,0.0,0.0,0.0,0.0,0.0,0.0,0.0,0.0,0.0,0.0,0,0,0,0,0,0,0,0,0,0,0,1,0,0,1,0,0
704128877,24.13407,23.622646,0.060431253,0.041575838,-1.0,0.80273014,0.34276992,1.0667728,nan,6,3.9371078,3.9371078,3.9371078,3.9371078,3.9371078,3.9371078,0.0,0.0,0.0,0.0,0.0,0.0,0.0,0.0,0.0,0.0,0.0,0.0,0.0,0.0,0,0,0,0,0,0,0,0,0,0,0,1,0,0,1,0,0
704328877,23.643734,23.610987,0.0,0.044579227,-1.0,0.8058235,0.33791095,1.0672997,nan,6,3.9351645,3.9351645,3.9351645,3.9351645,3.9351645,3.9351645,0.0,0.0,0.0,0.0,0.0,0.0,0.0,0.0,0.0,0.0,0.0,0.0,0.0,0.0,0,0,0,0,0,0,0,0,0,0,0,1,0,0,1,0,0
704528876,23.927181,23.6007,0.0,0.03193417,-1.0,0.8061595,0.33362514,1.0677649,nan,6,3.93345,3.93345,3.93345,3.93345,3.93345,3.93345,0.0,0.0,0.0,0.0,0.0,0.0,0.0,0.0,0.0,0.0,0.0,0.0,0.0,0.0,0,0,0,0,0,0,0,0,0,0,0,1,0,0,1,0,0
704729309,23.469654,23.582624,0.0,0.024060583,-1.0,0.80652714,0.32609397,1.0685833,nan,6,3.9304373,3.9304373,3.9304373,3.9304373,3.9304373,3.9304373,0.0,0.0,0.0,0.0,0.0,0.0,0.0,0.0,0.0,0.0,0.0,0.0,0.0,0.0,0,0,0,0,0,0,0,0,0,0,0,1,0,0,1,0,0
704938877,23.832394,23.59684,0.0,0.028201573,-1.0,0.80838877,0.33201724,1.0679395,nan,6,3.9328067,3.9328067,3.9328067,3.9328067,3.9328067,3.9328067,0.0,0.0,0.0,0.0,0.0,0.0,0.0,0.0,0.0,0.0,0.0,0.0,0.0,0.0,0,0,0,0,0,0,0,0,0,0,0,1,0,0,1,0,0
705138974,23.71938,23.600946,0.0,0.025540529,-1.0,0.8097183,0.33372813,1.0677537,nan,6,3.933491,3.933491,3.933491,3.933491,3.933491,3.933491,0.0,0.0,0.0,0.0,0.0,0.0,0.0,0.0,0.0,0.0,0.0,0.0,0.0,0.0,0,0,0,0,0,0,0,0,0,0,0,1,0,0,1,0,0
705328900,24.031992,23.609596,0.44133124,0.027146807,-1.0,0.8111088,0.33733207,1.0673625,nan,6,3.9349327,3.9349327,3.9349327,3.9349327,3.9349327,3.9349327,0.0,0.0,0.0,0.0,0.0,0.0,0.0,0.0,0.0,0.0,0.0,0.0,0.0,0.0,0,0,0,0,0,0,0,0,0,0,0,1,0,0,1,0,0
705528877,23.393097,23.607777,0.0,0.018269023,-1.0,0.8111088,0.3365739,1.0674448,nan,6,3.9346294,3.9346294,3.9346294,3.9346294,3.9346294,3.9346294,0.0,0.0,0.0,0.0,0.0,0.0,0.0,0.0,0.0,0.0,0.0,0.0,0.0,0.0,0,0,0,0,0,0,0,0,0,0,0,1,0,0,1,0,0
705728924,23.100533,23.597294,0.0,0.01229453,-1.0,0.8111088,0.33220607,1.067919,nan,6,3.9328823,3.9328823,3.9328823,3.9328823,3.9328823,3.9328823,0.0,0.0,0.0,0.0,0.0,0.0,0.0,0.0,0.0,0.0,0.0,0.0,0.0,0.0,0,0,0,0,0,0,0,0,0,0,0,1,0,0,1,0,0
705928878,23.517048,23.61457,0.0,0.0313024,-1.0,0.8146638,0.3394044,1.0671377,nan,6,3.9357617,3.9357617,3.9357617,3.9357617,3.9357617,3.9357617,0.0,0.0,0.0,0.0,0.0,0.0,0.0,0.0,0.0,0.0,0.0,0.0,0.0,0.0,0,0,0,0,0,0,0,0,0,0,0,1,0,0,1,0,0
706128878,23.95999,23.641539,0.0,0.033983983,-1.0,0.81689686,0.35064155,1.0659204,nan,6,3.9402564,3.9402564,3.9402564,3.9402564,3.9402564,3.9402564,0.0,0.0,0.0,0.0,0.0,0.0,0.0,0.0,0.0,0.0,0.0,0.0,0.0,0.0,0,0,0,0,0,0,0,0,0,0,0,1,0,0,1,0,0
706339088,23.612745,23.659933,0.0,0.02478818,-1.0,0.8173679,0.35830528,1.0650917,nan,6,3.9433222,3.9433222,3.9433222,3.9433222,3.9433222,3.9433222,0.0,0.0,0.0,0.0,0.0,0.0,0.0,0.0,0.0,0.0,0.0,0.0,0.0,0.0,0,0,0,0,0,0,0,0,0,0,0,1,0,0,1,0,0
706539674,24.099438,23.671152,0.0,0.018600533,-1.0,0.81764865,0.3629802,1.064587,nan,6,3.945192,3.945192,3.945192,3.945192,3.945192,3.945192,0.0,0.0,0.0,0.0,0.0,0.0,0.0,0.0,0.0,0.0,0.0,0.0,0.0,0.0,0,0,0,0,0,0,0,0,0,0,0,1,0,0,1,0,0
706729993,23.566263,23.664534,0.0,0.012767978,-1.0,0.81764865,0.36022216,1.0648848,nan,6,3.944089,3.944089,3.944089,3.944089,3.944089,3.944089,0.0,0.0,0.0,0.0,0.0,0.0,0.0,0.0,0.0,0.0,0.0,0.0,0.0,0.0,0,0,0,0,0,0,0,0,0,0,0,1,0,0,1,0,0
706928889,23.363932,23.643217,0.0,0.020583954,-1.0,0.8196578,0.3513406,1.0658448,nan,6,3.9405363,3.9405363,3.9405363,3.9405363,3.9405363,3.9405363,0.0,0.0,0.0,0.0,0.0,0.0,0.0,0.0,0.0,0.0,0.0,0.0,0.0,0.0,0,0,0,0,0,0,0,0,0,0,0,1,0,0,1,0,0
707128890,23.990068,23.633688,0.0,0.013852413,-1.0,0.8196578,0.34737045,1.0662744,nan,6,3.938948,3.938948,3.938948,3.938948,3.938948,3.938948,0.0,0.0,0.0,0.0,0.0,0.0,0.0,0.0,0.0,0.0,0.0,0.0,0.0,0.0,0,0,0,0,0,0,0,0,0,0,0,1,0,0,1,0,0
707328878,23.689304,23.616692,0.0,0.01848144,-1.0,0.82100594,0.34028846,1.0670419,nan,6,3.9361153,3.9361153,3.9361153,3.9361153,3.9361153,3.9361153,0.0,0.0,0.0,0.0,0.0,0.0,0.0,0.0,0.0,0.0,0.0,0.0,0.0,0.0,0,0,0,0,0,0,0,0,0,0,0,1,0,0,1,0,0
707528878,23.391273,23.595024,0.0,0.030404055,-1.0,0.8242098,0.33126003,1.0680218,nan,6,3.932504,3.932504,3.932504,3.932504,3.932504,3.932504,0.0,0.0,0.0,0.0,0.0,0.0,0.0,0.0,0.0,0.0,0.0,0.0,0.0,0.0,0,0,0,0,0,0,0,0,0,0,0,1,0,0,1,0,0
707738992,22.990253,23.576189,0.0,0.020190641,-1.0,0.8242352,0.32341224,1.068875,nan,6,3.929365,3.929365,3.929365,3.929365,3.929365,3.929365,0.0,0.0,0.0,0.0,0.0,0.0,0.0,0.0,0.0,0.0,0.0,0.0,0.0,0.0,0,0,0,0,0,0,0,0,0,0,0,1,0,0,1,0,0
707938877,23.713,23.573143,0.0,0.02143795,-1.0,0.825367,0.3221429,1.0690131,nan,6,3.928857,3.928857,3.928857,3.928857,3.928857,3.928857,0.0,0.0,0.0,0.0,0.0,0.0,0.0,0.0,0.0,0.0,0.0,0.0,0.0,0.0,0,0,0,0,0,0,0,0,0,0,0,1,0,0,1,0,0
708128911,23.449602,23.587393,0.0,0.03073602,-1.0,0.82795554,0.32808048,1.0683672,nan,6,3.9312322,3.9312322,3.9312322,3.9312322,3.9312322,3.9312322,0.0,0.0,0.0,0.0,0.0,0.0,0.0,0.0,0.0,0.0,0.0,0.0,0.0,0.0,0,0,0,0,0,0,0,0,0,0,0,1,0,0,1,0,0
708328877,23.652847,23.590733,0.0,0.027181447,-1.0,0.829034,0.3294719,1.0682161,nan,6,3.9317887,3.9317887,3.9317887,3.9317887,3.9317887,3.9317887,0.0,0.0,0.0,0.0,0.0,0.0,0.0,0.0,0.0,0.0,0.0,0.0,0.0,0.0,0,0,0,0,0,0,0,0,0,0,0,1,0,0,1,0,0
708528878,23.436844,23.63279,0.0,0.018728271,-1.0,0.8291207,0.34699565,1.066315,nan,6,3.9387982,3.9387982,3.9387982,3.9387982,3.9387982,3.9387982,0.0,0.0,0.0,0.0,0.0,0.0,0.0,0.0,0.0,0.0,0.0,0.0,0.0,0.0,0,0,0,0,0,0,0,0,0,0,0,1,0,0,1,0,0
708729794,23.342056,23.647835,0.0,0.012603589,-1.0,0.8291207,0.3532651,1.0656366,nan,6,3.9413059,3.9413059,3.9413059,3.9413059,3.9413059,3.9413059,0.0,0.0,0.0,0.0,0.0,0.0,0.0,0.0,0.0,0.0,0.0,0.0,0.0,0.0,0,0,0,0,0,0,0,0,0,0,0,1,0,0,1,0,0
708929181,23.6492,23.64738,0.0,0.03159679,-1.0,0.8327056,0.35307533,1.0656571,nan,6,3.94123,3.94123,3.94123,3.94123,3.94123,3.94123,0.0,0.0,0.0,0.0,0.0,0.0,0.0,0.0,0.0,0.0,0.0,0.0,0.0,0.0,0,0,0,0,0,0,0,0,0,0,0,1,0,0,1,0,0
709138878,23.86703,23.688538,0.0,0.027286462,-1.0,0.8339976,0.3702243,1.0638056,nan,6,3.9480896,3.9480896,3.9480896,3.9480896,3.9480896,3.9480896,0.0,0.0,0.0,0.0,0.0,0.0,0.0,0.0,0.0,0.0,0.0,0.0,0.0,0.0,0,0,0,0,0,0,0,0,0,0,0,1,0,0,1,0,0
709338877,23.930826,23.731392,0.0,0.01952404,-1.0,0.8341754,0.38807994,1.0618846,nan,6,3.955232,3.955232,3.955232,3.955232,3.955232,3.955232,0.0,0.0,0.0,0.0,0.0,0.0,0.0,0.0,0.0,0.0,0.0,0.0,0.0,0.0,0,0,0,0,0,0,0,0,0,0,0,1,0,0,1,0,0
709528891,23.831482,23.759012,0.0,0.013401902,-1.0,0.8341754,0.39958888,1.0606501,nan,6,3.9598353,3.9598353,3.9598353,3.9598353,3.9598353,3.9598353,0.0,0.0,0.0,0.0,0.0,0.0,0.0,0.0,0.0,0.0,0.0,0.0,0.0,0.0,0,0,0,0,0,0,0,0,0,0,0,1,0,0,1,0,0
709728889,23.932648,23.781876,0.0,0.009019097,-1.0,0.8341754,0.40911514,1.0596304,nan,6,3.963646,3.963646,3.963646,3.963646,3.963646,3.963646,0.0,0.0,0.0,0.0,0.0,0.0,0.0,0.0,0.0,0.0,0.0,0.0,0.0,0.0,0,0,0,0,0,0,0,0,0,0,0,1,0,0,1,0,0
709928877,23.941763,23.80212,0.0,0.006069594,-1.0,0.8341754,0.41755038,1.0587292,nan,6,3.96702,3.96702,3.96702,3.96702,3.96702,3.96702,0.0,0.0,0.0,0.0,0.0,0.0,0.0,0.0,0.0,0.0,0.0,0.0,0.0,0.0,0,0,0,0,0,0,0,0,0,0,0,1,0,0,1,0,0
710128882,24.141361,23.814219,0.0,0.009858066,-1.0,0.8351721,0.4225915,1.0581913,nan,6,3.9690363,3.9690363,3.9690363,3.9690363,3.9690363,3.9690363,0.0,0.0,0.0,0.0,0.0,0.0,0.0,0.0,0.0,0.0,0.0,0.0,0.0,0.0,0,0,0,0,0,0,0,0,0,0,0,1,0,0,1,0,0
710328878,23.625505,23.800312,0.0,0.006634196,-1.0,0.8351721,0.41679698,1.0588096,nan,6,3.9667187,3.9667187,3.9667187,3.9667187,3.9667187,3.9667187,0.0,0.0,0.0,0.0,0.0,0.0,0.0,0.0,0.0,0.0,0.0,0.0,0.0,0.0,0,0,0,0,0,0,0,0,0,0,0,1,0,0,1,0,0
710538878,23.14246,23.738039,0.0,0.0043770825,-1.0,0.8351721,0.3908494,1.0615873,nan,6,3.9563398,3.9563398,3.9563398,3.9563398,3.9563398,3.9563398,0.0,0.0,0.0,0.0,0.0,0.0,0.0,0.0,0.0,0.0,0.0,0.0,0.0,0.0,0,0,0,0,0,0,0,0,0,0,0,1,0,0,1,0,0
710739267,23.35664,23.70224,0.0,0.007843416,-1.0,0.8360326,0.37593395,1.0631906,nan,6,3.9503734,3.9503734,3.9503734,3.9503734,3.9503734,3.9503734,0.0,0.0,0.0,0.0,0.0,0.0,0.0,0.0,0.0,0.0,0.0,0.0,0.0,0.0,0,0,0,0,0,0,0,0,0,0,0,1,0,0,1,0,0
710938877,23.831482,23.666433,0.0,0.006644317,-1.0,0.83624625,0.3610137,1.0647992,nan,6,3.9444056,3.9444056,3.9444056,3.9444056,3.9444056,3.9444056,0.0,0.0,0.0,0.0,0.0,0.0,0.0,0.0,0.0,0.0,0.0,0.0,0.0,0.0,0,0,0,0,0,0,0,0,0,0,0,1,0,0,1,0,0
711128879,23.980955,23.641665,0.0,0.0081801815,-1.0,0.8369227,0.350694,1.0659148,nan,6,3.9402773,3.9402773,3.9402773,3.9402773,3.9402773,3.9402773,0.0,0.0,0.0,0.0,0.0,0.0,0.0,0.0,0.0,0.0,0.0,0.0,0.0,0.0,0,0,0,0,0,0,0,0,0,0,0,1,0,0,1,0,0
711328966,23.995537,23.640783,0.0,0.0070297187,-1.0,0.8371719,0.35032684,1.0659544,nan,6,3.9401305,3.9401305,3.9401305,3.9401305,3.9401305,3.9401305,0.0,0.0,0.0,0.0,0.0,0.0,0.0,0.0,0.0,0.0,0.0,0.0,0.0,0.0,0,0,0,0,0,0,0,0,0,0,0,1,0,0,1,0,0
711529261,23.860647,23.636925,0.0,0.010748354,-1.0,0.8381775,0.34871894,1.0661285,nan,6,3.9394875,3.9394875,3.9394875,3.9394875,3.9394875,3.9394875,0.0,0.0,0.0,0.0,0.0,0.0,0.0,0.0,0.0,0.0,0.0,0.0,0.0,0.0,0,0,0,0,0,0,0,0,0,0,0,1,0,0,1,0,0
711728907,24.318174,23.668715,0.0,0.018043911,-1.0,0.840079,0.36196452,1.0646966,nan,6,3.9447858,3.9447858,3.9447858,3.9447858,3.9447858,3.9447858,0.0,0.0,0.0,0.0,0.0,0.0,0.0,0.0,0.0,0.0,0.0,0.0,0.0,0.0,0,0,0,0,0,0,0,0,0,0,0,1,0,0,1,0,0
711938878,23.436844,23.651466,0.0,0.017989406,-1.0,0.84121305,0.35477763,1.0654731,nan,6,3.941911,3.941911,3.941911,3.941911,3.941911,3.941911,0.0,0.0,0.0,0.0,0.0,0.0,0.0,0.0,0.0,0.0,0.0,0.0,0.0,0.0,0,0,0,0,0,0,0,0,0,0,0,1,0,0,1,0,0
712138878,23.018507,23.631584,0.0,0.012106354,-1.0,0.84121305,0.34649402,1.0663694,nan,6,3.9385974,3.9385974,3.9385974,3.9385974,3.9385974,3.9385974,0.0,0.0,0.0,0.0,0.0,0.0,0.0,0.0,0.0,0.0,0.0,0.0,0.0,0.0,0,0,0,0,0,0,0,0,0,0,0,1,0,0,1,0,0
712338971,23.833305,23.615112,0.0,0.008147229,-1.0,0.84121305,0.33963042,1.0671133,nan,6,3.935852,3.935852,3.935852,3.935852,3.935852,3.935852,0.0,0.0,0.0,0.0,0.0,0.0,0.0,0.0,0.0,0.0,0.0,0.0,0.0,0.0,0,0,0,0,0,0,0,0,0,0,0,1,0,0,1,0,0
712529001,24.042017,23.608484,0.0,0.0058690547,-1.0,0.8412685,0.33686858,1.0674129,nan,6,3.9347475,3.9347475,3.9347475,3.9347475,3.9347475,3.9347475,0.0,0.0,0.0,0.0,0.0,0.0,0.0,0.0,0.0,0.0,0.0,0.0,0.0,0.0,0,0,0,0,0,0,0,0,0,0,0,1,0,0,1,0,0
712729248,23.88799,23.63978,0.0,0.017444827,-1.0,0.8434167,0.34990817,1.0659997,nan,6,3.9399633,3.9399633,3.9399633,3.9399633,3.9399633,3.9399633,0.0,0.0,0.0,0.0,0.0,0.0,0.0,0.0,0.0,0.0,0.0,0.0,0.0,0.0,0,0,0,0,0,0,0,0,0,0,0,1,0,0,1,0,0
712928877,24.075739,23.670979,0.0,0.0118600475,-1.0,0.8434371,0.3629077,1.0645947,nan,6,3.945163,3.945163,3.945163,3.945163,3.945163,3.945163,0.0,0.0,0.0,0.0,0.0,0.0,0.0,0.0,0.0,0.0,0.0,0.0,0.0,0.0,0,0,0,0,0,0,0,0,0,0,0,1,0,0,1,0,0
713128877,24.25164,23.724813,0.0,0.007981471,-1.0,0.8434371,0.38533908,1.0621791,nan,6,3.9541357,3.9541357,3.9541357,3.9541357,3.9541357,3.9541357,0.0,0.0,0.0,0.0,0.0,0.0,0.0,0.0,0.0,0.0,0.0,0.0,0.0,0.0,0,0,0,0,0,0,0,0,0,0,0,1,0,0,1,0,0
713338879,23.871586,23.767164,0.0,0.0052659805,-1.0,0.8434371,0.40298492,1.0602864,nan,6,3.961194,3.961194,3.961194,3.961194,3.961194,3.961194,0.0,0.0,0.0,0.0,0.0,0.0,0.0,0.0,0.0,0.0,0.0,0.0,0.0,0.0,0,0,0,0,0,0,0,0,0,0,0,1,0,0,1,0,0
713538878,23.571732,23.795603,0.0,0.0035438547,-1.0,0.8434371,0.41483432,1.0590192,nan,6,3.9659338,3.9659338,3.9659338,3.9659338,3.9659338,3.9659338,0.0,0.0,0.0,0.0,0.0,0.0,0.0,0.0,0.0,0.0,0.0,0.0,0.0,0.0,0,0,0,0,0,0,0,0,0,0,0,1,0,0,1,0,0
713728892,23.579021,23.818094,0.0,0.0068863174,-1.0,0.8441349,0.42420608,1.0580192,nan,6,3.9696825,3.9696825,3.9696825,3.9696825,3.9696825,3.9696825,0.0,0.0,0.0,0.0,0.0,0.0,0.0,0.0,0.0,0.0,0.0,0.0,0.0,0.0,0,0,0,0,0,0,0,0,0,0,0,1,0,0,1,0,0
713929059,23.696594,23.833155,0.0,0.023365432,-1.0,0.84702104,0.43048126,1.0573506,nan,6,3.9721925,3.9721925,3.9721925,3.9721925,3.9721925,3.9721925,0.0,0.0,0.0,0.0,0.0,0.0,0.0,0.0,0.0,0.0,0.0,0.0,0.0,0.0,0,0,0,0,0,0,0,0,0,0,0,1,0,0,1,0,0
714129418,24.11493,23.823362,0.0,0.023074228,-1.0,0.84815776,0.42640144,1.0577852,nan,6,3.9705603,3.9705603,3.9705603,3.9705603,3.9705603,3.9705603,0.0,0.0,0.0,0.0,0.0,0.0,0.0,0.0,0.0,0.0,0.0,0.0,0.0,0.0,0,0,0,0,0,0,0,0,0,0,0,1,0,0,1,0,0
714328876,22.887266,23.79993,0.0,0.020959461,-1.0,0.8490075,0.41663772,1.0588266,nan,6,3.966655,3.966655,3.966655,3.966655,3.966655,3.966655,0.0,0.0,0.0,0.0,0.0,0.0,0.0,0.0,0.0,0.0,0.0,0.0,0.0,0.0,0,0,0,0,0,0,0,0,0,0,0,1,0,0,1,0,0
714528877,23.314714,23.76486,0.0,0.01665586,-1.0,0.8494144,0.40202552,1.060389,nan,6,3.96081,3.96081,3.96081,3.96081,3.96081,3.96081,0.0,0.0,0.0,0.0,0.0,0.0,0.0,0.0,0.0,0.0,0.0,0.0,0.0,0.0,0,0,0,0,0,0,0,0,0,0,0,1,0,0,1,0,0
714739411,23.922623,23.756834,0.0,0.013323237,-1.0,0.84985673,0.39868098,1.0607474,nan,6,3.9594724,3.9594724,3.9594724,3.9594724,3.9594724,3.9594724,0.0,0.0,0.0,0.0,0.0,0.0,0.0,0.0,0.0,0.0,0.0,0.0,0.0,0.0,0,0,0,0,0,0,0,0,0,0,0,1,0,0,1,0,0
714938878,23.634619,23.744305,0.0,0.008966156,-1.0,0.84985673,0.39346057,1.0613071,nan,6,3.957384,3.957384,3.957384,3.957384,3.957384,3.957384,0.0,0.0,0.0,0.0,0.0,0.0,0.0,0.0,0.0,0.0,0.0,0.0,0.0,0.0,0,0,0,0,0,0,0,0,0,0,0,1,0,0,1,0,0
715128880,23.59634,23.756811,0.0,0.0061546452,-1.0,0.84985673,0.39867145,1.0607485,nan,6,3.9594686,3.9594686,3.9594686,3.9594686,3.9594686,3.9594686,0.0,0.0,0.0,0.0,0.0,0.0,0.0,0.0,0.0,0.0,0.0,0.0,0.0,0.0,0,0,0,0,0,0,0,0,0,0,0,1,0,0,1,0,0
715328878,24.210627,23.785826,0.0,0.005664513,-1.0,0.8500857,0.41076118,1.0594544,nan,6,3.9643042,3.9643042,3.9643042,3.9643042,3.9643042,3.9643042,0.0,0.0,0.0,0.0,0.0,0.0,0.0,0.0,0.0,0.0,0.0,0.0,0.0,0.0,0,0,0,0,0,0,0,0,0,0,0,1,0,0,1,0,0
715528878,23.774975,23.785778,0.0,0.0049963086,-1.0,0.8502637,0.41074115,1.0594566,nan,6,3.9642963,3.9642963,3.9642963,3.9642963,3.9642963,3.9642963,0.0,0.0,0.0,0.0,0.0,0.0,0.0,0.0,0.0,0.0,0.0,0.0,0.0,0.0,0,0,0,0,0,0,0,0,0,0,0,1,0,0,1,0,0
715728891,24.266224,23.738781,0.43766877,0.018346768,-1.0,0.8526696,0.39115936,1.0615541,nan,6,3.9564636,3.9564636,3.9564636,3.9564636,3.9564636,3.9564636,0.0,0.0,0.0,0.0,0.0,0.0,0.0,0.0,0.0,0.0,0.0,0.0,0.0,0.0,0,0,0,0,0,0,0,0,0,0,0,1,0,0,1,0,0
715928877,23.108736,23.711967,0.0,0.017269285,-1.0,0.8534375,0.37998706,1.0627544,nan,6,3.9519947,3.9519947,3.9519947,3.9519947,3.9519947,3.9519947,0.0,0.0,0.0,0.0,0.0,0.0,0.0,0.0,0.0,0.0,0.0,0.0,0.0,0.0,0,0,0,0,0,0,0,0,0,0,0,1,0,0,1,0,0
716138877,23.394007,23.675426,0.0,0.023461385,-1.0,0.85547245,0.36476165,1.0643947,nan,6,3.9459045,3.9459045,3.9459045,3.9459045,3.9459045,3.9459045,0.0,0.0,0.0,0.0,0.0,0.0,0.0,0.0,0.0,0.0,0.0,0.0,0.0,0.0,0,0,0,0,0,0,0,0,0,0,0,1,0,0,1,0,0
716338878,22.9301,23.646757,0.0,0.016695354,-1.0,0.85564965,0.35281593,1.0656852,nan,6,3.941126,3.941126,3.941126,3.941126,3.941126,3.941126,0.0,0.0,0.0,0.0,0.0,0.0,0.0,0.0,0.0,0.0,0.0,0.0,0.0,0.0,0,0,0,0,0,0,0,0,0,0,0,1,0,0,1,0,0
716539234,24.137714,23.656065,0.0,0.01717442,-1.0,0.8566371,0.35669357,1.0652659,nan,6,3.9426775,3.9426775,3.9426775,3.9426775,3.9426775,3.9426775,0.0,0.0,0.0,0.0,0.0,0.0,0.0,0.0,0.0,0.0,0.0,0.0,0.0,0.0,0,0,0,0,0,0,0,0,0,0,0,1,0,0,1,0,0
716728901,23.346613,23.659056,0.0,0.01259401,-1.0,0.85677224,0.35794002,1.0651313,nan,6,3.943176,3.943176,3.943176,3.943176,3.943176,3.943176,0.0,0.0,0.0,0.0,0.0,0.0,0.0,0.0,0.0,0.0,0.0,0.0,0.0,0.0,0,0,0,0,0,0,0,0,0,0,0,1,0,0,1,0,0
716928878,24.090322,23.703085,0.0,0.008475408,-1.0,0.85677224,0.37628585,1.0631527,nan,6,3.950514,3.950514,3.950514,3.950514,3.950514,3.950514,0.0,0.0,0.0,0.0,0.0,0.0,0.0,0.0,0.0,0.0,0.0,0.0,0.0,0.0,0,0,0,0,0,0,0,0,0,0,0,1,0,0,1,0,0
717128878,24.036549,23.737757,0.0,0.005703707,-1.0,0.85677224,0.3907321,1.0615999,nan,6,3.9562929,3.9562929,3.9562929,3.9562929,3.9562929,3.9562929,0.0,0.0,0.0,0.0,0.0,0.0,0.0,0.0,0.0,0.0,0.0,0.0,0.0,0.0,0,0,0,0,0,0,0,0,0,0,0,1,0,0,1,0,0
717328877,23.857914,23.765463,0.0,0.011055296,-1.0,0.8580944,0.40227634,1.0603622,nan,6,3.9609106,3.9609106,3.9609106,3.9609106,3.9609106,3.9609106,0.0,0.0,0.0,0.0,0.0,0.0,0.0,0.0,0.0,0.0,0.0,0.0,0.0,0.0,0,0,0,0,0,0,0,0,0,0,0,1,0,0,1,0,0
717528877,23.921713,23.771196,0.0,0.017870978,-1.0,0.85988003,0.4046653,1.0601065,nan,6,3.9618661,3.9618661,3.9618661,3.9618661,3.9618661,3.9618661,0.0,0.0,0.0,0.0,0.0,0.0,0.0,0.0,0.0,0.0,0.0,0.0,0.0,0.0,0,0,0,0,0,0,0,0,0,0,0,1,0,0,1,0,0
717738900,23.179827,23.742723,0.0,0.017641617,-1.0,0.8609736,0.39280158,1.0613778,nan,6,3.9571207,3.9571207,3.9571207,3.9571207,3.9571207,3.9571207,0.0,0.0,0.0,0.0,0.0,0.0,0.0,0.0,0.0,0.0,0.0,0.0,0.0,0.0,0,0,0,0,0,0,0,0,0,0,0,1,0,0,1,0,0
717938962,23.678366,23.765858,0.0,0.016944513,-1.0,0.8618382,0.40244132,1.0603446,nan,6,3.9609764,3.9609764,3.9609764,3.9609764,3.9609764,3.9609764,0.0,0.0,0.0,0.0,0.0,0.0,0.0,0.0,0.0,0.0,0.0,0.0,0.0,0.0,0,0,0,0,0,0,0,0,0,0,0,1,0,0,1,0,0
718139031,23.66014,23.787956,0.0,0.01221622,-1.0,0.86196786,0.41164905,1.0593596,nan,6,3.9646595,3.9646595,3.9646595,3.9646595,3.9646595,3.9646595,0.0,0.0,0.0,0.0,0.0,0.0,0.0,0.0,0.0,0.0,0.0,0.0,0.0,0.0,0,0,0,0,0,0,0,0,0,0,0,1,0,0,1,0,0
718329006,23.944498,23.799826,0.0,0.009921387,-1.0,0.86224765,0.41659385,1.0588313,nan,6,3.9666376,3.9666376,3.9666376,3.9666376,3.9666376,3.9666376,0.0,0.0,0.0,0.0,0.0,0.0,0.0,0.0,0.0,0.0,0.0,0.0,0.0,0.0,0,0,0,0,0,0,0,0,0,0,0,1,0,0,1,0,0
718529334,23.908953,23.81069,0.20326875,0.010662472,-1.0,0.86276406,0.42112094,1.0583482,nan,6,3.9684484,3.9684484,3.9684484,3.9684484,3.9684484,3.9684484,0.0,0.0,0.0,0.0,0.0,0.0,0.0,0.0,0.0,0.0,0.0,0.0,0.0,0.0,0,0,0,0,0,0,0,0,0,0,0,1,0,0,1,0,0
718731031,23.530718,23.788622,0.0,0.008076896,-1.0,0.8628911,0.4119256,1.05933,nan,6,3.9647703,3.9647703,3.9647703,3.9647703,3.9647703,3.9647703,0.0,0.0,0.0,0.0,0.0,0.0,0.0,0.0,0.0,0.0,0.0,0.0,0.0,0.0,0,0,0,0,0,0,0,0,0,0,0,1,0,0,1,0,0
718938877,22.98205,23.750345,0.0,0.01180355,-1.0,0.86388075,0.39597732,1.0610372,nan,6,3.958391,3.958391,3.958391,3.958391,3.958391,3.958391,0.0,0.0,0.0,0.0,0.0,0.0,0.0,0.0,0.0,0.0,0.0,0.0,0.0,0.0,0,0,0,0,0,0,0,0,0,0,0,1,0,0,1,0,0
719139750,23.095066,23.732943,0.0,0.013608601,-1.0,0.86475396,0.38872653,1.0618151,nan,6,3.9554904,3.9554904,3.9554904,3.9554904,3.9554904,3.9554904,0.0,0.0,0.0,0.0,0.0,0.0,0.0,0.0,0.0,0.0,0.0,0.0,0.0,0.0,0,0,0,0,0,0,0,0,0,0,0,1,0,0,1,0,0
719328879,23.818722,23.705194,0.0,0.011132672,-1.0,0.8650286,0.37716419,1.0630581,nan,6,3.9508657,3.9508657,3.9508657,3.9508657,3.9508657,3.9508657,0.0,0.0,0.0,0.0,0.0,0.0,0.0,0.0,0.0,0.0,0.0,0.0,0.0,0.0,0,0,0,0,0,0,0,0,0,0,0,1,0,0,1,0,0
719528901,23.917156,23.695417,0.0,0.012962309,-1.0,0.8659187,0.37309104,1.0634967,nan,6,3.9492362,3.9492362,3.9492362,3.9492362,3.9492362,3.9492362,0.0,0.0,0.0,0.0,0.0,0.0,0.0,0.0,0.0,0.0,0.0,0.0,0.0,0.0,0,0,0,0,0,0,0,0,0,0,0,1,0,0,1,0,0
719728892,23.921713,23.70265,0.0,0.010194393,-1.0,0.8661882,0.37610465,1.0631722,nan,6,3.9504416,3.9504416,3.9504416,3.9504416,3.9504416,3.9504416,0.0,0.0,0.0,0.0,0.0,0.0,0.0,0.0,0.0,0.0,0.0,0.0,0.0,0.0,0,0,0,0,0,0,0,0,0,0,0,1,0,0,1,0,0
719928946,23.54439,23.728117,0.0,0.0068605333,-1.0,0.8661882,0.38671523,1.0620311,nan,6,3.9546862,3.9546862,3.9546862,3.9546862,3.9546862,3.9546862,0.0,0.0,0.0,0.0,0.0,0.0,0.0,0.0,0.0,0.0,0.0,0.0,0.0,0.0,0,0,0,0,0,0,0,0,0,0,0,1,0,0,1,0,0
720129358,24.162323,23.76966,0.0,0.025917111,-1.0,0.86991036,0.40402538,1.060175,nan,6,3.96161,3.96161,3.96161,3.96161,3.96161,3.96161,0.0,0.0,0.0,0.0,0.0,0.0,0.0,0.0,0.0,0.0,0.0,0.0,0.0,0.0,0,0,0,0,0,0,0,0,0,0,0,1,0,0,1,0,0
720339024,23.615479,23.779167,0.0,0.017099485,-1.0,0.86991036,0.40798694,1.059751,nan,6,3.9631946,3.9631946,3.9631946,3.9631946,3.9631946,3.9631946,0.0,0.0,0.0,0.0,0.0,0.0,0.0,0.0,0.0,0.0,0.0,0.0,0.0,0.0,0,0,0,0,0,0,0,0,0,0,0,1,0,0,1,0,0
720539172,23.483324,23.749018,0.0,0.015675342,-1.0,0.870519,0.3954242,1.0610965,nan,6,3.9581697,3.9581697,3.9581697,3.9581697,3.9581697,3.9581697,0.0,0.0,0.0,0.0,0.0,0.0,0.0,0.0,0.0,0.0,0.0,0.0,0.0,0.0,0,0,0,0,0,0,0,0,0,0,0,1,0,0,1,0,0
720729565,23.197144,23.712406,0.0,0.019098315,-1.0,0.87215704,0.3801692,1.0627348,nan,6,3.9520676,3.9520676,3.9520676,3.9520676,3.9520676,3.9520676,0.0,0.0,0.0,0.0,0.0,0.0,0.0,0.0,0.0,0.0,0.0,0.0,0.0,0.0,0,0,0,0,0,0,0,0,0,0,0,1,0,0,1,0,0
720928891,23.323828,23.664303,0.0,0.012852617,-1.0,0.87215704,0.3601268,1.064895,nan,6,3.9440506,3.9440506,3.9440506,3.9440506,3.9440506,3.9440506,0.0,0.0,0.0,0.0,0.0,0.0,0.0,0.0,0.0,0.0,0.0,0.0,0.0,0.0,0,0,0,0,0,0,0,0,0,0,0,1,0,0,1,0,0
721128878,23.455982,23.636013,0.0,0.015521859,-1.0,0.8735203,0.34833938,1.0661696,nan,6,3.9393356,3.9393356,3.9393356,3.9393356,3.9393356,3.9393356,0.0,0.0,0.0,0.0,0.0,0.0,0.0,0.0,0.0,0.0,0.0,0.0,0.0,0.0,0,0,0,0,0,0,0,0,0,0,0,1,0,0,1,0,0
721329094,23.947231,23.617971,0.0,0.010445767,-1.0,0.8735203,0.34082156,1.066984,nan,6,3.9363286,3.9363286,3.9363286,3.9363286,3.9363286,3.9363286,0.0,0.0,0.0,0.0,0.0,0.0,0.0,0.0,0.0,0.0,0.0,0.0,0.0,0.0,0,0,0,0,0,0,0,0,0,0,0,1,0,0,1,0,0
721528920,23.653759,23.601215,0.0,0.022941224,-1.0,0.87646884,0.3338397,1.0677416,nan,6,3.9335358,3.9335358,3.9335358,3.9335358,3.9335358,3.9335358,0.0,0.0,0.0,0.0,0.0,0.0,0.0,0.0,0.0,0.0,0.0,0.0,0.0,0.0,0,0,0,0,0,0,0,0,0,0,0,1,0,0,1,0,0
721739311,23.869762,23.58542,0.0,0.01710328,-1.0,0.8767447,0.3272584,1.0684566,nan,6,3.9309034,3.9309034,3.9309034,3.9309034,3.9309034,3.9309034,0.0,0.0,0.0,0.0,0.0,0.0,0.0,0.0,0.0,0.0,0.0,0.0,0.0,0.0,0,0,0,0,0,0,0,0,0,0,0,1,0,0,1,0,0
721938878,24.04931,23.588545,0.1501625,0.015987953,-1.0,0.8774455,0.32856017,1.0683151,nan,6,3.9314241,3.9314241,3.9314241,3.9314241,3.9314241,3.9314241,0.0,0.0,0.0,0.0,0.0,0.0,0.0,0.0,0.0,0.0,0.0,0.0,0.0,0.0,0,0,0,0,0,0,0,0,0,0,0,1,0,0,1,0,0
722128878,22.908228,23.544151,0.0,0.012390241,-1.0,0.8776993,0.31006366,1.0703294,nan,6,3.9240253,3.9240253,3.9240253,3.9240253,3.9240253,3.9240253,0.0,0.0,0.0,0.0,0.0,0.0,0.0,0.0,0.0,0.0,0.0,0.0,0.0,0.0,0,0,0,0,0,0,0,0,0,0,0,1,0,0,1,0,0
722329599,23.438667,23.540394,0.0,0.009820029,-1.0,0.87795746,0.30849773,1.0705003,nan,6,3.923399,3.923399,3.923399,3.923399,3.923399,3.923399,0.0,0.0,0.0,0.0,0.0,0.0,0.0,0.0,0.0,0.0,0.0,0.0,0.0,0.0,0,0,0,0,0,0,0,0,0,0,0,1,0,0,1,0,0
722528958,23.878876,23.545315,0.0,0.0073009674,-1.0,0.8780835,0.31054813,1.0702766,nan,6,3.9242191,3.9242191,3.9242191,3.9242191,3.9242191,3.9242191,0.0,0.0,0.0,0.0,0.0,0.0,0.0,0.0,0.0,0.0,0.0,0.0,0.0,0.0,0,0,0,0,0,0,0,0,0,0,0,1,0,0,1,0,0
722729496,23.820545,23.56894,0.0,0.0108505525,-1.0,0.8791089,0.32039195,1.0692037,nan,6,3.9281566,3.9281566,3.9281566,3.9281566,3.9281566,3.9281566,0.0,0.0,0.0,0.0,0.0,0.0,0.0,0.0,0.0,0.0,0.0,0.0,0.0,0.0,0,0,0,0,0,0,0,0,0,0,0,1,0,0,1,0,0
722928880,23.927181,23.594557,0.0,0.012327045,-1.0,0.88003784,0.33106548,1.0680429,nan,6,3.9324262,3.9324262,3.9324262,3.9324262,3.9324262,3.9324262,0.0,0.0,0.0,0.0,0.0,0.0,0.0,0.0,0.0,0.0,0.0,0.0,0.0,0.0,0,0,0,0,0,0,0,0,0,0,0,1,0,0,1,0,0
723138878,23.336588,23.60623,0.0,0.012835881,-1.0,0.8809173,0.33592921,1.0675148,nan,6,3.9343717,3.9343717,3.9343717,3.9343717,3.9343717,3.9343717,0.0,0.0,0.0,0.0,0.0,0.0,0.0,0.0,0.0,0.0,0.0,0.0,0.0,0.0,0,0,0,0,0,0,0,0,0,0,0,1,0,0,1,0,0
723338885,24.014675,23.599356,0.07874375,0.0151046105,-1.0,0.8820518,0.33306533,1.0678257,nan,6,3.9332259,3.9332259,3.9332259,3.9332259,3.9332259,3.9332259,0.0,0.0,0.0,0.0,0.0,0.0,0.0,0.0,0.0,0.0,0.0,0.0,0.0,0.0,0,0,0,0,0,0,0,0,0,0,0,1,0,0,1,0,0
723528881,22.846252,23.572142,0.0,0.023324506,-1.0,0.88435054,0.32172614,1.0690584,nan,6,3.9286902,3.9286902,3.9286902,3.9286902,3.9286902,3.9286902,0.0,0.0,0.0,0.0,0.0,0.0,0.0,0.0,0.0,0.0,0.0,0.0,0.0,0.0,0,0,0,0,0,0,0,0,0,0,0,1,0,0,1,0,0
723728897,22.87724,23.55357,0.0,0.017934043,-1.0,0.88476753,0.31398803,1.0699015,nan,6,3.925595,3.925595,3.925595,3.925595,3.925595,3.925595,0.0,0.0,0.0,0.0,0.0,0.0,0.0,0.0,0.0,0.0,0.0,0.0,0.0,0.0,0,0,0,0,0,0,0,0,0,0,0,1,0,0,1,0,0
723928877,23.215372,23.528965,0.0,0.016569862,-1.0,0.8855972,0.30373603,1.0710202,nan,6,3.9214942,3.9214942,3.9214942,3.9214942,3.9214942,3.9214942,0.0,0.0,0.0,0.0,0.0,0.0,0.0,0.0,0.0,0.0,0.0,0.0,0.0,0.0,0,0,0,0,0,0,0,0,0,0,0,1,0,0,1,0,0
724129496,22.757845,23.490221,0.0,0.011704135,-1.0,0.8857072,0.28759223,1.0727868,nan,6,3.915037,3.915037,3.915037,3.915037,3.915037,3.915037,0.0,0.0,0.0,0.0,0.0,0.0,0.0,0.0,0.0,0.0,0.0,0.0,0.0,0.0,0,0,0,0,0,0,0,0,0,0,0,1,0,0,1,0,1
724329257,23.533451,23.488659,0.0,0.008912814,-1.0,0.8858966,0.28694183,1.0728581,nan,6,3.9147766,3.9147766,3.9147766,3.9147766,3.9147766,3.9147766,0.0,0.0,0.0,0.0,0.0,0.0,0.0,0.0,0.0,0.0,0.0,0.0,0.0,0.0,0,0,0,0,0,0,0,0,0,0,0,1,0,0,1,0,1
724538902,23.497908,23.475592,0.0,0.015409384,-1.0,0.8875622,0.28149635,1.0734553,nan,6,3.9125986,3.9125986,3.9125986,3.9125986,3.9125986,3.9125986,0.0,0.0,0.0,0.0,0.0,0.0,0.0,0.0,0.0,0.0,0.0,0.0,0.0,0.0,0,0,0,0,0,0,0,0,0,0,0,1,0,0,1,0,1
724739300,23.754923,23.46093,0.0,0.016865127,-1.0,0.88901645,0.27538806,1.0741261,nan,6,3.910155,3.910155,3.910155,3.910155,3.910155,3.910155,0.0,0.0,0.0,0.0,0.0,0.0,0.0,0.0,0.0,0.0,0.0,0.0,0.0,0.0,0,0,0,0,0,0,0,0,0,0,0,1,0,0,1,0,1
724928878,23.044939,23.469278,0.0,0.020821633,-1.0,0.89063025,0.2788661,1.073744,nan,6,3.9115465,3.9115465,3.9115465,3.9115465,3.9115465,3.9115465,0.0,0.0,0.0,0.0,0.0,0.0,0.0,0.0,0.0,0.0,0.0,0.0,0.0,0.0,0,0,0,0,0,0,0,0,0,0,0,1,0,0,1,0,1
725128877,23.693861,23.480715,0.0,0.028074142,-1.0,0.893256,0.28363162,1.0732211,nan,6,3.9134524,3.9134524,3.9134524,3.9134524,3.9134524,3.9134524,0.0,0.0,0.0,0.0,0.0,0.0,0.0,0.0,0.0,0.0,0.0,0.0,0.0,0.0,0,0,0,0,0,0,0,0,0,0,0,1,0,0,1,0,1
725328891,23.990068,23.481174,0.24172501,0.024643723,-1.0,0.8941164,0.2838233,1.0732001,nan,6,3.9135292,3.9135292,3.9135292,3.9135292,3.9135292,3.9135292,0.0,0.0,0.0,0.0,0.0,0.0,0.0,0.0,0.0,0.0,0.0,0.0,0.0,0.0,0,0,0,0,0,0,0,0,0,0,0,1,0,0,1,0,1
725528899,23.708443,23.468203,0.0,0.020340297,-1.0,0.8947084,0.2784179,1.0737933,nan,6,3.9113672,3.9113672,3.9113672,3.9113672,3.9113672,3.9113672,0.0,0.0,0.0,0.0,0.0,0.0,0.0,0.0,0.0,0.0,0.0,0.0,0.0,0.0,0,0,0,0,0,0,0,0,0,0,0,1,0,0,1,0,1
725728877,23.22722,23.475077,0.0,0.014804167,-1.0,0.894934,0.28128177,1.0734789,nan,6,3.9125128,3.9125128,3.9125128,3.9125128,3.9125128,3.9125128,0.0,0.0,0.0,0.0,0.0,0.0,0.0,0.0,0.0,0.0,0.0,0.0,0.0,0.0,0,0,0,0,0,0,0,0,0,0,0,1,0,0,1,0,1
725938877,23.723936,23.438894,0.0,0.010080024,-1.0,0.89498836,0.2662061,1.075136,nan,6,3.9064825,3.9064825,3.9064825,3.9064825,3.9064825,3.9064825,0.0,0.0,0.0,0.0,0.0,0.0,0.0,0.0,0.0,0.0,0.0,0.0,0.0,0.0,0,0,0,0,0,0,0,0,0,0,0,1,0,0,1,0,1
726528877,23.154306,23.49617,0.0,0.00883287,-1.0,0.89627415,0.29007083,1.0725152,nan,6,3.9160283,3.9160283,3.9160283,3.9160283,3.9160283,3.9160283,0.0,0.0,0.0,0.0,0.0,0.0,0.0,0.0,0.0,0.0,0.0,0.0,0.0,0.0,0,0,0,0,0,0,0,0,0,0,0,1,0,0,1,0,1
726728910,23.263676,23.48226,0.0,0.005944269,-1.0,0.89627415,0.28427535,1.0731505,nan,6,3.9137099,3.9137099,3.9137099,3.9137099,3.9137099,3.9137099,0.0,0.0,0.0,0.0,0.0,0.0,0.0,0.0,0.0,0.0,0.0,0.0,0.0,0.0,0,0,0,0,0,0,0,0,0,0,0,1,0,0,1,0,1
726929096,23.643734,23.473429,0.0,0.004000322,-1.0,0.89627415,0.28059512,1.0735543,nan,6,3.9122381,3.9122381,3.9122381,3.9122381,3.9122381,3.9122381,0.0,0.0,0.0,0.0,0.0,0.0,0.0,0.0,0.0,0.0,0.0,0.0,0.0,0.0,0,0,0,0,0,0,0,0,0,0,0,1,0,0,1,0,1
727128876,23.347527,23.469694,0.0,0.013788632,-1.0,0.89824396,0.27903968,1.073725,nan,6,3.9116156,3.9116156,3.9116156,3.9116156,3.9116156,3.9116156,0.0,0.0,0.0,0.0,0.0,0.0,0.0,0.0,0.0,0.0,0.0,0.0,0.0,0.0,0,0,0,0,0,0,0,0,0,0,0,1,0,0,1,0,1
727338880,23.203522,23.459885,0.0,0.009097406,-1.0,0.89824396,0.27495223,1.074174,nan,6,3.9099808,3.9099808,3.9099808,3.9099808,3.9099808,3.9099808,0.0,0.0,0.0,0.0,0.0,0.0,0.0,0.0,0.0,0.0,0.0,0.0,0.0,0.0,0,0,0,0,0,0,0,0,0,0,0,1,0,0,1,0,1
727528877,23.501553,23.457989,0.0,0.013907562,-1.0,0.8997224,0.2741626,1.0742608,nan,6,3.9096649,3.9096649,3.9096649,3.9096649,3.9096649,3.9096649,0.0,0.0,0.0,0.0,0.0,0.0,0.0,0.0,0.0,0.0,0.0,0.0,0.0,0.0,0,0,0,0,0,0,0,0,0,0,0,1,0,0,1,0,1
727728912,23.102356,23.444223,0.0,0.009359391,-1.0,0.8997224,0.26842624,1.0748917,nan,6,3.9073706,3.9073706,3.9073706,3.9073706,3.9073706,3.9073706,0.0,0.0,0.0,0.0,0.0,0.0,0.0,0.0,0.0,0.0,0.0,0.0,0.0,0.0,0,0,0,0,0,0,0,0,0,0,0,1,0,0,1,0,1
727938880,23.116028,23.456436,0.0,0.0077941082,-1.0,0.9000628,0.27351505,1.074332,nan,6,3.909406,3.909406,3.909406,3.909406,3.909406,3.909406,0.0,0.0,0.0,0.0,0.0,0.0,0.0,0.0,0.0,0.0,0.0,0.0,0.0,0.0,0,0,0,0,0,0,0,0,0,0,0,1,0,0,1,0,1
728139448,23.561707,23.470306,0.0,0.012391695,-1.0,0.90134084,0.2792943,1.0736971,nan,6,3.9117177,3.9117177,3.9117177,3.9117177,3.9117177,3.9117177,0.0,0.0,0.0,0.0,0.0,0.0,0.0,0.0,0.0,0.0,0.0,0.0,0.0,0.0,0,0,0,0,0,0,0,0,0,0,0,1,0,0,1,0,1
728329805,23.747633,23.439156,0.0,0.009286568,-1.0,0.9014629,0.2663148,1.075124,nan,6,3.9065259,3.9065259,3.9065259,3.9065259,3.9065259,3.9065259,0.0,0.0,0.0,0.0,0.0,0.0,0.0,0.0,0.0,0.0,0.0,0.0,0.0,0.0,0,0,0,0,0,0,0,0,0,0,0,1,0,0,1,0,1
728529006,23.815077,23.443007,0.0,0.012211952,-1.0,0.9022942,0.26791984,1.0749474,nan,6,3.9071677,3.9071677,3.9071677,3.9071677,3.9071677,3.9071677,0.0,0.0,0.0,0.0,0.0,0.0,0.0,0.0,0.0,0.0,0.0,0.0,0.0,0.0,0,0,0,0,0,0,0,0,0,0,0,1,0,0,1,0,1
728739494,23.500643,23.440315,0.0,0.011537049,-1.0,0.90279853,0.26679832,1.0750709,nan,6,3.9067192,3.9067192,3.9067192,3.9067192,3.9067192,3.9067192,0.0,0.0,0.0,0.0,0.0,0.0,0.0,0.0,0.0,0.0,0.0,0.0,0.0,0.0,0,0,0,0,0,0,0,0,0,0,0,1,0,0,1,0,1
728938877,23.153395,23.427322,0.0,0.013379997,-1.0,0.9039124,0.2613843,1.075667,nan,6,3.9045537,3.9045537,3.9045537,3.9045537,3.9045537,3.9045537,0.0,0.0,0.0,0.0,0.0,0.0,0.0,0.0,0.0,0.0,0.0,0.0,0.0,0.0,0,0,0,0,0,0,0,0,0,0,0,1,0,0,1,0,1
729139367,23.18165,23.390394,0.0,0.009004354,-1.0,0.9039124,0.24599774,1.0773653,nan,6,3.898399,3.898399,3.898399,3.898399,3.898399,3.898399,0.0,0.0,0.0,0.0,0.0,0.0,0.0,0.0,0.0,0.0,0.0,0.0,0.0,0.0,0,0,0,0,0,0,0,0,0,0,0,1,0,0,1,0,1
729329055,23.682924,23.405167,0.0,0.01622677,-1.0,0.90572345,0.25215274,1.0766853,nan,6,3.900861,3.900861,3.900861,3.900861,3.900861,3.900861,0.0,0.0,0.0,0.0,0.0,0.0,0.0,0.0,0.0,0.0,0.0,0.0,0.0,0.0,0,0,0,0,0,0,0,0,0,0,0,1,0,0,1,0,1
729528880,23.632795,23.393633,0.0,0.018874412,-1.0,0.90718716,0.24734719,1.0772161,nan,6,3.898939,3.898939,3.898939,3.898939,3.898939,3.898939,0.0,0.0,0.0,0.0,0.0,0.0,0.0,0.0,0.0,0.0,0.0,0.0,0.0,0.0,0,0,0,0,0,0,0,0,0,0,0,1,0,0,1,0,1
729728911,23.369398,23.414948,0.0,0.027367905,-1.0,0.9093662,0.25622874,1.0762355,nan,6,3.9024913,3.9024913,3.9024913,3.9024913,3.9024913,3.9024913,0.0,0.0,0.0,0.0,0.0,0.0,0.0,0.0,0.0,0.0,0.0,0.0,0.0,0.0,0,0,0,0,0,0,0,0,0,0,0,1,0,0,1,0,1
729928878,23.904396,23.419287,0.0,0.024619466,-1.0,0.91056037,0.25803596,1.0760362,nan,6,3.9032145,3.9032145,3.9032145,3.9032145,3.9032145,3.9032145,0.0,0.0,0.0,0.0,0.0,0.0,0.0,0.0,0.0,0.0,0.0,0.0,0.0,0.0,0,0,0,0,0,0,0,0,0,0,0,1,0,0,1,0,1
730138877,23.936295,23.401217,0.0,0.016243327,-1.0,0.91056037,0.2505067,1.0768671,nan,6,3.9002028,3.9002028,3.9002028,3.9002028,3.9002028,3.9002028,0.0,0.0,0.0,0.0,0.0,0.0,0.0,0.0,0.0,0.0,0.0,0.0,0.0,0.0,0,0,0,0,0,0,0,0,0,0,0,1,0,0,1,0,1
730338876,23.924446,23.40118,0.0,0.0155422585,-1.0,0.9112675,0.2504924,1.0768687,nan,6,3.9001968,3.9001968,3.9001968,3.9001968,3.9001968,3.9001968,0.0,0.0,0.0,0.0,0.0,0.0,0.0,0.0,0.0,0.0,0.0,0.0,0.0,0.0,0,0,0,0,0,0,0,0,0,0,0,1,0,0,1,0,1
730528878,22.8262,23.405191,0.0,0.014587768,-1.0,0.9120103,0.25216323,1.0766841,nan,6,3.9008653,3.9008653,3.9008653,3.9008653,3.9008653,3.9008653,0.0,0.0,0.0,0.0,0.0,0.0,0.0,0.0,0.0,0.0,0.0,0.0,0.0,0.0,0,0,0,0,0,0,0,0,0,0,0,1,0,0,1,0,1
730729039,23.736696,23.409624,0.0,0.009817152,-1.0,0.9120103,0.2540105,1.0764803,nan,6,3.901604,3.901604,3.901604,3.901604,3.901604,3.901604,0.0,0.0,0.0,0.0,0.0,0.0,0.0,0.0,0.0,0.0,0.0,0.0,0.0,0.0,0,0,0,0,0,0,0,0,0,0,0,1,0,0,1,0,1
730928914,23.53801,23.405046,0.0,0.0066066626,-1.0,0.9120103,0.25210315,1.0766908,nan,6,3.900841,3.900841,3.900841,3.900841,3.900841,3.900841,0.0,0.0,0.0,0.0,0.0,0.0,0.0,0.0,0.0,0.0,0.0,0.0,0.0,0.0,0,0,0,0,0,0,0,0,0,0,0,1,0,0,1,0,1
731128879,23.017595,23.437407,0.0,0.01028084,-1.0,0.9129972,0.2655862,1.0752043,nan,6,3.9062345,3.9062345,3.9062345,3.9062345,3.9062345,3.9062345,0.0,0.0,0.0,0.0,0.0,0.0,0.0,0.0,0.0,0.0,0.0,0.0,0.0,0.0,0,0,0,0,0,0,0,0,0,0,0,1,0,0,1,0,1
731328882,23.28008,23.442846,0.0,0.0075841947,-1.0,0.9131345,0.26785308,1.0749547,nan,6,3.907141,3.907141,3.907141,3.907141,3.907141,3.907141,0.0,0.0,0.0,0.0,0.0,0.0,0.0,0.0,0.0,0.0,0.0,0.0,0.0,0.0,0,0,0,0,0,0,0,0,0,0,0,1,0,0,1,0,1
731528877,23.528894,23.441824,0.0,0.013642917,-1.0,0.9146491,0.2674268,1.0750016,nan,6,3.9069707,3.9069707,3.9069707,3.9069707,3.9069707,3.9069707,0.0,0.0,0.0,0.0,0.0,0.0,0.0,0.0,0.0,0.0,0.0,0.0,0.0,0.0,0,0,0,0,0,0,0,0,0,0,0,1,0,0,1,0,1
731738899,23.373045,23.430628,0.0,0.009001266,-1.0,0.9146491,0.2627614,1.0755154,nan,6,3.9051046,3.9051046,3.9051046,3.9051046,3.9051046,3.9051046,0.0,0.0,0.0,0.0,0.0,0.0,0.0,0.0,0.0,0.0,0.0,0.0,0.0,0.0,0,0,0,0,0,0,0,0,0,0,0,1,0,0,1,0,1
731939175,23.776798,23.451685,0.0,0.018340953,-1.0,0.9165927,0.27153522,1.0745497,nan,6,3.9086142,3.9086142,3.9086142,3.9086142,3.9086142,3.9086142,0.0,0.0,0.0,0.0,0.0,0.0,0.0,0.0,0.0,0.0,0.0,0.0,0.0,0.0,0,0,0,0,0,0,0,0,0,0,0,1,0,0,1,0,1
732140255,23.777708,23.442535,0.0,0.024394931,-1.0,0.91848326,0.26772338,1.074969,nan,6,3.9070892,3.9070892,3.9070892,3.9070892,3.9070892,3.9070892,0.0,0.0,0.0,0.0,0.0,0.0,0.0,0.0,0.0,0.0,0.0,0.0,0.0,0.0,0,0,0,0,0,0,0,0,0,0,0,1,0,0,1,0,1
732330970,23.877052,23.45595,0.0,0.023139806,-1.0,0.9193997,0.27331287,1.0743542,nan,6,3.909325,3.909325,3.909325,3.909325,3.909325,3.909325,0.0,0.0,0.0,0.0,0.0,0.0,0.0,0.0,0.0,0.0,0.0,0.0,0.0,0.0,0,0,0,0,0,0,0,0,0,0,0,1,0,0,1,0,1
732530548,22.65759,23.437193,0.0,0.017481197,-1.0,0.9198238,0.2654975,1.075214,nan,6,3.9061987,3.9061987,3.9061987,3.9061987,3.9061987,3.9061987,0.0,0.0,0.0,0.0,0.0,0.0,0.0,0.0,0.0,0.0,0.0,0.0,0.0,0.0,0,0,0,0,0,0,0,0,0,0,0,1,0,0,1,0,1
732730145,23.517048,23.460669,0.0,0.015491745,-1.0,0.9205788,0.2752784,1.0741382,nan,6,3.9101114,3.9101114,3.9101114,3.9101114,3.9101114,3.9101114,0.0,0.0,0.0,0.0,0.0,0.0,0.0,0.0,0.0,0.0,0.0,0.0,0.0,0.0,0,0,0,0,0,0,0,0,0,0,0,1,0,0,1,0,1
732928879,23.899837,23.468601,0.0,0.023814583,-1.0,0.9227607,0.27858382,1.073775,nan,6,3.9114335,3.9114335,3.9114335,3.9114335,3.9114335,3.9114335,0.0,0.0,0.0,0.0,0.0,0.0,0.0,0.0,0.0,0.0,0.0,0.0,0.0,0.0,0,0,0,0,0,0,0,0,0,0,0,1,0,0,1,0,1
733138877,23.94632,23.447376,0.03479375,0.020457625,-1.0,0.923459,0.2697404,1.0747471,nan,6,3.907896,3.907896,3.907896,3.907896,3.907896,3.907896,0.0,0.0,0.0,0.0,0.0,0.0,0.0,0.0,0.0,0.0,0.0,0.0,0.0,0.0,0,0,0,0,0,0,0,0,0,0,0,1,0,0,1,0,1
733328973,23.415882,23.42974,0.0,0.022318557,-1.0,0.92491454,0.26239234,1.075556,nan,6,3.9049568,3.9049568,3.9049568,3.9049568,3.9049568,3.9049568,0.0,0.0,0.0,0.0,0.0,0.0,0.0,0.0,0.0,0.0,0.0,0.0,0.0,0.0,0,0,0,0,0,0,0,0,0,0,0,1,0,0,1,0,1
733528936,23.786823,23.415092,0.08240625,0.021136863,-1.0,0.9258768,0.25628883,1.0762289,nan,6,3.9025154,3.9025154,3.9025154,3.9025154,3.9025154,3.9025154,0.0,0.0,0.0,0.0,0.0,0.0,0.0,0.0,0.0,0.0,0.0,0.0,0.0,0.0,0,0,0,0,0,0,0,0,0,0,0,1,0,0,1,0,1
733728909,23.394918,23.408625,0.0,0.017027978,-1.0,0.92639047,0.25359374,1.0765263,nan,6,3.9014375,3.9014375,3.9014375,3.9014375,3.9014375,3.9014375,0.0,0.0,0.0,0.0,0.0,0.0,0.0,0.0,0.0,0.0,0.0,0.0,0.0,0.0,0,0,0,0,0,0,0,0,0,0,0,1,0,0,1,0,1
733928892,23.02671,23.393589,0.0,0.022050945,-1.0,0.92814076,0.24732907,1.0772182,nan,6,3.8989315,3.8989315,3.8989315,3.8989315,3.8989315,3.8989315,0.0,0.0,0.0,0.0,0.0,0.0,0.0,0.0,0.0,0.0,0.0,0.0,0.0,0.0,0,0,0,0,0,0,0,0,0,0,0,1,0,0,1,0,1
734129268,23.417704,23.394209,0.0,0.026751215,-1.0,0.9303478,0.24758752,1.0771896,nan,6,3.8990347,3.8990347,3.8990347,3.8990347,3.8990347,3.8990347,0.0,0.0,0.0,0.0,0.0,0.0,0.0,0.0,0.0,0.0,0.0,0.0,0.0,0.0,0,0,0,0,0,0,0,0,0,0,0,1,0,0,1,0,1
734338878,23.38945,23.398544,0.0,0.018008811,-1.0,0.930419,0.24939378,1.07699,nan,6,3.8997574,3.8997574,3.8997574,3.8997574,3.8997574,3.8997574,0.0,0.0,0.0,0.0,0.0,0.0,0.0,0.0,0.0,0.0,0.0,0.0,0.0,0.0,0,0,0,0,0,0,0,0,0,0,0,1,0,0,1,0,1
734540677,23.802317,23.42415,0.0,0.01802915,-1.0,0.93158144,0.26006252,1.0758128,nan,6,3.904025,3.904025,3.904025,3.904025,3.904025,3.904025,0.0,0.0,0.0,0.0,0.0,0.0,0.0,0.0,0.0,0.0,0.0,0.0,0.0,0.0,0,0,0,0,0,0,0,0,0,0,0,1,0,0,1,0,1
734728900,23.989155,23.430822,0.0,0.01706672,-1.0,0.93242145,0.26284248,1.0755064,nan,6,3.905137,3.905137,3.905137,3.905137,3.905137,3.905137,0.0,0.0,0.0,0.0,0.0,0.0,0.0,0.0,0.0,0.0,0.0,0.0,0.0,0.0,0,0,0,0,0,0,0,0,0,0,0,1,0,0,1,0,1
734928877,23.517048,23.46459,0.0,0.029106542,-1.0,0.93551004,0.276913,1.0739586,nan,6,3.910765,3.910765,3.910765,3.910765,3.910765,3.910765,0.0,0.0,0.0,0.0,0.0,0.0,0.0,0.0,0.0,0.0,0.0,0.0,0.0,0.0,0,0,0,0,0,0,0,0,0,0,0,1,0,0,1,0,1
735128876,24.20607,23.472307,0.0,0.02090075,-1.0,0.9357234,0.28012782,1.0736057,nan,6,3.9120512,3.9120512,3.9120512,3.9120512,3.9120512,3.9120512,0.0,0.0,0.0,0.0,0.0,0.0,0.0,0.0,0.0,0.0,0.0,0.0,0.0,0.0,0,0,0,0,0,0,0,0,0,0,0,1,0,0,1,0,1
735328909,23.837862,23.479532,0.0,0.014566359,-1.0,0.9358099,0.28313857,1.0732751,nan,6,3.9132555,3.9132555,3.9132555,3.9132555,3.9132555,3.9132555,0.0,0.0,0.0,0.0,0.0,0.0,0.0,0.0,0.0,0.0,0.0,0.0,0.0,0.0,0,0,0,0,0,0,0,0,0,0,0,1,0,0,1,0,1
735528881,23.986422,23.50355,0.40104377,0.018869659,-1.0,0.93711466,0.29314548,1.0721785,nan,6,3.9172583,3.9172583,3.9172583,3.9172583,3.9172583,3.9172583,0.0,0.0,0.0,0.0,0.0,0.0,0.0,0.0,0.0,0.0,0.0,0.0,0.0,0.0,0,0,0,0,0,0,0,0,0,0,0,1,0,0,1,0,1
735728900,23.06681,23.535933,0.0,0.012698741,-1.0,0.93711466,0.30663902,1.0707031,nan,6,3.9226553,3.9226553,3.9226553,3.9226553,3.9226553,3.9226553,0.0,0.0,0.0,0.0,0.0,0.0,0.0,0.0,0.0,0.0,0.0,0.0,0.0,0.0,0,0,0,0,0,0,0,0,0,0,0,1,0,0,1,0,0
735938878,23.743988,23.54094,0.0,0.008879076,-1.0,0.9371977,0.3087247,1.0704756,nan,6,3.9234898,3.9234898,3.9234898,3.9234898,3.9234898,3.9234898,0.0,0.0,0.0,0.0,0.0,0.0,0.0,0.0,0.0,0.0,0.0,0.0,0.0,0.0,0,0,0,0,0,0,0,0,0,0,0,1,0,0,1,0,0
736128878,24.016499,23.574892,0.01465,0.007822496,-1.0,0.93747187,0.3228715,1.0689338,nan,6,3.9291487,3.9291487,3.9291487,3.9291487,3.9291487,3.9291487,0.0,0.0,0.0,0.0,0.0,0.0,0.0,0.0,0.0,0.0,0.0,0.0,0.0,0.0,0,0,0,0,0,0,0,0,0,0,0,1,0,0,1,0,0
736340286,23.243626,23.578516,0.0,0.0051610935,-1.0,0.93747187,0.32438213,1.0687695,nan,6,3.9297526,3.9297526,3.9297526,3.9297526,3.9297526,3.9297526,0.0,0.0,0.0,0.0,0.0,0.0,0.0,0.0,0.0,0.0,0.0,0.0,0.0,0.0,0,0,0,0,0,0,0,0,0,0,0,1,0,0,1,0,0
736528983,24.08941,23.617292,0.0,0.0035427336,-1.0,0.93747187,0.34053832,1.0670148,nan,6,3.9362154,3.9362154,3.9362154,3.9362154,3.9362154,3.9362154,0.0,0.0,0.0,0.0,0.0,0.0,0.0,0.0,0.0,0.0,0.0,0.0,0.0,0.0,0,0,0,0,0,0,0,0,0,0,0,1,0,0,1,0,0
736728899,23.375778,23.616982,0.0,0.008394698,-1.0,0.93836,0.34040958,1.0670288,nan,6,3.9361637,3.9361637,3.9361637,3.9361637,3.9361637,3.9361637,0.0,0.0,0.0,0.0,0.0,0.0,0.0,0.0,0.0,0.0,0.0,0.0,0.0,0.0,0,0,0,0,0,0,0,0,0,0,0,1,0,0,1,0,0
736928877,24.105816,23.601364,0.0,0.008593872,-1.0,0.9390228,0.3339017,1.0677348,nan,6,3.9335606,3.9335606,3.9335606,3.9335606,3.9335606,3.9335606,0.0,0.0,0.0,0.0,0.0,0.0,0.0,0.0,0.0,0.0,0.0,0.0,0.0,0.0,0,0,0,0,0,0,0,0,0,0,0,1,0,0,1,0,0
737139224,23.294662,23.57719,0.0,0.0056700287,-1.0,0.9390228,0.32382995,1.0688295,nan,6,3.9295318,3.9295318,3.9295318,3.9295318,3.9295318,3.9295318,0.0,0.0,0.0,0.0,0.0,0.0,0.0,0.0,0.0,0.0,0.0,0.0,0.0,0.0,0,0,0,0,0,0,0,0,0,0,0,1,0,0,1,0,0
737328895,24.042017,23.562538,0.109875,0.006841438,-1.0,0.93947697,0.31772453,1.0694942,nan,6,3.9270897,3.9270897,3.9270897,3.9270897,3.9270897,3.9270897,0.0,0.0,0.0,0.0,0.0,0.0,0.0,0.0,0.0,0.0,0.0,0.0,0.0,0.0,0,0,0,0,0,0,0,0,0,0,0,1,0,0,1,0,0
737528878,23.59725,23.54487,0.0,0.0077997865,-1.0,0.9400365,0.3103631,1.0702968,nan,6,3.924145,3.924145,3.924145,3.924145,3.924145,3.924145,0.0,0.0,0.0,0.0,0.0,0.0,0.0,0.0,0.0,0.0,0.0,0.0,0.0,0.0,0,0,0,0,0,0,0,0,0,0,0,1,0,0,1,0,0
737728898,23.504286,23.52055,0.0,0.016126331,-1.0,0.94168615,0.30022937,1.0714035,nan,6,3.9200916,3.9200916,3.9200916,3.9200916,3.9200916,3.9200916,0.0,0.0,0.0,0.0,0.0,0.0,0.0,0.0,0.0,0.0,0.0,0.0,0.0,0.0,0,0,0,0,0,0,0,0,0,0,0,1,0,0,1,0,0
737928877,23.386717,23.507652,0.0,0.014236142,-1.0,0.94219494,0.29485542,1.0719913,nan,6,3.917942,3.917942,3.917942,3.917942,3.917942,3.917942,0.0,0.0,0.0,0.0,0.0,0.0,0.0,0.0,0.0,0.0,0.0,0.0,0.0,0.0,0,0,0,0,0,0,0,0,0,0,0,1,0,0,1,0,1
738128877,23.430464,23.496178,0.0,0.009580513,-1.0,0.94219494,0.29007465,1.0725148,nan,6,3.9160297,3.9160297,3.9160297,3.9160297,3.9160297,3.9160297,0.0,0.0,0.0,0.0,0.0,0.0,0.0,0.0,0.0,0.0,0.0,0.0,0.0,0.0,0,0,0,0,0,0,0,0,0,0,0,1,0,0,1,0,1
738329650,23.987333,23.49054,0.0,0.011742788,-1.0,0.94316095,0.2877248,1.0727723,nan,6,3.9150898,3.9150898,3.9150898,3.9150898,3.9150898,3.9150898,0.0,0.0,0.0,0.0,0.0,0.0,0.0,0.0,0.0,0.0,0.0,0.0,0.0,0.0,0,0,0,0,0,0,0,0,0,0,0,1,0,0,1,0,1
738540258,23.776798,23.465004,0.0,0.012590777,-1.0,0.9439802,0.2770856,1.0739397,nan,6,3.910834,3.910834,3.910834,3.910834,3.910834,3.910834,0.0,0.0,0.0,0.0,0.0,0.0,0.0,0.0,0.0,0.0,0.0,0.0,0.0,0.0,0,0,0,0,0,0,0,0,0,0,0,1,0,0,1,0,1
738738901,22.895466,23.455564,0.0,0.015810048,-1.0,0.94562876,0.2731517,1.0743719,nan,6,3.9092607,3.9092607,3.9092607,3.9092607,3.9092607,3.9092607,0.0,0.0,0.0,0.0,0.0,0.0,0.0,0.0,0.0,0.0,0.0,0.0,0.0,0.0,0,0,0,0,0,0,0,0,0,0,0,1,0,0,1,0,1
738928877,23.155218,23.456612,0.0,0.015939727,-1.0,0.94662386,0.27358848,1.0743239,nan,6,3.9094353,3.9094353,3.9094353,3.9094353,3.9094353,3.9094353,0.0,0.0,0.0,0.0,0.0,0.0,0.0,0.0,0.0,0.0,0.0,0.0,0.0,0.0,0,0,0,0,0,0,0,0,0,0,0,1,0,0,1,0,1
739128877,23.651936,23.485447,0.0,0.036200844,-1.0,0.95109665,0.28560287,1.0730048,nan,6,3.914241,3.914241,3.914241,3.914241,3.914241,3.914241,0.0,0.0,0.0,0.0,0.0,0.0,0.0,0.0,0.0,0.0,0.0,0.0,0.0,0.0,0,0,0,0,0,0,0,0,0,0,0,1,0,0,1,0,1
739328878,22.867214,23.47302,0.0,0.03980053,-1.0,0.9535988,0.28042537,1.0735729,nan,6,3.9121702,3.9121702,3.9121702,3.9121702,3.9121702,3.9121702,0.0,0.0,0.0,0.0,0.0,0.0,0.0,0.0,0.0,0.0,0.0,0.0,0.0,0.0,0,0,0,0,0,0,0,0,0,0,0,1,0,0,1,0,1
739529614,23.90075,23.452478,0.32046875,0.034162384,-1.0,0.95470536,0.27186614,1.0745132,nan,6,3.9087465,3.9087465,3.9087465,3.9087465,3.9087465,3.9087465,0.0,0.0,0.0,0.0,0.0,0.0,0.0,0.0,0.0,0.0,0.0,0.0,0.0,0.0,0,0,0,0,0,0,0,0,0,0,0,1,0,0,1,0,1
739729454,23.575378,23.45814,0.0,0.023520513,-1.0,0.9547988,0.27422458,1.074254,nan,6,3.90969,3.90969,3.90969,3.90969,3.90969,3.90969,0.0,0.0,0.0,0.0,0.0,0.0,0.0,0.0,0.0,0.0,0.0,0.0,0.0,0.0,0,0,0,0,0,0,0,0,0,0,0,1,0,0,1,0,1
739938877,23.588137,23.44724,0.0,0.019593576,-1.0,0.95555675,0.26968414,1.0747533,nan,6,3.9078734,3.9078734,3.9078734,3.9078734,3.9078734,3.9078734,0.0,0.0,0.0,0.0,0.0,0.0,0.0,0.0,0.0,0.0,0.0,0.0,0.0,0.0,0,0,0,0,0,0,0,0,0,0,0,1,0,0,1,0,1
740138877,23.183474,23.433434,0.0,0.014410494,-1.0,0.9557857,0.26393062,1.0753865,nan,6,3.9055722,3.9055722,3.9055722,3.9055722,3.9055722,3.9055722,0.0,0.0,0.0,0.0,0.0,0.0,0.0,0.0,0.0,0.0,0.0,0.0,0.0,0.0,0,0,0,0,0,0,0,0,0,0,0,1,0,0,1,0,1
740339051,23.79138,23.445896,0.0,0.0124746,-1.0,0.9562421,0.26912338,1.0748149,nan,6,3.9076493,3.9076493,3.9076493,3.9076493,3.9076493,3.9076493,0.0,0.0,0.0,0.0,0.0,0.0,0.0,0.0,0.0,0.0,0.0,0.0,0.0,0.0,0,0,0,0,0,0,0,0,0,0,0,1,0,0,1,0,1
740529349,23.71209,23.438293,0.0,0.00856295,-1.0,0.9562421,0.26595622,1.0751635,nan,6,3.9063823,3.9063823,3.9063823,3.9063823,3.9063823,3.9063823,0.0,0.0,0.0,0.0,0.0,0.0,0.0,0.0,0.0,0.0,0.0,0.0,0.0,0.0,0,0,0,0,0,0,0,0,0,0,0,1,0,0,1,0,1
740728896,23.103268,23.445475,0.0,0.010024816,-1.0,0.95705396,0.2689479,1.0748342,nan,6,3.9075792,3.9075792,3.9075792,3.9075792,3.9075792,3.9075792,0.0,0.0,0.0,0.0,0.0,0.0,0.0,0.0,0.0,0.0,0.0,0.0,0.0,0.0,0,0,0,0,0,0,0,0,0,0,0,1,0,0,1,0,1
740928917,22.65759,23.425537,0.0,0.015394753,-1.0,0.9588035,0.26064044,1.075749,nan,6,3.904256,3.904256,3.904256,3.904256,3.904256,3.904256,0.0,0.0,0.0,0.0,0.0,0.0,0.0,0.0,0.0,0.0,0.0,0.0,0.0,0.0,0,0,0,0,0,0,0,0,0,0,0,1,0,0,1,0,1
741128879,23.02671,23.426647,0.0,0.013779678,-1.0,0.9593122,0.26110297,1.0756981,nan,6,3.904441,3.904441,3.904441,3.904441,3.904441,3.904441,0.0,0.0,0.0,0.0,0.0,0.0,0.0,0.0,0.0,0.0,0.0,0.0,0.0,0.0,0,0,0,0,0,0,0,0,0,0,0,1,0,0,1,0,1
741338877,22.992989,23.432816,0.0,0.009686056,-1.0,0.959419,0.26367313,1.0754149,nan,6,3.9054692,3.9054692,3.9054692,3.9054692,3.9054692,3.9054692,0.0,0.0,0.0,0.0,0.0,0.0,0.0,0.0,0.0,0.0,0.0,0.0,0.0,0.0,0,0,0,0,0,0,0,0,0,0,0,1,0,0,1,0,1
741539001,23.84333,23.468548,0.0,0.019125968,-1.0,0.96151406,0.2785619,1.0737776,nan,6,3.9114246,3.9114246,3.9114246,3.9114246,3.9114246,3.9114246,0.0,0.0,0.0,0.0,0.0,0.0,0.0,0.0,0.0,0.0,0.0,0.0,0.0,0.0,0,0,0,0,0,0,0,0,0,0,0,1,0,0,1,0,1
741739405,23.781355,23.511602,0.0,0.02255848,-1.0,0.9632894,0.29650146,1.0718112,nan,6,3.9186003,3.9186003,3.9186003,3.9186003,3.9186003,3.9186003,0.0,0.0,0.0,0.0,0.0,0.0,0.0,0.0,0.0,0.0,0.0,0.0,0.0,0.0,0,0,0,0,0,0,0,0,0,0,0,1,0,0,1,0,1
741929408,23.964548,23.517637,0.0,0.022276184,-1.0,0.96433395,0.29901534,1.0715362,nan,6,3.9196062,3.9196062,3.9196062,3.9196062,3.9196062,3.9196062,0.0,0.0,0.0,0.0,0.0,0.0,0.0,0.0,0.0,0.0,0.0,0.0,0.0,0.0,0,0,0,0,0,0,0,0,0,0,0,1,0,0,1,0,1
742140631,23.839685,23.531546,0.0,0.02314347,-1.0,0.9659288,0.30481082,1.0709028,nan,6,3.9219244,3.9219244,3.9219244,3.9219244,3.9219244,3.9219244,0.0,0.0,0.0,0.0,0.0,0.0,0.0,0.0,0.0,0.0,0.0,0.0,0.0,0.0,0,0,0,0,0,0,0,0,0,0,0,1,0,0,1,0,0
742328878,23.75766,23.546328,0.0,0.038520627,-1.0,0.9693354,0.31096965,1.0702306,nan,6,3.924388,3.924388,3.924388,3.924388,3.924388,3.924388,0.0,0.0,0.0,0.0,0.0,0.0,0.0,0.0,0.0,0.0,0.0,0.0,0.0,0.0,0,0,0,0,0,0,0,0,0,0,0,1,0,0,1,0,0
742530163,23.589048,23.54497,0.0,0.028995154,-1.0,0.9698679,0.31040412,1.0702922,nan,6,3.9241617,3.9241617,3.9241617,3.9241617,3.9241617,3.9241617,0.0,0.0,0.0,0.0,0.0,0.0,0.0,0.0,0.0,0.0,0.0,0.0,0.0,0.0,0,0,0,0,0,0,0,0,0,0,0,1,0,0,1,0,0
742738922,23.686567,23.550526,0.0,0.020658828,-1.0,0.9701343,0.31271964,1.0700397,nan,6,3.9250877,3.9250877,3.9250877,3.9250877,3.9250877,3.9250877,0.0,0.0,0.0,0.0,0.0,0.0,0.0,0.0,0.0,0.0,0.0,0.0,0.0,0.0,0,0,0,0,0,0,0,0,0,0,0,1,0,0,1,0,0
742938877,23.621859,23.556427,0.0,0.015061237,-1.0,0.9703723,0.31517822,1.0697716,nan,6,3.9260712,3.9260712,3.9260712,3.9260712,3.9260712,3.9260712,0.0,0.0,0.0,0.0,0.0,0.0,0.0,0.0,0.0,0.0,0.0,0.0,0.0,0.0,0,0,0,0,0,0,0,0,0,0,0,1,0,0,1,0,0
743128877,22.88453,23.545628,0.0,0.011028749,-1.0,0.97047406,0.31067878,1.0702623,nan,6,3.9242713,3.9242713,3.9242713,3.9242713,3.9242713,3.9242713,0.0,0.0,0.0,0.0,0.0,0.0,0.0,0.0,0.0,0.0,0.0,0.0,0.0,0.0,0,0,0,0,0,0,0,0,0,0,0,1,0,0,1,0,0
743328878,23.657404,23.532547,0.0,0.0075477357,-1.0,0.9704995,0.30522853,1.0708573,nan,6,3.9220912,3.9220912,3.9220912,3.9220912,3.9220912,3.9220912,0.0,0.0,0.0,0.0,0.0,0.0,0.0,0.0,0.0,0.0,0.0,0.0,0.0,0.0,0,0,0,0,0,0,0,0,0,0,0,1,0,0,1,0,0
743528939,22.714098,23.50694,0.0,0.005579039,-1.0,0.970591,0.29455882,1.0720237,nan,6,3.9178236,3.9178236,3.9178236,3.9178236,3.9178236,3.9178236,0.0,0.0,0.0,0.0,0.0,0.0,0.0,0.0,0.0,0.0,0.0,0.0,0.0,0.0,0,0,0,0,0,0,0,0,0,0,0,1,0,0,1,0,1
743728898,23.294662,23.469677,0.0,0.004472547,-1.0,0.9707335,0.27903205,1.0737258,nan,6,3.9116127,3.9116127,3.9116127,3.9116127,3.9116127,3.9116127,0.0,0.0,0.0,0.0,0.0,0.0,0.0,0.0,0.0,0.0,0.0,0.0,0.0,0.0,0,0,0,0,0,0,0,0,0,0,0,1,0,0,1,0,1
743928878,23.374868,23.453306,0.0,0.0036886907,-1.0,0.97087085,0.27221137,1.0744753,nan,6,3.9088843,3.9088843,3.9088843,3.9088843,3.9088843,3.9088843,0.0,0.0,0.0,0.0,0.0,0.0,0.0,0.0,0.0,0.0,0.0,0.0,0.0,0.0,0,0,0,0,0,0,0,0,0,0,0,1,0,0,1,0,1
744138893,23.683834,23.46398,0.0,0.013306146,-1.0,0.97276825,0.27665836,1.0739865,nan,6,3.9106634,3.9106634,3.9106634,3.9106634,3.9106634,3.9106634,0.0,0.0,0.0,0.0,0.0,0.0,0.0,0.0,0.0,0.0,0.0,0.0,0.0,0.0,0,0,0,0,0,0,0,0,0,0,0,1,0,0,1,0,1
744338922,23.69477,23.469692,0.0,0.014038725,-1.0,0.9737356,0.27903873,1.0737251,nan,6,3.9116154,3.9116154,3.9116154,3.9116154,3.9116154,3.9116154,0.0,0.0,0.0,0.0,0.0,0.0,0.0,0.0,0.0,0.0,0.0,0.0,0.0,0.0,0,0,0,0,0,0,0,0,0,0,0,1,0,0,1,0,1
744539523,23.940851,23.490532,0.23989375,0.021904022,-1.0,0.97561175,0.28772193,1.0727726,nan,6,3.9150887,3.9150887,3.9150887,3.9150887,3.9150887,3.9150887,0.0,0.0,0.0,0.0,0.0,0.0,0.0,0.0,0.0,0.0,0.0,0.0,0.0,0.0,0,0,0,0,0,0,0,0,0,0,0,1,0,0,1,0,1
744729728,23.548037,23.458231,0.0,0.01503559,-1.0,0.97561175,0.27426273,1.0742499,nan,6,3.9097052,3.9097052,3.9097052,3.9097052,3.9097052,3.9097052,0.0,0.0,0.0,0.0,0.0,0.0,0.0,0.0,0.0,0.0,0.0,0.0,0.0,0.0,0,0,0,0,0,0,0,0,0,0,0,1,0,0,1,0,1
744928877,23.430464,23.481438,0.0,0.016895177,-1.0,0.9768779,0.28393298,1.0731881,nan,6,3.913573,3.913573,3.913573,3.913573,3.913573,3.913573,0.0,0.0,0.0,0.0,0.0,0.0,0.0,0.0,0.0,0.0,0.0,0.0,0.0,0.0,0,0,0,0,0,0,0,0,0,0,0,1,0,0,1,0,1
745128885,23.302866,23.473818,0.0,0.0151403565,-1.0,0.977529,0.28075725,1.0735365,nan,6,3.912303,3.912303,3.912303,3.912303,3.912303,3.912303,0.0,0.0,0.0,0.0,0.0,0.0,0.0,0.0,0.0,0.0,0.0,0.0,0.0,0.0,0,0,0,0,0,0,0,0,0,0,0,1,0,0,1,0,1
745328932,23.264587,23.475828,0.0,0.024163064,-1.0,0.97981906,0.28159553,1.0734445,nan,6,3.912638,3.912638,3.912638,3.912638,3.912638,3.912638,0.0,0.0,0.0,0.0,0.0,0.0,0.0,0.0,0.0,0.0,0.0,0.0,0.0,0.0,0,0,0,0,0,0,0,0,0,0,0,1,0,0,1,0,1
745538890,23.747633,23.447857,0.0,0.015942207,-1.0,0.97981906,0.26994067,1.074725,nan,6,3.9079762,3.9079762,3.9079762,3.9079762,3.9079762,3.9079762,0.0,0.0,0.0,0.0,0.0,0.0,0.0,0.0,0.0,0.0,0.0,0.0,0.0,0.0,0,0,0,0,0,0,0,0,0,0,0,1,0,0,1,0,1
745738877,23.90075,23.447586,0.0,0.013973536,-1.0,0.98036844,0.26982814,1.0747374,nan,6,3.907931,3.907931,3.907931,3.907931,3.907931,3.907931,0.0,0.0,0.0,0.0,0.0,0.0,0.0,0.0,0.0,0.0,0.0,0.0,0.0,0.0,0,0,0,0,0,0,0,0,0,0,0,1,0,0,1,0,1
745928879,24.20516,23.43239,0.19594376,0.0134339,-1.0,0.9809128,0.26349574,1.0754344,nan,6,3.9053984,3.9053984,3.9053984,3.9053984,3.9053984,3.9053984,0.0,0.0,0.0,0.0,0.0,0.0,0.0,0.0,0.0,0.0,0.0,0.0,0.0,0.0,0,0,0,0,0,0,0,0,0,0,0,1,0,0,1,0,1
746128972,22.892733,23.410574,0.0,0.0090406295,-1.0,0.9809128,0.25440627,1.0764365,nan,6,3.9017622,3.9017622,3.9017622,3.9017622,3.9017622,3.9017622,0.0,0.0,0.0,0.0,0.0,0.0,0.0,0.0,0.0,0.0,0.0,0.0,0.0,0.0,0,0,0,0,0,0,0,0,0,0,0,1,0,0,1,0,1
746328876,23.032177,23.39802,0.0,0.0060840845,-1.0,0.9809128,0.24917538,1.0770141,nan,6,3.89967,3.89967,3.89967,3.89967,3.89967,3.89967,0.0,0.0,0.0,0.0,0.0,0.0,0.0,0.0,0.0,0.0,0.0,0.0,0.0,0.0,0,0,0,0,0,0,0,0,0,0,0,1,0,0,1,0,1
746528966,22.964735,23.395716,0.0,0.005453808,-1.0,0.98117125,0.24821503,1.0771202,nan,6,3.899286,3.899286,3.899286,3.899286,3.899286,3.899286,0.0,0.0,0.0,0.0,0.0,0.0,0.0,0.0,0.0,0.0,0.0,0.0,0.0,0.0,0,0,0,0,0,0,0,0,0,0,0,1,0,0,1,0,1
746728877,23.392183,23.377153,0.0,0.0042254,-1.0,0.98127234,0.24048074,1.0779755,nan,6,3.8961923,3.8961923,3.8961923,3.8961923,3.8961923,3.8961923,0.0,0.0,0.0,0.0,0.0,0.0,0.0,0.0,0.0,0.0,0.0,0.0,0.0,0.0,0,0,0,0,0,0,0,0,0,0,0,1,0,0,1,0,1
746938891,22.969292,23.391354,0.0,0.004316349,-1.0,0.9815114,0.24639733,1.0773212,nan,6,3.8985589,3.8985589,3.8985589,3.8985589,3.8985589,3.8985589,0.0,0.0,0.0,0.0,0.0,0.0,0.0,0.0,0.0,0.0,0.0,0.0,0.0,0.0,0,0,0,0,0,0,0,0,0,0,0,1,0,0,1,0,1
747138878,23.90166,23.401463,0.065924995,0.010287799,-1.0,0.9827211,0.2506097,1.0768558,nan,6,3.9002438,3.9002438,3.9002438,3.9002438,3.9002438,3.9002438,0.0,0.0,0.0,0.0,0.0,0.0,0.0,0.0,0.0,0.0,0.0,0.0,0.0,0.0,0,0,0,0,0,0,0,0,0,0,0,1,0,0,1,0,1
747339143,23.037647,23.430105,0.0,0.007737734,-1.0,0.9828647,0.26254398,1.0755392,nan,6,3.9050176,3.9050176,3.9050176,3.9050176,3.9050176,3.9050176,0.0,0.0,0.0,0.0,0.0,0.0,0.0,0.0,0.0,0.0,0.0,0.0,0.0,0.0,0,0,0,0,0,0,0,0,0,0,0,1,0,0,1,0,1
747528879,23.277348,23.42788,0.0,0.0053114193,-1.0,0.9828647,0.261617,1.0756415,nan,6,3.9046466,3.9046466,3.9046466,3.9046466,3.9046466,3.9046466,0.0,0.0,0.0,0.0,0.0,0.0,0.0,0.0,0.0,0.0,0.0,0.0,0.0,0.0,0,0,0,0,0,0,0,0,0,0,0,1,0,0,1,0,1
747728877,23.876143,23.447578,0.0,0.0076931617,-1.0,0.98346066,0.26982433,1.0747378,nan,6,3.9079297,3.9079297,3.9079297,3.9079297,3.9079297,3.9079297,0.0,0.0,0.0,0.0,0.0,0.0,0.0,0.0,0.0,0.0,0.0,0.0,0.0,0.0,0,0,0,0,0,0,0,0,0,0,0,1,0,0,1,0,1
747928877,24.023788,23.513468,0.0,0.011611077,-1.0,0.9846917,0.2972787,1.0717261,nan,6,3.9189112,3.9189112,3.9189112,3.9189112,3.9189112,3.9189112,0.0,0.0,0.0,0.0,0.0,0.0,0.0,0.0,0.0,0.0,0.0,0.0,0.0,0.0,0,0,0,0,0,0,0,0,0,0,0,1,0,0,1,0,1
748128877,23.44778,23.559383,0.0,0.007813919,-1.0,0.9846917,0.31641036,1.0696374,nan,6,3.926564,3.926564,3.926564,3.926564,3.926564,3.926564,0.0,0.0,0.0,0.0,0.0,0.0,0.0,0.0,0.0,0.0,0.0,0.0,0.0,0.0,0,0,0,0,0,0,0,0,0,0,0,1,0,0,1,0,0
748338935,23.766773,23.596632,0.0,0.02100256,-1.0,0.98725617,0.33193046,1.0679489,nan,6,3.932772,3.932772,3.932772,3.932772,3.932772,3.932772,0.0,0.0,0.0,0.0,0.0,0.0,0.0,0.0,0.0,0.0,0.0,0.0,0.0,0.0,0,0,0,0,0,0,0,0,0,0,0,1,0,0,1,0,0
748539318,23.191673,23.56154,0.0,0.014898197,-1.0,0.98741436,0.31730872,1.0695395,nan,6,3.9269235,3.9269235,3.9269235,3.9269235,3.9269235,3.9269235,0.0,0.0,0.0,0.0,0.0,0.0,0.0,0.0,0.0,0.0,0.0,0.0,0.0,0.0,0,0,0,0,0,0,0,0,0,0,0,1,0,0,1,0,0
748728878,23.469654,23.538567,0.0,0.022115663,-1.0,0.9895355,0.3077367,1.0705833,nan,6,3.9230945,3.9230945,3.9230945,3.9230945,3.9230945,3.9230945,0.0,0.0,0.0,0.0,0.0,0.0,0.0,0.0,0.0,0.0,0.0,0.0,0.0,0.0,0,0,0,0,0,0,0,0,0,0,0,1,0,0,1,0,0
748928879,23.55077,23.532713,0.0,0.026924264,-1.0,0.99134684,0.3052972,1.0708497,nan,6,3.922119,3.922119,3.922119,3.922119,3.922119,3.922119,0.0,0.0,0.0,0.0,0.0,0.0,0.0,0.0,0.0,0.0,0.0,0.0,0.0,0.0,0,0,0,0,0,0,0,0,0,0,0,1,0,0,1,0,0
749128877,23.70024,23.511028,0.0,0.018119263,-1.0,0.99134684,0.2962621,1.0718374,nan,6,3.9185047,3.9185047,3.9185047,3.9185047,3.9185047,3.9185047,0.0,0.0,0.0,0.0,0.0,0.0,0.0,0.0,0.0,0.0,0.0,0.0,0.0,0.0,0,0,0,0,0,0,0,0,0,0,0,1,0,0,1,0,1
749328878,23.893457,23.503477,0.0,0.018580755,-1.0,0.9924202,0.2931159,1.0721817,nan,6,3.917246,3.917246,3.917246,3.917246,3.917246,3.917246,0.0,0.0,0.0,0.0,0.0,0.0,0.0,0.0,0.0,0.0,0.0,0.0,0.0,0.0,0,0,0,0,0,0,0,0,0,0,0,1,0,0,1,0,1
749528877,24.459444,23.511051,0.51458126,0.02614963,-1.0,0.99436253,0.29627162,1.0718364,nan,6,3.9185085,3.9185085,3.9185085,3.9185085,3.9185085,3.9185085,0.0,0.0,0.0,0.0,0.0,0.0,0.0,0.0,0.0,0.0,0.0,0.0,0.0,0.0,0,0,0,0,0,0,0,0,0,0,0,1,0,0,1,0,1
749739023,22.801592,23.506184,0.0,0.020257423,-1.0,0.9948814,0.29424316,1.0720583,nan,6,3.9176972,3.9176972,3.9176972,3.9176972,3.9176972,3.9176972,0.0,0.0,0.0,0.0,0.0,0.0,0.0,0.0,0.0,0.0,0.0,0.0,0.0,0.0,0,0,0,0,0,0,0,0,0,0,0,1,0,0,1,0,1
749939315,23.39674,23.51319,0.0,0.025431436,-1.0,0.9967824,0.29716235,1.0717388,nan,6,3.918865,3.918865,3.918865,3.918865,3.918865,3.918865,0.0,0.0,0.0,0.0,0.0,0.0,0.0,0.0,0.0,0.0,0.0,0.0,0.0,0.0,0,0,0,0,0,0,0,0,0,0,0,1,0,0,1,0,1
750128900,23.061344,23.497366,0.0,0.023632882,-1.0,0.9978014,0.2905696,1.0724605,nan,6,3.9162276,3.9162276,3.9162276,3.9162276,3.9162276,3.9162276,0.0,0.0,0.0,0.0,0.0,0.0,0.0,0.0,0.0,0.0,0.0,0.0,0.0,0.0,0,0,0,0,0,0,0,0,0,0,0,1,0,0,1,0,1
750328879,23.83604,23.482403,0.0402875,0.017832248,-1.0,0.9981221,0.28433448,1.073144,nan,6,3.9137337,3.9137337,3.9137337,3.9137337,3.9137337,3.9137337,0.0,0.0,0.0,0.0,0.0,0.0,0.0,0.0,0.0,0.0,0.0,0.0,0.0,0.0,0,0,0,0,0,0,0,0,0,0,0,1,0,0,1,0,1
750529051,23.416792,23.47744,0.0,0.02658162,-1.0,1.0007882,0.2822669,1.0733708,nan,6,3.9129066,3.9129066,3.9129066,3.9129066,3.9129066,3.9129066,0.0,0.0,0.0,0.0,0.0,0.0,0.0,0.0,0.0,0.0,0.0,0.0,0.0,0.0,0,0,0,0,0,0,0,0,0,0,0,1,0,0,1,0,1
750728878,23.2737,23.488646,0.0,0.01971569,-1.0,1.0011494,0.2869361,1.0728587,nan,6,3.9147742,3.9147742,3.9147742,3.9147742,3.9147742,3.9147742,0.0,0.0,0.0,0.0,0.0,0.0,0.0,0.0,0.0,0.0,0.0,0.0,0.0,0.0,0,0,0,0,0,0,0,0,0,0,0,1,0,0,1,0,1
750928891,23.5772,23.530445,0.0,0.016974157,-1.0,1.0017546,0.3043521,1.0709529,nan,6,3.9217408,3.9217408,3.9217408,3.9217408,3.9217408,3.9217408,0.0,0.0,0.0,0.0,0.0,0.0,0.0,0.0,0.0,0.0,0.0,0.0,0.0,0.0,0,0,0,0,0,0,0,0,0,0,0,1,0,0,1,0,0
751128877,23.773151,23.565144,0.0,0.01886155,-1.0,1.0030816,0.3188098,1.069376,nan,6,3.9275239,3.9275239,3.9275239,3.9275239,3.9275239,3.9275239,0.0,0.0,0.0,0.0,0.0,0.0,0.0,0.0,0.0,0.0,0.0,0.0,0.0,0.0,0,0,0,0,0,0,0,0,0,0,0,1,0,0,1,0,0
751338877,22.904581,23.565649,0.0,0.016922666,-1.0,1.0037682,0.31902057,1.069353,nan,6,3.9276083,3.9276083,3.9276083,3.9276083,3.9276083,3.9276083,0.0,0.0,0.0,0.0,0.0,0.0,0.0,0.0,0.0,0.0,0.0,0.0,0.0,0.0,0,0,0,0,0,0,0,0,0,0,0,1,0,0,1,0,0
751528877,23.563528,23.56046,0.0,0.013268727,-1.0,1.0040479,0.3168586,1.0695885,nan,6,3.9267433,3.9267433,3.9267433,3.9267433,3.9267433,3.9267433,0.0,0.0,0.0,0.0,0.0,0.0,0.0,0.0,0.0,0.0,0.0,0.0,0.0,0.0,0,0,0,0,0,0,0,0,0,0,0,1,0,0,1,0,0
751728877,22.901848,23.555424,0.0,0.012093064,-1.0,1.0046531,0.3147605,1.0698172,nan,6,3.925904,3.925904,3.925904,3.925904,3.925904,3.925904,0.0,0.0,0.0,0.0,0.0,0.0,0.0,0.0,0.0,0.0,0.0,0.0,0.0,0.0,0,0,0,0,0,0,0,0,0,0,0,1,0,0,1,0,0
751928878,23.148838,23.565228,0.0,0.021191973,-1.0,1.006942,0.3188451,1.0693722,nan,6,3.927538,3.927538,3.927538,3.927538,3.927538,3.927538,0.0,0.0,0.0,0.0,0.0,0.0,0.0,0.0,0.0,0.0,0.0,0.0,0.0,0.0,0,0,0,0,0,0,0,0,0,0,0,1,0,0,1,0,0
752128882,23.925358,23.570736,0.0,0.015533341,-1.0,1.0071964,0.3211406,1.0691222,nan,6,3.928456,3.928456,3.928456,3.928456,3.928456,3.928456,0.0,0.0,0.0,0.0,0.0,0.0,0.0,0.0,0.0,0.0,0.0,0.0,0.0,0.0,0,0,0,0,0,0,0,0,0,0,0,1,0,0,1,0,0
752328986,23.374868,23.582865,0.0,0.013267937,-1.0,1.0076817,0.3261941,1.0685724,nan,6,3.9304774,3.9304774,3.9304774,3.9304774,3.9304774,3.9304774,0.0,0.0,0.0,0.0,0.0,0.0,0.0,0.0,0.0,0.0,0.0,0.0,0.0,0.0,0,0,0,0,0,0,0,0,0,0,0,1,0,0,1,0,0
752539518,23.219017,23.606686,0.0,0.014437598,-1.0,1.0087271,0.336119,1.0674942,nan,6,3.9344475,3.9344475,3.9344475,3.9344475,3.9344475,3.9344475,0.0,0.0,0.0,0.0,0.0,0.0,0.0,0.0,0.0,0.0,0.0,0.0,0.0,0.0,0,0,0,0,0,0,0,0,0,0,0,1,0,0,1,0,0
752738876,23.876143,23.603619,0.0,0.009716091,-1.0,1.0087271,0.33484107,1.0676329,nan,6,3.9339364,3.9339364,3.9339364,3.9339364,3.9339364,3.9339364,0.0,0.0,0.0,0.0,0.0,0.0,0.0,0.0,0.0,0.0,0.0,0.0,0.0,0.0,0,0,0,0,0,0,0,0,0,0,0,1,0,0,1,0,0
752928876,23.980955,23.59376,0.0,0.0066694226,-1.0,1.0087271,0.3307336,1.068079,nan,6,3.9322932,3.9322932,3.9322932,3.9322932,3.9322932,3.9322932,0.0,0.0,0.0,0.0,0.0,0.0,0.0,0.0,0.0,0.0,0.0,0.0,0.0,0.0,0,0,0,0,0,0,0,0,0,0,0,1,0,0,1,0,0
753128891,23.546213,23.59309,0.0,0.00958879,-1.0,1.0097193,0.33045417,1.0681093,nan,6,3.9321816,3.9321816,3.9321816,3.9321816,3.9321816,3.9321816,0.0,0.0,0.0,0.0,0.0,0.0,0.0,0.0,0.0,0.0,0.0,0.0,0.0,0.0,0,0,0,0,0,0,0,0,0,0,0,1,0,0,1,0,0
753328877,23.779531,23.604721,0.0,0.017918628,-1.0,1.0114489,0.33530074,1.067583,nan,6,3.9341202,3.9341202,3.9341202,3.9341202,3.9341202,3.9341202,0.0,0.0,0.0,0.0,0.0,0.0,0.0,0.0,0.0,0.0,0.0,0.0,0.0,0.0,0,0,0,0,0,0,0,0,0,0,0,1,0,0,1,0,0
753528880,23.759481,23.590883,0.0,0.013502037,-1.0,1.0116575,0.32953483,1.0682092,nan,6,3.931814,3.931814,3.931814,3.931814,3.931814,3.931814,0.0,0.0,0.0,0.0,0.0,0.0,0.0,0.0,0.0,0.0,0.0,0.0,0.0,0.0,0,0,0,0,0,0,0,0,0,0,0,1,0,0,1,0,0
753728891,23.102356,23.568546,0.0,0.01141849,-1.0,1.0120646,0.32022792,1.0692216,nan,6,3.928091,3.928091,3.928091,3.928091,3.928091,3.928091,0.0,0.0,0.0,0.0,0.0,0.0,0.0,0.0,0.0,0.0,0.0,0.0,0.0,0.0,0,0,0,0,0,0,0,0,0,0,0,1,0,0,1,0,0
753938880,23.582668,23.542057,0.0,0.008186078,-1.0,1.0122021,0.30919105,1.0704247,nan,6,3.9236763,3.9236763,3.9236763,3.9236763,3.9236763,3.9236763,0.0,0.0,0.0,0.0,0.0,0.0,0.0,0.0,0.0,0.0,0.0,0.0,0.0,0.0,0,0,0,0,0,0,0,0,0,0,0,1,0,0,1,0,0
754138877,23.904396,23.54123,0.0,0.013395773,-1.0,1.0134331,0.30884582,1.0704623,nan,6,3.9235382,3.9235382,3.9235382,3.9235382,3.9235382,3.9235382,0.0,0.0,0.0,0.0,0.0,0.0,0.0,0.0,0.0,0.0,0.0,0.0,0.0,0.0,0,0,0,0,0,0,0,0,0,0,0,1,0,0,1,0,0
754328877,23.740341,23.527082,0.0,0.009299898,-1.0,1.0134535,0.30295116,1.071106,nan,6,3.9211805,3.9211805,3.9211805,3.9211805,3.9211805,3.9211805,0.0,0.0,0.0,0.0,0.0,0.0,0.0,0.0,0.0,0.0,0.0,0.0,0.0,0.0,0,0,0,0,0,0,0,0,0,0,0,1,0,0,1,0,0
754528969,23.560795,23.524971,0.0,0.01140365,-1.0,1.0143378,0.30207187,1.0712022,nan,6,3.9208286,3.9208286,3.9208286,3.9208286,3.9208286,3.9208286,0.0,0.0,0.0,0.0,0.0,0.0,0.0,0.0,0.0,0.0,0.0,0.0,0.0,0.0,0,0,0,0,0,0,0,0,0,0,0,1,0,0,1,0,0
754728878,23.55168,23.554232,0.0,0.011100508,-1.0,1.0150123,0.31426364,1.0698713,nan,6,3.9257052,3.9257052,3.9257052,3.9257052,3.9257052,3.9257052,0.0,0.0,0.0,0.0,0.0,0.0,0.0,0.0,0.0,0.0,0.0,0.0,0.0,0.0,0,0,0,0,0,0,0,0,0,0,0,1,0,0,1,0,0
754929200,23.661963,23.57386,0.0,0.01754332,-1.0,1.0167139,0.32244235,1.0689806,nan,6,3.9289768,3.9289768,3.9289768,3.9289768,3.9289768,3.9289768,0.0,0.0,0.0,0.0,0.0,0.0,0.0,0.0,0.0,0.0,0.0,0.0,0.0,0.0,0,0,0,0,0,0,0,0,0,0,0,1,0,0,1,0,0
755128878,24.17326,23.56521,0.2087625,0.017626585,-1.0,1.0176061,0.31883746,1.069373,nan,6,3.927535,3.927535,3.927535,3.927535,3.927535,3.927535,0.0,0.0,0.0,0.0,0.0,0.0,0.0,0.0,0.0,0.0,0.0,0.0,0.0,0.0,0,0,0,0,0,0,0,0,0,0,0,1,0,0,1,0,0
755338891,23.042204,23.570435,0.0,0.019107305,-1.0,1.0188675,0.3210147,1.0691359,nan,6,3.9284058,3.9284058,3.9284058,3.9284058,3.9284058,3.9284058,0.0,0.0,0.0,0.0,0.0,0.0,0.0,0.0,0.0,0.0,0.0,0.0,0.0,0.0,0,0,0,0,0,0,0,0,0,0,0,1,0,0,1,0,0
755538878,23.223574,23.582283,0.0,0.015708132,-1.0,1.0193,0.32595187,1.0685987,nan,6,3.9303806,3.9303806,3.9303806,3.9303806,3.9303806,3.9303806,0.0,0.0,0.0,0.0,0.0,0.0,0.0,0.0,0.0,0.0,0.0,0.0,0.0,0.0,0,0,0,0,0,0,0,0,0,0,0,1,0,0,1,0,0
755728878,23.7449,23.625895,0.0,0.0107825445,-1.0,1.0193,0.34412318,1.0666262,nan,6,3.937649,3.937649,3.937649,3.937649,3.937649,3.937649,0.0,0.0,0.0,0.0,0.0,0.0,0.0,0.0,0.0,0.0,0.0,0.0,0.0,0.0,0,0,0,0,0,0,0,0,0,0,0,1,0,0,1,0,0
755928877,23.79776,23.672066,0.0,0.01583363,-1.0,1.0206835,0.3633607,1.0645459,nan,6,3.9453442,3.9453442,3.9453442,3.9453442,3.9453442,3.9453442,0.0,0.0,0.0,0.0,0.0,0.0,0.0,0.0,0.0,0.0,0.0,0.0,0.0,0.0,0,0,0,0,0,0,0,0,0,0,0,1,0,0,1,0,0
756128877,23.46783,23.690691,0.0,0.019732382,-1.0,1.0220212,0.3711217,1.0637089,nan,6,3.9484484,3.9484484,3.9484484,3.9484484,3.9484484,3.9484484,0.0,0.0,0.0,0.0,0.0,0.0,0.0,0.0,0.0,0.0,0.0,0.0,0.0,0.0,0,0,0,0,0,0,0,0,0,0,0,1,0,0,1,0,0
756328937,23.418615,23.692162,0.0,0.01327933,-1.0,1.0220212,0.37173396,1.0636429,nan,6,3.9486935,3.9486935,3.9486935,3.9486935,3.9486935,3.9486935,0.0,0.0,0.0,0.0,0.0,0.0,0.0,0.0,0.0,0.0,0.0,0.0,0.0,0.0,0,0,0,0,0,0,0,0,0,0,0,1,0,0,1,0,0
756529146,23.537098,23.695774,0.0,0.008936608,-1.0,1.0220212,0.37323982,1.0634807,nan,6,3.9492958,3.9492958,3.9492958,3.9492958,3.9492958,3.9492958,0.0,0.0,0.0,0.0,0.0,0.0,0.0,0.0,0.0,0.0,0.0,0.0,0.0,0.0,0,0,0,0,0,0,0,0,0,0,0,1,0,0,1,0,0
756738878,23.29193,23.668306,0.0,0.01647138,-1.0,1.0238097,0.36179477,1.0647149,nan,6,3.9447176,3.9447176,3.9447176,3.9447176,3.9447176,3.9447176,0.0,0.0,0.0,0.0,0.0,0.0,0.0,0.0,0.0,0.0,0.0,0.0,0.0,0.0,0,0,0,0,0,0,0,0,0,0,0,1,0,0,1,0,0
756938878,23.335676,23.656094,0.0,0.014436836,-1.0,1.0245014,0.35670596,1.0652646,nan,6,3.9426823,3.9426823,3.9426823,3.9426823,3.9426823,3.9426823,0.0,0.0,0.0,0.0,0.0,0.0,0.0,0.0,0.0,0.0,0.0,0.0,0.0,0.0,0,0,0,0,0,0,0,0,0,0,0,1,0,0,1,0,0
757129040,23.494263,23.64753,0.0,0.009909889,-1.0,1.0245014,0.3531373,1.0656503,nan,6,3.9412549,3.9412549,3.9412549,3.9412549,3.9412549,3.9412549,0.0,0.0,0.0,0.0,0.0,0.0,0.0,0.0,0.0,0.0,0.0,0.0,0.0,0.0,0,0,0,0,0,0,0,0,0,0,0,1,0,0,1,0,0
757329357,23.68201,23.675682,0.0,0.008268421,-1.0,1.0248026,0.3648675,1.0643833,nan,6,3.945947,3.945947,3.945947,3.945947,3.945947,3.945947,0.0,0.0,0.0,0.0,0.0,0.0,0.0,0.0,0.0,0.0,0.0,0.0,0.0,0.0,0,0,0,0,0,0,0,0,0,0,0,1,0,0,1,0,0
757529227,23.580845,23.679764,0.0,0.00556441,-1.0,1.0248026,0.36656886,1.0641997,nan,6,3.9466274,3.9466274,3.9466274,3.9466274,3.9466274,3.9466274,0.0,0.0,0.0,0.0,0.0,0.0,0.0,0.0,0.0,0.0,0.0,0.0,0.0,0.0,0,0,0,0,0,0,0,0,0,0,0,1,0,0,1,0,0
757728880,23.885256,23.712736,0.0,0.004756012,-1.0,1.0249804,0.38030654,1.0627201,nan,6,3.9521227,3.9521227,3.9521227,3.9521227,3.9521227,3.9521227,0.0,0.0,0.0,0.0,0.0,0.0,0.0,0.0,0.0,0.0,0.0,0.0,0.0,0.0,0,0,0,0,0,0,0,0,0,0,0,1,0,0,1,0,0
757928876,23.586313,23.740442,0.0,0.0032006598,-1.0,1.0249804,0.39185077,1.0614798,nan,6,3.9567404,3.9567404,3.9567404,3.9567404,3.9567404,3.9567404,0.0,0.0,0.0,0.0,0.0,0.0,0.0,0.0,0.0,0.0,0.0,0.0,0.0,0.0,0,0,0,0,0,0,0,0,0,0,0,1,0,0,1,0,0
758128879,23.940851,23.766178,0.0,0.0021539521,-1.0,1.0249804,0.40257484,1.0603303,nan,6,3.9610298,3.9610298,3.9610298,3.9610298,3.9610298,3.9610298,0.0,0.0,0.0,0.0,0.0,0.0,0.0,0.0,0.0,0.0,0.0,0.0,0.0,0.0,0,0,0,0,0,0,0,0,0,0,0,1,0,0,1,0,0
758328879,23.908041,23.788908,0.0,0.0014495483,-1.0,1.0249804,0.41204482,1.0593172,nan,6,3.964818,3.964818,3.964818,3.964818,3.964818,3.964818,0.0,0.0,0.0,0.0,0.0,0.0,0.0,0.0,0.0,0.0,0.0,0.0,0.0,0.0,0,0,0,0,0,0,0,0,0,0,0,1,0,0,1,0,0
758528891,23.905306,23.810858,0.0,0.006967711,-1.0,1.0259466,0.42119056,1.0583407,nan,6,3.9684763,3.9684763,3.9684763,3.9684763,3.9684763,3.9684763,0.0,0.0,0.0,0.0,0.0,0.0,0.0,0.0,0.0,0.0,0.0,0.0,0.0,0.0,0,0,0,0,0,0,0,0,0,0,0,1,0,0,1,0,0
758728878,24.042017,23.825508,0.0,0.004689071,-1.0,1.0259466,0.42729503,1.0576899,nan,6,3.970918,3.970918,3.970918,3.970918,3.970918,3.970918,0.0,0.0,0.0,0.0,0.0,0.0,0.0,0.0,0.0,0.0,0.0,0.0,0.0,0.0,0,0,0,0,0,0,0,0,0,0,0,1,0,0,1,0,0
758928978,23.691126,23.83817,0.0,0.0036019892,-1.0,1.0260178,0.43257076,1.0571281,nan,6,3.9730282,3.9730282,3.9730282,3.9730282,3.9730282,3.9730282,0.0,0.0,0.0,0.0,0.0,0.0,0.0,0.0,0.0,0.0,0.0,0.0,0.0,0.0,0,0,0,0,0,0,0,0,0,0,0,1,0,0,1,0,0
759128879,23.915333,23.85825,0.0,0.0034549995,-1.0,1.0261958,0.44093734,1.0562384,nan,6,3.9763749,3.9763749,3.9763749,3.9763749,3.9763749,3.9763749,0.0,0.0,0.0,0.0,0.0,0.0,0.0,0.0,0.0,0.0,0.0,0.0,0.0,0.0,0,0,0,0,0,0,0,0,0,0,0,1,0,0,1,0,0
759328877,23.893457,23.870794,0.0,0.0023251153,-1.0,1.0261958,0.44616443,1.0556834,nan,6,3.9784658,3.9784658,3.9784658,3.9784658,3.9784658,3.9784658,0.0,0.0,0.0,0.0,0.0,0.0,0.0,0.0,0.0,0.0,0.0,0.0,0.0,0.0,0,0,0,0,0,0,0,0,0,0,0,1,0,0,1,0,0
759538877,23.628239,23.868376,0.0,0.0017411303,-1.0,1.0262253,0.4451564,1.0557903,nan,6,3.9780626,3.9780626,3.9780626,3.9780626,3.9780626,3.9780626,0.0,0.0,0.0,0.0,0.0,0.0,0.0,0.0,0.0,0.0,0.0,0.0,0.0,0.0,0,0,0,0,0,0,0,0,0,0,0,1,0,0,1,0,0
759738892,24.0967,23.860844,0.0,0.012649018,-1.0,1.0281055,0.4420188,1.0561235,nan,6,3.9768074,3.9768074,3.9768074,3.9768074,3.9768074,3.9768074,0.0,0.0,0.0,0.0,0.0,0.0,0.0,0.0,0.0,0.0,0.0,0.0,0.0,0.0,0,0,0,0,0,0,0,0,0,0,0,1,0,0,1,0,0
759939986,23.915333,23.86221,0.0,0.008512427,-1.0,1.0281055,0.4425872,1.0560632,nan,6,3.9770348,3.9770348,3.9770348,3.9770348,3.9770348,3.9770348,0.0,0.0,0.0,0.0,0.0,0.0,0.0,0.0,0.0,0.0,0.0,0.0,0.0,0.0,0,0,0,0,0,0,0,0,0,0,0,1,0,0,1,0,0
760131042,23.404032,23.823433,0.0,0.005843192,-1.0,1.0281055,0.426431,1.0577819,nan,6,3.9705722,3.9705722,3.9705722,3.9705722,3.9705722,3.9705722,0.0,0.0,0.0,0.0,0.0,0.0,0.0,0.0,0.0,0.0,0.0,0.0,0.0,0.0,0,0,0,0,0,0,0,0,0,0,0,1,0,0,1,0,0
760329853,23.523428,23.783607,0.0,0.003932301,-1.0,1.0281055,0.40983707,1.0595533,nan,6,3.9639347,3.9639347,3.9639347,3.9639347,3.9639347,3.9639347,0.0,0.0,0.0,0.0,0.0,0.0,0.0,0.0,0.0,0.0,0.0,0.0,0.0,0.0,0,0,0,0,0,0,0,0,0,0,0,1,0,0,1,0,0
760528954,23.229954,23.740044,0.0,0.005209634,-1.0,1.0286695,0.39168483,1.0614976,nan,6,3.9566739,3.9566739,3.9566739,3.9566739,3.9566739,3.9566739,0.0,0.0,0.0,0.0,0.0,0.0,0.0,0.0,0.0,0.0,0.0,0.0,0.0,0.0,0,0,0,0,0,0,0,0,0,0,0,1,0,0,1,0,0
760728876,23.424995,23.715635,0.0,0.006449839,-1.0,1.0291284,0.38151485,1.0625901,nan,6,3.952606,3.952606,3.952606,3.952606,3.952606,3.952606,0.0,0.0,0.0,0.0,0.0,0.0,0.0,0.0,0.0,0.0,0.0,0.0,0.0,0.0,0,0,0,0,0,0,0,0,0,0,0,1,0,0,1,0,0
760938877,23.222662,23.708654,0.0,0.012545228,-1.0,1.0303745,0.37860614,1.062903,nan,6,3.9514425,3.9514425,3.9514425,3.9514425,3.9514425,3.9514425,0.0,0.0,0.0,0.0,0.0,0.0,0.0,0.0,0.0,0.0,0.0,0.0,0.0,0.0,0,0,0,0,0,0,0,0,0,0,0,1,0,0,1,0,0
761128877,23.689304,23.702333,0.0,0.009365016,-1.0,1.0304915,0.3759721,1.0631865,nan,6,3.950389,3.950389,3.950389,3.950389,3.950389,3.950389,0.0,0.0,0.0,0.0,0.0,0.0,0.0,0.0,0.0,0.0,0.0,0.0,0.0,0.0,0,0,0,0,0,0,0,0,0,0,0,1,0,0,1,0,0
761328880,24.104904,23.72059,0.0,0.0064624627,-1.0,1.030522,0.38357955,1.0623682,nan,6,3.9534318,3.9534318,3.9534318,3.9534318,3.9534318,3.9534318,0.0,0.0,0.0,0.0,0.0,0.0,0.0,0.0,0.0,0.0,0.0,0.0,0.0,0.0,0,0,0,0,0,0,0,0,0,0,0,1,0,0,1,0,0
761528877,23.594517,23.736942,0.0,0.004349053,-1.0,1.030522,0.3903926,1.0616363,nan,6,3.956157,3.956157,3.956157,3.956157,3.956157,3.956157,0.0,0.0,0.0,0.0,0.0,0.0,0.0,0.0,0.0,0.0,0.0,0.0,0.0,0.0,0,0,0,0,0,0,0,0,0,0,0,1,0,0,1,0,0
761728877,24.063892,23.759089,0.0,0.008834755,-1.0,1.0314833,0.39962035,1.0606468,nan,6,3.9598482,3.9598482,3.9598482,3.9598482,3.9598482,3.9598482,0.0,0.0,0.0,0.0,0.0,0.0,0.0,0.0,0.0,0.0,0.0,0.0,0.0,0.0,0,0,0,0,0,0,0,0,0,0,0,1,0,0,1,0,0
761939018,24.104904,23.784817,0.0,0.005828957,-1.0,1.0314833,0.4103406,1.0594994,nan,6,3.9641361,3.9641361,3.9641361,3.9641361,3.9641361,3.9641361,0.0,0.0,0.0,0.0,0.0,0.0,0.0,0.0,0.0,0.0,0.0,0.0,0.0,0.0,0,0,0,0,0,0,0,0,0,0,0,1,0,0,1,0,0
762128879,24.007383,23.820953,0.0,0.004001176,-1.0,1.0314833,0.42539722,1.0578921,nan,6,3.9701588,3.9701588,3.9701588,3.9701588,3.9701588,3.9701588,0.0,0.0,0.0,0.0,0.0,0.0,0.0,0.0,0.0,0.0,0.0,0.0,0.0,0.0,0,0,0,0,0,0,0,0,0,0,0,1,0,0,1,0,0
762341075,23.875229,23.844162,0.0,0.0026398792,-1.0,1.0314833,0.43506747,1.0568625,nan,6,3.974027,3.974027,3.974027,3.974027,3.974027,3.974027,0.0,0.0,0.0,0.0,0.0,0.0,0.0,0.0,0.0,0.0,0.0,0.0,0.0,0.0,0,0,0,0,0,0,0,0,0,0,0,1,0,0,1,0,0
762539624,23.972752,23.869583,0.0,0.0017765628,-1.0,1.0314833,0.44565994,1.0557369,nan,6,3.9782639,3.9782639,3.9782639,3.9782639,3.9782639,3.9782639,0.0,0.0,0.0,0.0,0.0,0.0,0.0,0.0,0.0,0.0,0.0,0.0,0.0,0.0,0,0,0,0,0,0,0,0,0,0,0,1,0,0,1,0,0
762730027,23.718468,23.835766,0.0,0.0012194875,-1.0,1.0314833,0.4315694,1.0572348,nan,6,3.9726276,3.9726276,3.9726276,3.9726276,3.9726276,3.9726276,0.0,0.0,0.0,0.0,0.0,0.0,0.0,0.0,0.0,0.0,0.0,0.0,0.0,0.0,0,0,0,0,0,0,0,0,0,0,0,1,0,0,1,0,0
762928900,24.054777,23.788256,0.0,0.0030443296,-1.0,1.0318751,0.41177303,1.0593463,nan,6,3.9647093,3.9647093,3.9647093,3.9647093,3.9647093,3.9647093,0.0,0.0,0.0,0.0,0.0,0.0,0.0,0.0,0.0,0.0,0.0,0.0,0.0,0.0,0,0,0,0,0,0,0,0,0,0,0,1,0,0,1,0,0
763128877,23.362108,23.713505,0.0,0.0031102628,-1.0,1.0320379,0.38062698,1.0626856,nan,6,3.9522507,3.9522507,3.9522507,3.9522507,3.9522507,3.9522507,0.0,0.0,0.0,0.0,0.0,0.0,0.0,0.0,0.0,0.0,0.0,0.0,0.0,0.0,0,0,0,0,0,0,0,0,0,0,0,1,0,0,1,0,0
763328877,23.107824,23.666924,0.0,0.002121996,-1.0,1.032043,0.36121875,1.0647771,nan,6,3.9444873,3.9444873,3.9444873,3.9444873,3.9444873,3.9444873,0.0,0.0,0.0,0.0,0.0,0.0,0.0,0.0,0.0,0.0,0.0,0.0,0.0,0.0,0,0,0,0,0,0,0,0,0,0,0,1,0,0,1,0,0
763528877,23.302866,23.630758,0.0,0.015354649,-1.0,1.0346986,0.34614974,1.0664066,nan,6,3.9384596,3.9384596,3.9384596,3.9384596,3.9384596,3.9384596,0.0,0.0,0.0,0.0,0.0,0.0,0.0,0.0,0.0,0.0,0.0,0.0,0.0,0.0,0,0,0,0,0,0,0,0,0,0,0,1,0,0,1,0,0
763738877,23.967283,23.620543,0.0,0.0146654835,-1.0,1.0354108,0.34189254,1.066868,nan,6,3.936757,3.936757,3.936757,3.936757,3.936757,3.936757,0.0,0.0,0.0,0.0,0.0,0.0,0.0,0.0,0.0,0.0,0.0,0.0,0.0,0.0,0,0,0,0,0,0,0,0,0,0,0,1,0,0,1,0,0
763938877,22.869038,23.605247,0.0,0.018970251,-1.0,1.0370737,0.3355201,1.0675592,nan,6,3.934208,3.934208,3.934208,3.934208,3.934208,3.934208,0.0,0.0,0.0,0.0,0.0,0.0,0.0,0.0,0.0,0.0,0.0,0.0,0.0,0.0,0,0,0,0,0,0,0,0,0,0,0,1,0,0,1,0,0
764138968,23.115118,23.596342,0.0,0.021355834,-1.0,1.0383776,0.33180934,1.067962,nan,6,3.9327238,3.9327238,3.9327238,3.9327238,3.9327238,3.9327238,0.0,0.0,0.0,0.0,0.0,0.0,0.0,0.0,0.0,0.0,0.0,0.0,0.0,0.0,0,0,0,0,0,0,0,0,0,0,0,1,0,0,1,0,0
764330589,23.999182,23.576738,0.0,0.02496485,-1.0,1.040382,0.32364112,1.06885,nan,6,3.9294565,3.9294565,3.9294565,3.9294565,3.9294565,3.9294565,0.0,0.0,0.0,0.0,0.0,0.0,0.0,0.0,0.0,0.0,0.0,0.0,0.0,0.0,0,0,0,0,0,0,0,0,0,0,0,1,0,0,1,0,0
764529111,23.932648,23.563103,0.0,0.01680063,-1.0,1.040382,0.31796008,1.0694686,nan,6,3.9271839,3.9271839,3.9271839,3.9271839,3.9271839,3.9271839,0.0,0.0,0.0,0.0,0.0,0.0,0.0,0.0,0.0,0.0,0.0,0.0,0.0,0.0,0,0,0,0,0,0,0,0,0,0,0,1,0,0,1,0,0
764728878,23.906218,23.550995,0.0,0.011306344,-1.0,1.040382,0.31291515,1.0700184,nan,6,3.925166,3.925166,3.925166,3.925166,3.925166,3.925166,0.0,0.0,0.0,0.0,0.0,0.0,0.0,0.0,0.0,0.0,0.0,0.0,0.0,0.0,0,0,0,0,0,0,0,0,0,0,0,1,0,0,1,0,0
764929231,23.315626,23.560724,0.0,0.016257688,-1.0,1.0420403,0.31696826,1.0695766,nan,6,3.9267874,3.9267874,3.9267874,3.9267874,3.9267874,3.9267874,0.0,0.0,0.0,0.0,0.0,0.0,0.0,0.0,0.0,0.0,0.0,0.0,0.0,0.0,0,0,0,0,0,0,0,0,0,0,0,1,0,0,1,0,0
765139565,24.021967,23.577904,0.0,0.010726431,-1.0,1.0420403,0.32412654,1.0687972,nan,6,3.9296505,3.9296505,3.9296505,3.9296505,3.9296505,3.9296505,0.0,0.0,0.0,0.0,0.0,0.0,0.0,0.0,0.0,0.0,0.0,0.0,0.0,0.0,0,0,0,0,0,0,0,0,0,0,0,1,0,0,1,0,0
765339874,23.770418,23.6135,0.0,0.010980451,-1.0,1.0425586,0.33895904,1.067186,nan,6,3.9355834,3.9355834,3.9355834,3.9355834,3.9355834,3.9355834,0.0,0.0,0.0,0.0,0.0,0.0,0.0,0.0,0.0,0.0,0.0,0.0,0.0,0.0,0,0,0,0,0,0,0,0,0,0,0,1,0,0,1,0,0
765528880,23.84242,23.643734,0.0,0.007537319,-1.0,1.0425586,0.35155612,1.0658214,nan,6,3.9406223,3.9406223,3.9406223,3.9406223,3.9406223,3.9406223,0.0,0.0,0.0,0.0,0.0,0.0,0.0,0.0,0.0,0.0,0.0,0.0,0.0,0.0,0,0,0,0,0,0,0,0,0,0,0,1,0,0,1,0,0
765728877,23.408588,23.670586,0.0,0.016324995,-1.0,1.0443174,0.36274463,1.0646124,nan,6,3.9450977,3.9450977,3.9450977,3.9450977,3.9450977,3.9450977,0.0,0.0,0.0,0.0,0.0,0.0,0.0,0.0,0.0,0.0,0.0,0.0,0.0,0.0,0,0,0,0,0,0,0,0,0,0,0,1,0,0,1,0,0
765928877,23.313803,23.65594,0.0,0.029793952,-1.0,1.0478828,0.3566411,1.0652716,nan,6,3.9426565,3.9426565,3.9426565,3.9426565,3.9426565,3.9426565,0.0,0.0,0.0,0.0,0.0,0.0,0.0,0.0,0.0,0.0,0.0,0.0,0.0,0.0,0,0,0,0,0,0,0,0,0,0,0,1,0,0,1,0,0
766129232,23.922623,23.654316,0.0,0.023605961,-1.0,1.0483742,0.35596496,1.0653447,nan,6,3.942386,3.942386,3.942386,3.942386,3.942386,3.942386,0.0,0.0,0.0,0.0,0.0,0.0,0.0,0.0,0.0,0.0,0.0,0.0,0.0,0.0,0,0,0,0,0,0,0,0,0,0,0,1,0,0,1,0,0
766328880,23.852444,23.622513,0.0,0.020662962,-1.0,1.0491209,0.34271365,1.0667789,nan,6,3.9370854,3.9370854,3.9370854,3.9370854,3.9370854,3.9370854,0.0,0.0,0.0,0.0,0.0,0.0,0.0,0.0,0.0,0.0,0.0,0.0,0.0,0.0,0,0,0,0,0,0,0,0,0,0,0,1,0,0,1,0,0
766538986,23.025797,23.609898,0.0,0.019158674,-1.0,1.050025,0.33745795,1.067349,nan,6,3.934983,3.934983,3.934983,3.934983,3.934983,3.934983,0.0,0.0,0.0,0.0,0.0,0.0,0.0,0.0,0.0,0.0,0.0,0.0,0.0,0.0,0,0,0,0,0,0,0,0,0,0,0,1,0,0,1,0,0
766738877,23.052229,23.600687,0.0,0.0147742,-1.0,1.0503304,0.33361942,1.0677656,nan,6,3.9334478,3.9334478,3.9334478,3.9334478,3.9334478,3.9334478,0.0,0.0,0.0,0.0,0.0,0.0,0.0,0.0,0.0,0.0,0.0,0.0,0.0,0.0,0,0,0,0,0,0,0,0,0,0,0,1,0,0,1,0,0
766928878,23.315626,23.584454,0.0,0.017325401,-1.0,1.051653,0.32685596,1.0685004,nan,6,3.9307423,3.9307423,3.9307423,3.9307423,3.9307423,3.9307423,0.0,0.0,0.0,0.0,0.0,0.0,0.0,0.0,0.0,0.0,0.0,0.0,0.0,0.0,0,0,0,0,0,0,0,0,0,0,0,1,0,0,1,0,0
767128877,23.91989,23.583218,0.0,0.014247362,-1.0,1.0521058,0.32634097,1.0685564,nan,6,3.9305363,3.9305363,3.9305363,3.9305363,3.9305363,3.9305363,0.0,0.0,0.0,0.0,0.0,0.0,0.0,0.0,0.0,0.0,0.0,0.0,0.0,0.0,0,0,0,0,0,0,0,0,0,0,0,1,0,0,1,0,0
767328887,23.60363,23.579254,0.0,0.02394059,-1.0,1.0542879,0.3246892,1.0687361,nan,6,3.9298756,3.9298756,3.9298756,3.9298756,3.9298756,3.9298756,0.0,0.0,0.0,0.0,0.0,0.0,0.0,0.0,0.0,0.0,0.0,0.0,0.0,0.0,0,0,0,0,0,0,0,0,0,0,0,1,0,0,1,0,0
767528878,23.853357,23.58402,0.0,0.031727303,-1.0,1.0567793,0.3266757,1.06852,nan,6,3.93067,3.93067,3.93067,3.93067,3.93067,3.93067,0.0,0.0,0.0,0.0,0.0,0.0,0.0,0.0,0.0,0.0,0.0,0.0,0.0,0.0,0,0,0,0,0,0,0,0,0,0,0,1,0,0,1,0,0
767729201,23.022154,23.539589,0.0,0.030582607,-1.0,1.0585402,0.30816203,1.070537,nan,6,3.9232647,3.9232647,3.9232647,3.9232647,3.9232647,3.9232647,0.0,0.0,0.0,0.0,0.0,0.0,0.0,0.0,0.0,0.0,0.0,0.0,0.0,0.0,0,0,0,0,0,0,0,0,0,0,0,1,0,0,1,0,0
767938878,23.69477,23.53488,0.0,0.02024271,-1.0,1.0585498,0.30620033,1.0707511,nan,6,3.9224799,3.9224799,3.9224799,3.9224799,3.9224799,3.9224799,0.0,0.0,0.0,0.0,0.0,0.0,0.0,0.0,0.0,0.0,0.0,0.0,0.0,0.0,0,0,0,0,0,0,0,0,0,0,0,1,0,0,1,0,0
768138955,23.46783,23.522957,0.0,0.013649976,-1.0,1.0585538,0.30123264,1.0712938,nan,6,3.920493,3.920493,3.920493,3.920493,3.920493,3.920493,0.0,0.0,0.0,0.0,0.0,0.0,0.0,0.0,0.0,0.0,0.0,0.0,0.0,0.0,0,0,0,0,0,0,0,0,0,0,0,1,0,0,1,0,0
768331266,23.190763,23.539837,0.0,0.011923692,-1.0,1.0590172,0.30826598,1.0705256,nan,6,3.9233062,3.9233062,3.9233062,3.9233062,3.9233062,3.9233062,0.0,0.0,0.0,0.0,0.0,0.0,0.0,0.0,0.0,0.0,0.0,0.0,0.0,0.0,0,0,0,0,0,0,0,0,0,0,0,1,0,0,1,0,0
768531470,23.692947,23.556524,0.0,0.01584335,-1.0,1.0603256,0.31521827,1.0697674,nan,6,3.9260874,3.9260874,3.9260874,3.9260874,3.9260874,3.9260874,0.0,0.0,0.0,0.0,0.0,0.0,0.0,0.0,0.0,0.0,0.0,0.0,0.0,0.0,0,0,0,0,0,0,0,0,0,0,0,1,0,0,1,0,0
768728879,23.148838,23.55426,0.0,0.011964487,-1.0,1.0606233,0.3142751,1.0698701,nan,6,3.92571,3.92571,3.92571,3.92571,3.92571,3.92571,0.0,0.0,0.0,0.0,0.0,0.0,0.0,0.0,0.0,0.0,0.0,0.0,0.0,0.0,0,0,0,0,0,0,0,0,0,0,0,1,0,0,1,0,0
768928878,23.91351,23.566635,0.0,0.01109891,-1.0,1.0611473,0.3194316,1.0693083,nan,6,3.9277725,3.9277725,3.9277725,3.9277725,3.9277725,3.9277725,0.0,0.0,0.0,0.0,0.0,0.0,0.0,0.0,0.0,0.0,0.0,0.0,0.0,0.0,0,0,0,0,0,0,0,0,0,0,0,1,0,0,1,0,0
769128925,23.199877,23.580738,0.0,0.019541893,-1.0,1.0634472,0.32530814,1.0686687,nan,6,3.930123,3.930123,3.930123,3.930123,3.930123,3.930123,0.0,0.0,0.0,0.0,0.0,0.0,0.0,0.0,0.0,0.0,0.0,0.0,0.0,0.0,0,0,0,0,0,0,0,0,0,0,0,1,0,0,1,0,0
769338900,23.969105,23.617058,0.0,0.012893269,-1.0,1.0634472,0.34044105,1.0670253,nan,6,3.9361763,3.9361763,3.9361763,3.9361763,3.9361763,3.9361763,0.0,0.0,0.0,0.0,0.0,0.0,0.0,0.0,0.0,0.0,0.0,0.0,0.0,0.0,0,0,0,0,0,0,0,0,0,0,0,1,0,0,1,0,0
769538878,24.210627,23.664259,0.21425626,0.018318174,-1.0,1.0648754,0.36010772,1.0648971,nan,6,3.9440432,3.9440432,3.9440432,3.9440432,3.9440432,3.9440432,0.0,0.0,0.0,0.0,0.0,0.0,0.0,0.0,0.0,0.0,0.0,0.0,0.0,0.0,0,0,0,0,0,0,0,0,0,0,0,1,0,0,1,0,0
769728877,23.986422,23.707966,0.0915625,0.027195359,-1.0,1.067204,0.37831908,1.0629338,nan,6,3.9513276,3.9513276,3.9513276,3.9513276,3.9513276,3.9513276,0.0,0.0,0.0,0.0,0.0,0.0,0.0,0.0,0.0,0.0,0.0,0.0,0.0,0.0,0,0,0,0,0,0,0,0,0,0,0,1,0,0,1,0,0
769940284,23.960903,23.71682,0.0,0.024879865,-1.0,1.0682716,0.38200885,1.062537,nan,6,3.9528034,3.9528034,3.9528034,3.9528034,3.9528034,3.9528034,0.0,0.0,0.0,0.0,0.0,0.0,0.0,0.0,0.0,0.0,0.0,0.0,0.0,0.0,0,0,0,0,0,0,0,0,0,0,0,1,0,0,1,0,0
770130419,23.824192,23.715628,0.0,0.024575198,-1.0,1.069949,0.381512,1.0625904,nan,6,3.9526045,3.9526045,3.9526045,3.9526045,3.9526045,3.9526045,0.0,0.0,0.0,0.0,0.0,0.0,0.0,0.0,0.0,0.0,0.0,0.0,0.0,0.0,0,0,0,0,0,0,0,0,0,0,0,1,0,0,1,0,0
770330541,23.68839,23.69011,0.0,0.019693293,-1.0,1.0704998,0.37087947,1.063735,nan,6,3.9483516,3.9483516,3.9483516,3.9483516,3.9483516,3.9483516,0.0,0.0,0.0,0.0,0.0,0.0,0.0,0.0,0.0,0.0,0.0,0.0,0.0,0.0,0,0,0,0,0,0,0,0,0,0,0,1,0,0,1,0,0
770529726,23.426817,23.649546,0.0,0.013253021,-1.0,1.0704998,0.3539775,1.0655596,nan,6,3.941591,3.941591,3.941591,3.941591,3.941591,3.941591,0.0,0.0,0.0,0.0,0.0,0.0,0.0,0.0,0.0,0.0,0.0,0.0,0.0,0.0,0,0,0,0,0,0,0,0,0,0,0,1,0,0,1,0,0
770738882,22.938303,23.64067,0.0,0.008744025,-1.0,1.0704998,0.3502801,1.0659596,nan,6,3.9401119,3.9401119,3.9401119,3.9401119,3.9401119,3.9401119,0.0,0.0,0.0,0.0,0.0,0.0,0.0,0.0,0.0,0.0,0.0,0.0,0.0,0.0,0,0,0,0,0,0,0,0,0,0,0,1,0,0,1,0,0
770938892,23.553503,23.620153,0.0,0.005884479,-1.0,1.0704998,0.34173042,1.0668856,nan,6,3.9366922,3.9366922,3.9366922,3.9366922,3.9366922,3.9366922,0.0,0.0,0.0,0.0,0.0,0.0,0.0,0.0,0.0,0.0,0.0,0.0,0.0,0.0,0,0,0,0,0,0,0,0,0,0,0,1,0,0,1,0,0
771128878,24.054777,23.606781,0.0036625,0.017430648,-1.0,1.0726888,0.33615905,1.0674899,nan,6,3.9344635,3.9344635,3.9344635,3.9344635,3.9344635,3.9344635,0.0,0.0,0.0,0.0,0.0,0.0,0.0,0.0,0.0,0.0,0.0,0.0,0.0,0.0,0,0,0,0,0,0,0,0,0,0,0,1,0,0,1,0,0
771328879,23.585403,23.572763,0.0,0.013024375,-1.0,1.0729076,0.3219846,1.0690304,nan,6,3.928794,3.928794,3.928794,3.928794,3.928794,3.928794,0.0,0.0,0.0,0.0,0.0,0.0,0.0,0.0,0.0,0.0,0.0,0.0,0.0,0.0,0,0,0,0,0,0,0,0,0,0,0,1,0,0,1,0,0
771528933,23.55715,23.54744,0.0,0.008825123,-1.0,1.0729178,0.31143314,1.07018,nan,6,3.9245732,3.9245732,3.9245732,3.9245732,3.9245732,3.9245732,0.0,0.0,0.0,0.0,0.0,0.0,0.0,0.0,0.0,0.0,0.0,0.0,0.0,0.0,0,0,0,0,0,0,0,0,0,0,0,1,0,0,1,0,0
771728973,23.690214,23.509388,0.0,0.008283487,-1.0,1.0733244,0.2955783,1.0719122,nan,6,3.9182312,3.9182312,3.9182312,3.9182312,3.9182312,3.9182312,0.0,0.0,0.0,0.0,0.0,0.0,0.0,0.0,0.0,0.0,0.0,0.0,0.0,0.0,0,0,0,0,0,0,0,0,0,0,0,1,0,0,1,0,1
771928879,23.775888,23.53802,0.0,0.01880093,-1.0,1.0758263,0.3075078,1.0706084,nan,6,3.9230032,3.9230032,3.9230032,3.9230032,3.9230032,3.9230032,0.0,0.0,0.0,0.0,0.0,0.0,0.0,0.0,0.0,0.0,0.0,0.0,0.0,0.0,0,0,0,0,0,0,0,0,0,0,0,1,0,0,1,0,0
772138878,23.491528,23.48913,0.0,0.012404398,-1.0,1.0758263,0.28713733,1.0728366,nan,6,3.914855,3.914855,3.914855,3.914855,3.914855,3.914855,0.0,0.0,0.0,0.0,0.0,0.0,0.0,0.0,0.0,0.0,0.0,0.0,0.0,0.0,0,0,0,0,0,0,0,0,0,0,0,1,0,0,1,0,1
772338878,23.010305,23.451609,0.0,0.009678483,-1.0,1.076052,0.27150375,1.0745531,nan,6,3.9086015,3.9086015,3.9086015,3.9086015,3.9086015,3.9086015,0.0,0.0,0.0,0.0,0.0,0.0,0.0,0.0,0.0,0.0,0.0,0.0,0.0,0.0,0,0,0,0,0,0,0,0,0,0,0,1,0,0,1,0,1
772530875,24.022879,23.439192,0.0,0.024586685,-1.0,1.079018,0.26633006,1.0751224,nan,6,3.906532,3.906532,3.906532,3.906532,3.906532,3.906532,0.0,0.0,0.0,0.0,0.0,0.0,0.0,0.0,0.0,0.0,0.0,0.0,0.0,0.0,0,0,0,0,0,0,0,0,0,0,0,1,0,0,1,0,1
772730039,23.893457,23.435541,0.13184999,0.020334743,-1.0,1.0796553,0.26480895,1.0752898,nan,6,3.9059236,3.9059236,3.9059236,3.9059236,3.9059236,3.9059236,0.0,0.0,0.0,0.0,0.0,0.0,0.0,0.0,0.0,0.0,0.0,0.0,0.0,0.0,0,0,0,0,0,0,0,0,0,0,0,1,0,0,1,0,1
772929292,23.093243,23.443232,0.0,0.029850226,-1.0,1.0818766,0.2680133,1.0749371,nan,6,3.9072053,3.9072053,3.9072053,3.9072053,3.9072053,3.9072053,0.0,0.0,0.0,0.0,0.0,0.0,0.0,0.0,0.0,0.0,0.0,0.0,0.0,0.0,0,0,0,0,0,0,0,0,0,0,0,1,0,0,1,0,1
773128900,23.424084,23.449516,0.0,0.02693396,-1.0,1.0831256,0.2706321,1.074649,nan,6,3.9082527,3.9082527,3.9082527,3.9082527,3.9082527,3.9082527,0.0,0.0,0.0,0.0,0.0,0.0,0.0,0.0,0.0,0.0,0.0,0.0,0.0,0.0,0,0,0,0,0,0,0,0,0,0,0,1,0,0,1,0,1
773328877,23.858826,23.460009,0.0,0.029053481,-1.0,1.0850484,0.27500373,1.0741683,nan,6,3.9100015,3.9100015,3.9100015,3.9100015,3.9100015,3.9100015,0.0,0.0,0.0,0.0,0.0,0.0,0.0,0.0,0.0,0.0,0.0,0.0,0.0,0.0,0,0,0,0,0,0,0,0,0,0,0,1,0,0,1,0,1
773538877,23.515224,23.48128,0.0,0.022111047,-1.0,1.0855876,0.28386623,1.0731953,nan,6,3.9135466,3.9135466,3.9135466,3.9135466,3.9135466,3.9135466,0.0,0.0,0.0,0.0,0.0,0.0,0.0,0.0,0.0,0.0,0.0,0.0,0.0,0.0,0,0,0,0,0,0,0,0,0,0,0,1,0,0,1,0,1
773738877,22.923721,23.489605,0.0,0.019098638,-1.0,1.0863457,0.2873357,1.072815,nan,6,3.9149342,3.9149342,3.9149342,3.9149342,3.9149342,3.9149342,0.0,0.0,0.0,0.0,0.0,0.0,0.0,0.0,0.0,0.0,0.0,0.0,0.0,0.0,0,0,0,0,0,0,0,0,0,0,0,1,0,0,1,0,1
773938879,23.358461,23.53339,0.0,0.023425713,-1.0,1.0879939,0.30557948,1.0708189,nan,6,3.9222317,3.9222317,3.9222317,3.9222317,3.9222317,3.9222317,0.0,0.0,0.0,0.0,0.0,0.0,0.0,0.0,0.0,0.0,0.0,0.0,0.0,0.0,0,0,0,0,0,0,0,0,0,0,0,1,0,0,1,0,0
774139376,22.906404,23.5211,0.0,0.015900178,-1.0,1.0880135,0.30045825,1.0713785,nan,6,3.9201832,3.9201832,3.9201832,3.9201832,3.9201832,3.9201832,0.0,0.0,0.0,0.0,0.0,0.0,0.0,0.0,0.0,0.0,0.0,0.0,0.0,0.0,0,0,0,0,0,0,0,0,0,0,0,1,0,0,1,0,0
774329854,23.187117,23.500217,0.0,0.010914372,-1.0,1.0880135,0.29175788,1.0723305,nan,6,3.916703,3.916703,3.916703,3.916703,3.916703,3.916703,0.0,0.0,0.0,0.0,0.0,0.0,0.0,0.0,0.0,0.0,0.0,0.0,0.0,0.0,0,0,0,0,0,0,0,0,0,0,0,1,0,0,1,0,1
774528995,22.998455,23.484476,0.0,0.010199745,-1.0,1.0885185,0.2851985,1.0730492,nan,6,3.9140794,3.9140794,3.9140794,3.9140794,3.9140794,3.9140794,0.0,0.0,0.0,0.0,0.0,0.0,0.0,0.0,0.0,0.0,0.0,0.0,0.0,0.0,0,0,0,0,0,0,0,0,0,0,0,1,0,0,1,0,1
774728899,23.575378,23.494846,0.0,0.0151422825,-1.0,1.0897856,0.2895196,1.0725756,nan,6,3.9158077,3.9158077,3.9158077,3.9158077,3.9158077,3.9158077,0.0,0.0,0.0,0.0,0.0,0.0,0.0,0.0,0.0,0.0,0.0,0.0,0.0,0.0,0,0,0,0,0,0,0,0,0,0,0,1,0,0,1,0,1
774938877,22.737793,23.494415,0.0,0.011263393,-1.0,1.0900246,0.28934032,1.0725952,nan,6,3.915736,3.915736,3.915736,3.915736,3.915736,3.915736,0.0,0.0,0.0,0.0,0.0,0.0,0.0,0.0,0.0,0.0,0.0,0.0,0.0,0.0,0,0,0,0,0,0,0,0,0,0,0,1,0,0,1,0,1
775138877,23.96637,23.505781,0.0,0.008369116,-1.0,1.090172,0.2940753,1.0720767,nan,6,3.9176302,3.9176302,3.9176302,3.9176302,3.9176302,3.9176302,0.0,0.0,0.0,0.0,0.0,0.0,0.0,0.0,0.0,0.0,0.0,0.0,0.0,0.0,0,0,0,0,0,0,0,0,0,0,0,1,0,0,1,0,1
775339498,23.787735,23.499249,0.0,0.010069457,-1.0,1.0909853,0.29135352,1.0723747,nan,6,3.9165413,3.9165413,3.9165413,3.9165413,3.9165413,3.9165413,0.0,0.0,0.0,0.0,0.0,0.0,0.0,0.0,0.0,0.0,0.0,0.0,0.0,0.0,0,0,0,0,0,0,0,0,0,0,0,1,0,0,1,0,1
775530623,23.599985,23.496729,0.0,0.006911984,-1.0,1.0909853,0.29030353,1.0724897,nan,6,3.9161215,3.9161215,3.9161215,3.9161215,3.9161215,3.9161215,0.0,0.0,0.0,0.0,0.0,0.0,0.0,0.0,0.0,0.0,0.0,0.0,0.0,0.0,0,0,0,0,0,0,0,0,0,0,0,1,0,0,1,0,1
775728900,23.288284,23.47572,0.0,0.0077462164,-1.0,1.0914888,0.28154975,1.0734495,nan,6,3.9126198,3.9126198,3.9126198,3.9126198,3.9126198,3.9126198,0.0,0.0,0.0,0.0,0.0,0.0,0.0,0.0,0.0,0.0,0.0,0.0,0.0,0.0,0,0,0,0,0,0,0,0,0,0,0,1,0,0,1,0,1
775938880,23.809608,23.48273,0.00915625,0.005290301,-1.0,1.0915142,0.2844718,1.0731289,nan,6,3.9137886,3.9137886,3.9137886,3.9137886,3.9137886,3.9137886,0.0,0.0,0.0,0.0,0.0,0.0,0.0,0.0,0.0,0.0,0.0,0.0,0.0,0.0,0,0,0,0,0,0,0,0,0,0,0,1,0,0,1,0,1
776129411,23.84242,23.49246,0.0,0.0036314256,-1.0,1.0915142,0.28852493,1.0726846,nan,6,3.91541,3.91541,3.91541,3.91541,3.91541,3.91541,0.0,0.0,0.0,0.0,0.0,0.0,0.0,0.0,0.0,0.0,0.0,0.0,0.0,0.0,0,0,0,0,0,0,0,0,0,0,0,1,0,0,1,0,1
776339983,23.495173,23.533113,0.0,0.012679369,-1.0,1.0932509,0.3054641,1.0708314,nan,6,3.9221857,3.9221857,3.9221857,3.9221857,3.9221857,3.9221857,0.0,0.0,0.0,0.0,0.0,0.0,0.0,0.0,0.0,0.0,0.0,0.0,0.0,0.0,0,0,0,0,0,0,0,0,0,0,0,1,0,0,1,0,0
776540185,24.335491,23.572012,0.109875,0.010687264,-1.0,1.0935849,0.32167178,1.0690644,nan,6,3.9286687,3.9286687,3.9286687,3.9286687,3.9286687,3.9286687,0.0,0.0,0.0,0.0,0.0,0.0,0.0,0.0,0.0,0.0,0.0,0.0,0.0,0.0,0,0,0,0,0,0,0,0,0,0,0,1,0,0,1,0,0
776738878,23.458715,23.610071,0.0,0.028477015,-1.0,1.0976355,0.33752948,1.0673411,nan,6,3.9350119,3.9350119,3.9350119,3.9350119,3.9350119,3.9350119,0.0,0.0,0.0,0.0,0.0,0.0,0.0,0.0,0.0,0.0,0.0,0.0,0.0,0.0,0,0,0,0,0,0,0,0,0,0,0,1,0,0,1,0,0
776928877,23.50611,23.630495,0.0,0.0195475,-1.0,1.0976355,0.34604007,1.0664185,nan,6,3.9384158,3.9384158,3.9384158,3.9384158,3.9384158,3.9384158,0.0,0.0,0.0,0.0,0.0,0.0,0.0,0.0,0.0,0.0,0.0,0.0,0.0,0.0,0,0,0,0,0,0,0,0,0,0,0,1,0,0,1,0,0
777128877,24.265312,23.669859,0.04395,0.022396846,-1.0,1.0994871,0.36244136,1.0646452,nan,6,3.9449766,3.9449766,3.9449766,3.9449766,3.9449766,3.9449766,0.0,0.0,0.0,0.0,0.0,0.0,0.0,0.0,0.0,0.0,0.0,0.0,0.0,0.0,0,0,0,0,0,0,0,0,0,0,0,1,0,0,1,0,0
777328880,23.355728,23.684006,0.0,0.02241347,-1.0,1.1009744,0.36833602,1.0640092,nan,6,3.9473343,3.9473343,3.9473343,3.9473343,3.9473343,3.9473343,0.0,0.0,0.0,0.0,0.0,0.0,0.0,0.0,0.0,0.0,0.0,0.0,0.0,0.0,0,0,0,0,0,0,0,0,0,0,0,1,0,0,1,0,0
777528881,23.805964,23.701452,0.0,0.033960167,-1.0,1.1039634,0.37560493,1.063226,nan,6,3.950242,3.950242,3.950242,3.950242,3.950242,3.950242,0.0,0.0,0.0,0.0,0.0,0.0,0.0,0.0,0.0,0.0,0.0,0.0,0.0,0.0,0,0,0,0,0,0,0,0,0,0,0,1,0,0,1,0,0
777739281,23.5453,23.721563,0.0,0.04071204,-1.0,1.1073095,0.38398486,1.0623245,nan,6,3.953594,3.953594,3.953594,3.953594,3.953594,3.953594,0.0,0.0,0.0,0.0,0.0,0.0,0.0,0.0,0.0,0.0,0.0,0.0,0.0,0.0,0,0,0,0,0,0,0,0,0,0,0,1,0,0,1,0,0
777938961,24.072096,23.756105,0.0,0.040850826,-1.0,1.1097003,0.39837772,1.0607798,nan,6,3.9593508,3.9593508,3.9593508,3.9593508,3.9593508,3.9593508,0.0,0.0,0.0,0.0,0.0,0.0,0.0,0.0,0.0,0.0,0.0,0.0,0.0,0.0,0,0,0,0,0,0,0,0,0,0,0,1,0,0,1,0,0
778141738,24.356453,23.774263,0.2380625,0.034382604,-1.0,1.1108803,0.4059432,1.0599698,nan,6,3.9623773,3.9623773,3.9623773,3.9623773,3.9623773,3.9623773,0.0,0.0,0.0,0.0,0.0,0.0,0.0,0.0,0.0,0.0,0.0,0.0,0.0,0.0,0,0,0,0,0,0,0,0,0,0,0,1,0,0,1,0,0
778341989,23.729404,23.781372,0.0,0.023138508,-1.0,1.1108803,0.40890533,1.0596528,nan,6,3.963562,3.963562,3.963562,3.963562,3.963562,3.963562,0.0,0.0,0.0,0.0,0.0,0.0,0.0,0.0,0.0,0.0,0.0,0.0,0.0,0.0,0,0,0,0,0,0,0,0,0,0,0,1,0,0,1,0,0
778531759,23.889814,23.799791,0.0,0.015882988,-1.0,1.1108803,0.41657954,1.0588329,nan,6,3.966632,3.966632,3.966632,3.966632,3.966632,3.966632,0.0,0.0,0.0,0.0,0.0,0.0,0.0,0.0,0.0,0.0,0.0,0.0,0.0,0.0,0,0,0,0,0,0,0,0,0,0,0,1,0,0,1,0,0
778728876,24.023788,23.792946,0.0,0.010688795,-1.0,1.1108803,0.41372806,1.0591373,nan,6,3.965491,3.965491,3.965491,3.965491,3.965491,3.965491,0.0,0.0,0.0,0.0,0.0,0.0,0.0,0.0,0.0,0.0,0.0,0.0,0.0,0.0,0,0,0,0,0,0,0,0,0,0,0,1,0,0,1,0,0
778928877,23.908041,23.803999,0.0,0.007193251,-1.0,1.1108803,0.41833335,1.0586456,nan,6,3.967333,3.967333,3.967333,3.967333,3.967333,3.967333,0.0,0.0,0.0,0.0,0.0,0.0,0.0,0.0,0.0,0.0,0.0,0.0,0.0,0.0,0,0,0,0,0,0,0,0,0,0,0,1,0,0,1,0,0
779138880,23.363018,23.819874,0.0,0.0047459323,-1.0,1.1108803,0.42494804,1.05794,nan,6,3.969979,3.969979,3.969979,3.969979,3.969979,3.969979,0.0,0.0,0.0,0.0,0.0,0.0,0.0,0.0,0.0,0.0,0.0,0.0,0.0,0.0,0,0,0,0,0,0,0,0,0,0,0,1,0,0,1,0,0
779338891,23.909863,23.822306,0.0,0.008749933,-1.0,1.1120043,0.42596084,1.0578321,nan,6,3.9703844,3.9703844,3.9703844,3.9703844,3.9703844,3.9703844,0.0,0.0,0.0,0.0,0.0,0.0,0.0,0.0,0.0,0.0,0.0,0.0,0.0,0.0,0,0,0,0,0,0,0,0,0,0,0,1,0,0,1,0,0
779528878,23.990068,23.818108,0.0,0.0120741865,-1.0,1.1130416,0.4242118,1.0580186,nan,6,3.9696846,3.9696846,3.9696846,3.9696846,3.9696846,3.9696846,0.0,0.0,0.0,0.0,0.0,0.0,0.0,0.0,0.0,0.0,0.0,0.0,0.0,0.0,0,0,0,0,0,0,0,0,0,0,0,1,0,0,1,0,0
779728878,24.112196,23.811453,0.0,0.015377361,-1.0,1.1140896,0.42143852,1.0583143,nan,6,3.9685755,3.9685755,3.9685755,3.9685755,3.9685755,3.9685755,0.0,0.0,0.0,0.0,0.0,0.0,0.0,0.0,0.0,0.0,0.0,0.0,0.0,0.0,0,0,0,0,0,0,0,0,0,0,0,1,0,0,1,0,0
779940490,23.640997,23.79732,0.0,0.010145611,-1.0,1.1140896,0.41554958,1.0589428,nan,6,3.96622,3.96622,3.96622,3.96622,3.96622,3.96622,0.0,0.0,0.0,0.0,0.0,0.0,0.0,0.0,0.0,0.0,0.0,0.0,0.0,0.0,0,0,0,0,0,0,0,0,0,0,0,1,0,0,1,0,0
780128893,23.243626,23.762207,0.0,0.01830379,-1.0,1.1160518,0.4009202,1.0605075,nan,6,3.960368,3.960368,3.960368,3.960368,3.960368,3.960368,0.0,0.0,0.0,0.0,0.0,0.0,0.0,0.0,0.0,0.0,0.0,0.0,0.0,0.0,0,0,0,0,0,0,0,0,0,0,0,1,0,0,1,0,0
780331745,23.823278,23.732288,0.0,0.017330054,-1.0,1.1169525,0.38845378,1.0618445,nan,6,3.9553814,3.9553814,3.9553814,3.9553814,3.9553814,3.9553814,0.0,0.0,0.0,0.0,0.0,0.0,0.0,0.0,0.0,0.0,0.0,0.0,0.0,0.0,0,0,0,0,0,0,0,0,0,0,0,1,0,0,1,0,0
780541417,23.485147,23.699541,0.0,0.017216926,-1.0,1.1179898,0.3748086,1.0633117,nan,6,3.9499235,3.9499235,3.9499235,3.9499235,3.9499235,3.9499235,0.0,0.0,0.0,0.0,0.0,0.0,0.0,0.0,0.0,0.0,0.0,0.0,0.0,0.0,0,0,0,0,0,0,0,0,0,0,0,1,0,0,1,0,0
780738877,24.138628,23.712427,0.0,0.017799078,-1.0,1.1188314,0.3801778,1.0627339,nan,6,3.9520712,3.9520712,3.9520712,3.9520712,3.9520712,3.9520712,0.0,0.0,0.0,0.0,0.0,0.0,0.0,0.0,0.0,0.0,0.0,0.0,0.0,0.0,0,0,0,0,0,0,0,0,0,0,0,1,0,0,1,0,0
780928877,23.00757,23.675108,0.0,0.01328634,-1.0,1.1190195,0.36462814,1.0644091,nan,6,3.9458513,3.9458513,3.9458513,3.9458513,3.9458513,3.9458513,0.0,0.0,0.0,0.0,0.0,0.0,0.0,0.0,0.0,0.0,0.0,0.0,0.0,0.0,0,0,0,0,0,0,0,0,0,0,0,1,0,0,1,0,0
781128878,24.51595,23.66539,0.55486876,0.019821107,-1.0,1.1205589,0.3605798,1.0648462,nan,6,3.9442317,3.9442317,3.9442317,3.9442317,3.9442317,3.9442317,0.0,0.0,0.0,0.0,0.0,0.0,0.0,0.0,0.0,0.0,0.0,0.0,0.0,0.0,0,0,0,0,0,0,0,0,0,0,0,1,0,0,1,0,0
781328877,23.043116,23.643227,0.0,0.014254504,-1.0,1.1207367,0.3513444,1.0658443,nan,6,3.9405377,3.9405377,3.9405377,3.9405377,3.9405377,3.9405377,0.0,0.0,0.0,0.0,0.0,0.0,0.0,0.0,0.0,0.0,0.0,0.0,0.0,0.0,0,0,0,0,0,0,0,0,0,0,0,1,0,0,1,0,0
781528876,23.274614,23.620113,0.0,0.009592873,-1.0,1.1207367,0.3417142,1.0668873,nan,6,3.9366856,3.9366856,3.9366856,3.9366856,3.9366856,3.9366856,0.0,0.0,0.0,0.0,0.0,0.0,0.0,0.0,0.0,0.0,0.0,0.0,0.0,0.0,0,0,0,0,0,0,0,0,0,0,0,1,0,0,1,0,0
781728879,23.141546,23.624199,0.0,0.006455729,-1.0,1.1207367,0.3434165,1.0667028,nan,6,3.9373665,3.9373665,3.9373665,3.9373665,3.9373665,3.9373665,0.0,0.0,0.0,0.0,0.0,0.0,0.0,0.0,0.0,0.0,0.0,0.0,0.0,0.0,0,0,0,0,0,0,0,0,0,0,0,1,0,0,1,0,0
781938950,23.527071,23.612303,0.0,0.0076180818,-1.0,1.1212412,0.3384593,1.0672402,nan,6,3.9353838,3.9353838,3.9353838,3.9353838,3.9353838,3.9353838,0.0,0.0,0.0,0.0,0.0,0.0,0.0,0.0,0.0,0.0,0.0,0.0,0.0,0.0,0,0,0,0,0,0,0,0,0,0,0,1,0,0,1,0,0
782138899,23.922623,23.62164,0.0,0.005126751,-1.0,1.1212412,0.3423503,1.0668184,nan,6,3.93694,3.93694,3.93694,3.93694,3.93694,3.93694,0.0,0.0,0.0,0.0,0.0,0.0,0.0,0.0,0.0,0.0,0.0,0.0,0.0,0.0,0,0,0,0,0,0,0,0,0,0,0,1,0,0,1,0,0
782328877,23.824192,23.627895,0.0,0.004167195,-1.0,1.121353,0.3449567,1.066536,nan,6,3.9379826,3.9379826,3.9379826,3.9379826,3.9379826,3.9379826,0.0,0.0,0.0,0.0,0.0,0.0,0.0,0.0,0.0,0.0,0.0,0.0,0.0,0.0,0,0,0,0,0,0,0,0,0,0,0,1,0,0,1,0,0
782528877,23.834217,23.653742,0.0,0.0065359003,-1.0,1.1218922,0.3557256,1.0653706,nan,6,3.9422903,3.9422903,3.9422903,3.9422903,3.9422903,3.9422903,0.0,0.0,0.0,0.0,0.0,0.0,0.0,0.0,0.0,0.0,0.0,0.0,0.0,0.0,0,0,0,0,0,0,0,0,0,0,0,1,0,0,1,0,0
782728878,23.987333,23.66347,0.038456246,0.013396431,-1.0,1.1235806,0.3597787,1.0649326,nan,6,3.9439116,3.9439116,3.9439116,3.9439116,3.9439116,3.9439116,0.0,0.0,0.0,0.0,0.0,0.0,0.0,0.0,0.0,0.0,0.0,0.0,0.0,0.0,0,0,0,0,0,0,0,0,0,0,0,1,0,0,1,0,0
782928878,23.368488,23.653149,0.0,0.009015413,-1.0,1.1235806,0.35547858,1.0653973,nan,6,3.9421914,3.9421914,3.9421914,3.9421914,3.9421914,3.9421914,0.0,0.0,0.0,0.0,0.0,0.0,0.0,0.0,0.0,0.0,0.0,0.0,0.0,0.0,0,0,0,0,0,0,0,0,0,0,0,1,0,0,1,0,0
783129272,24.105816,23.640278,0.0,0.008455464,-1.0,1.1240637,0.35011607,1.0659772,nan,6,3.9400463,3.9400463,3.9400463,3.9400463,3.9400463,3.9400463,0.0,0.0,0.0,0.0,0.0,0.0,0.0,0.0,0.0,0.0,0.0,0.0,0.0,0.0,0,0,0,0,0,0,0,0,0,0,0,1,0,0,1,0,0
783338877,23.9126,23.617844,0.13001876,0.008128097,-1.0,1.1244249,0.34076816,1.0669899,nan,6,3.9363072,3.9363072,3.9363072,3.9363072,3.9363072,3.9363072,0.0,0.0,0.0,0.0,0.0,0.0,0.0,0.0,0.0,0.0,0.0,0.0,0.0,0.0,0,0,0,0,0,0,0,0,0,0,0,1,0,0,1,0,0
783538877,22.932837,23.595327,0.0,0.0054699765,-1.0,1.1244249,0.33138686,1.068008,nan,6,3.9325545,3.9325545,3.9325545,3.9325545,3.9325545,3.9325545,0.0,0.0,0.0,0.0,0.0,0.0,0.0,0.0,0.0,0.0,0.0,0.0,0.0,0.0,0,0,0,0,0,0,0,0,0,0,0,1,0,0,1,0,0
783728880,23.378513,23.578705,0.0,0.0049352995,-1.0,1.1246334,0.32446033,1.068761,nan,6,3.929784,3.929784,3.929784,3.929784,3.929784,3.929784,0.0,0.0,0.0,0.0,0.0,0.0,0.0,0.0,0.0,0.0,0.0,0.0,0.0,0.0,0,0,0,0,0,0,0,0,0,0,0,1,0,0,1,0,0
783928879,23.713,23.582777,0.0,0.007738038,-1.0,1.125427,0.3261569,1.0685765,nan,6,3.9304628,3.9304628,3.9304628,3.9304628,3.9304628,3.9304628,0.0,0.0,0.0,0.0,0.0,0.0,0.0,0.0,0.0,0.0,0.0,0.0,0.0,0.0,0,0,0,0,0,0,0,0,0,0,0,1,0,0,1,0,0
784128878,23.821459,23.576277,0.0,0.0052074785,-1.0,1.125427,0.32344848,1.068871,nan,6,3.9293795,3.9293795,3.9293795,3.9293795,3.9293795,3.9293795,0.0,0.0,0.0,0.0,0.0,0.0,0.0,0.0,0.0,0.0,0.0,0.0,0.0,0.0,0,0,0,0,0,0,0,0,0,0,0,1,0,0,1,0,0
784328879,24.036549,23.617563,0.0,0.0035044837,-1.0,1.125427,0.3406518,1.0670024,nan,6,3.9362605,3.9362605,3.9362605,3.9362605,3.9362605,3.9362605,0.0,0.0,0.0,0.0,0.0,0.0,0.0,0.0,0.0,0.0,0.0,0.0,0.0,0.0,0,0,0,0,0,0,0,0,0,0,0,1,0,0,1,0,0
784529312,23.981865,23.663832,0.0,0.0023584173,-1.0,1.125427,0.35993034,1.0649163,nan,6,3.9439719,3.9439719,3.9439719,3.9439719,3.9439719,3.9439719,0.0,0.0,0.0,0.0,0.0,0.0,0.0,0.0,0.0,0.0,0.0,0.0,0.0,0.0,0,0,0,0,0,0,0,0,0,0,0,1,0,0,1,0,0
784738877,24.014675,23.726955,0.0,0.0027400476,-1.0,1.1256355,0.38623172,1.0620831,nan,6,3.9544926,3.9544926,3.9544926,3.9544926,3.9544926,3.9544926,0.0,0.0,0.0,0.0,0.0,0.0,0.0,0.0,0.0,0.0,0.0,0.0,0.0,0.0,0,0,0,0,0,0,0,0,0,0,0,1,0,0,1,0,0
784938876,24.100348,23.776468,0.0,0.0018439736,-1.0,1.1256355,0.4068616,1.0598714,nan,6,3.9627447,3.9627447,3.9627447,3.9627447,3.9627447,3.9627447,0.0,0.0,0.0,0.0,0.0,0.0,0.0,0.0,0.0,0.0,0.0,0.0,0.0,0.0,0,0,0,0,0,0,0,0,0,0,0,1,0,0,1,0,0
785128877,23.963636,23.801294,0.0,0.0012657603,-1.0,1.1256355,0.4172061,1.0587659,nan,6,3.9668825,3.9668825,3.9668825,3.9668825,3.9668825,3.9668825,0.0,0.0,0.0,0.0,0.0,0.0,0.0,0.0,0.0,0.0,0.0,0.0,0.0,0.0,0,0,0,0,0,0,0,0,0,0,0,1,0,0,1,0,0
785328877,24.069359,23.807425,0.0,0.0008518203,-1.0,1.1256355,0.41976005,1.0584934,nan,6,3.967904,3.967904,3.967904,3.967904,3.967904,3.967904,0.0,0.0,0.0,0.0,0.0,0.0,0.0,0.0,0.0,0.0,0.0,0.0,0.0,0.0,0,0,0,0,0,0,0,0,0,0,0,1,0,0,1,0,0
785529154,23.960903,23.823956,0.0,0.00057325076,-1.0,1.1256355,0.42664844,1.0577588,nan,6,3.9706593,3.9706593,3.9706593,3.9706593,3.9706593,3.9706593,0.0,0.0,0.0,0.0,0.0,0.0,0.0,0.0,0.0,0.0,0.0,0.0,0.0,0.0,0,0,0,0,0,0,0,0,0,0,0,1,0,0,1,0,0
785729279,23.607277,23.832447,0.0,0.00038578143,-1.0,1.1256355,0.43018657,1.057382,nan,6,3.9720745,3.9720745,3.9720745,3.9720745,3.9720745,3.9720745,0.0,0.0,0.0,0.0,0.0,0.0,0.0,0.0,0.0,0.0,0.0,0.0,0.0,0.0,0,0,0,0,0,0,0,0,0,0,0,1,0,0,1,0,0
785928878,24.061157,23.827337,0.0,0.00025961985,-1.0,1.1256355,0.42805701,1.0576087,nan,6,3.9712229,3.9712229,3.9712229,3.9712229,3.9712229,3.9712229,0.0,0.0,0.0,0.0,0.0,0.0,0.0,0.0,0.0,0.0,0.0,0.0,0.0,0.0,0,0,0,0,0,0,0,0,0,0,0,1,0,0,1,0,0
786138877,23.859735,23.81627,0.0,0.0001712909,-1.0,1.1256355,0.423446,1.0581002,nan,6,3.9693785,3.9693785,3.9693785,3.9693785,3.9693785,3.9693785,0.0,0.0,0.0,0.0,0.0,0.0,0.0,0.0,0.0,0.0,0.0,0.0,0.0,0.0,0,0,0,0,0,0,0,0,0,0,0,1,0,0,1,0,0
786338877,24.080296,23.809374,0.0,0.009569943,-1.0,1.1273141,0.42057258,1.0584067,nan,6,3.968229,3.968229,3.968229,3.968229,3.968229,3.968229,0.0,0.0,0.0,0.0,0.0,0.0,0.0,0.0,0.0,0.0,0.0,0.0,0.0,0.0,0,0,0,0,0,0,0,0,0,0,0,1,0,0,1,0,0
786539338,23.875229,23.794487,0.0,0.006440299,-1.0,1.1273141,0.41436988,1.0590688,nan,6,3.9657478,3.9657478,3.9657478,3.9657478,3.9657478,3.9657478,0.0,0.0,0.0,0.0,0.0,0.0,0.0,0.0,0.0,0.0,0.0,0.0,0.0,0.0,0,0,0,0,0,0,0,0,0,0,0,1,0,0,1,0,0
786728877,23.578112,23.77554,0.0,0.0044208188,-1.0,1.1273141,0.40647537,1.0599128,nan,6,3.96259,3.96259,3.96259,3.96259,3.96259,3.96259,0.0,0.0,0.0,0.0,0.0,0.0,0.0,0.0,0.0,0.0,0.0,0.0,0.0,0.0,0,0,0,0,0,0,0,0,0,0,0,1,0,0,1,0,0
786928880,23.141546,23.773275,0.0,0.00466495,-1.0,1.1275837,0.40553123,1.0600138,nan,6,3.9622126,3.9622126,3.9622126,3.9622126,3.9622126,3.9622126,0.0,0.0,0.0,0.0,0.0,0.0,0.0,0.0,0.0,0.0,0.0,0.0,0.0,0.0,0,0,0,0,0,0,0,0,0,0,0,1,0,0,1,0,0
787128877,23.329298,23.74573,0.0,0.0058709094,-1.0,1.128017,0.39405376,1.0612434,nan,6,3.9576216,3.9576216,3.9576216,3.9576216,3.9576216,3.9576216,0.0,0.0,0.0,0.0,0.0,0.0,0.0,0.0,0.0,0.0,0.0,0.0,0.0,0.0,0,0,0,0,0,0,0,0,0,0,0,1,0,0,1,0,0
787328878,23.203522,23.719896,0.0,0.004592038,-1.0,1.1281441,0.3832906,1.0623991,nan,6,3.953316,3.953316,3.953316,3.953316,3.953316,3.953316,0.0,0.0,0.0,0.0,0.0,0.0,0.0,0.0,0.0,0.0,0.0,0.0,0.0,0.0,0,0,0,0,0,0,0,0,0,0,0,1,0,0,1,0,0
787538877,23.743076,23.72956,0.0,0.0070891376,-1.0,1.1288207,0.387317,1.0619665,nan,6,3.9549267,3.9549267,3.9549267,3.9549267,3.9549267,3.9549267,0.0,0.0,0.0,0.0,0.0,0.0,0.0,0.0,0.0,0.0,0.0,0.0,0.0,0.0,0,0,0,0,0,0,0,0,0,0,0,1,0,0,1,0,0
787738877,23.972752,23.745565,0.0,0.004770787,-1.0,1.1288207,0.39398605,1.0612507,nan,6,3.9575942,3.9575942,3.9575942,3.9575942,3.9575942,3.9575942,0.0,0.0,0.0,0.0,0.0,0.0,0.0,0.0,0.0,0.0,0.0,0.0,0.0,0.0,0,0,0,0,0,0,0,0,0,0,0,1,0,0,1,0,0
787928877,24.110373,23.779259,0.0,0.0032748154,-1.0,1.1288207,0.4080251,1.059747,nan,6,3.9632099,3.9632099,3.9632099,3.9632099,3.9632099,3.9632099,0.0,0.0,0.0,0.0,0.0,0.0,0.0,0.0,0.0,0.0,0.0,0.0,0.0,0.0,0,0,0,0,0,0,0,0,0,0,0,1,0,0,1,0,0
788128989,24.105816,23.81942,0.0,0.0022038568,-1.0,1.1288207,0.42475826,1.0579603,nan,6,3.9699032,3.9699032,3.9699032,3.9699032,3.9699032,3.9699032,0.0,0.0,0.0,0.0,0.0,0.0,0.0,0.0,0.0,0.0,0.0,0.0,0.0,0.0,0,0,0,0,0,0,0,0,0,0,0,1,0,0,1,0,0
788329277,24.045664,23.862247,0.0,0.0014831325,-1.0,1.1288207,0.4426034,1.0560614,nan,6,3.9770412,3.9770412,3.9770412,3.9770412,3.9770412,3.9770412,0.0,0.0,0.0,0.0,0.0,0.0,0.0,0.0,0.0,0.0,0.0,0.0,0.0,0.0,0,0,0,0,0,0,0,0,0,0,0,1,0,0,1,0,0
788529414,24.11493,23.892063,0.0,0.0009981057,-1.0,1.1288207,0.45502692,1.0547435,nan,6,3.9820106,3.9820106,3.9820106,3.9820106,3.9820106,3.9820106,0.0,0.0,0.0,0.0,0.0,0.0,0.0,0.0,0.0,0.0,0.0,0.0,0.0,0.0,0,0,0,0,0,0,0,0,0,0,0,1,0,0,1,0,0
788728878,23.969105,23.919432,0.0,0.0006716965,-1.0,1.1288207,0.46643,1.0535368,nan,6,3.986572,3.986572,3.986572,3.986572,3.986572,3.986572,0.0,0.0,0.0,0.0,0.0,0.0,0.0,0.0,0.0,0.0,0.0,0.0,0.0,0.0,0,0,0,0,0,0,0,0,0,0,0,1,0,0,1,0,0
788938878,24.10126,23.933132,0.0,0.00044316915,-1.0,1.1288207,0.4721387,1.0529336,nan,6,3.9888554,3.9888554,3.9888554,3.9888554,3.9888554,3.9888554,0.0,0.0,0.0,0.0,0.0,0.0,0.0,0.0,0.0,0.0,0.0,0.0,0.0,0.0,0,0,0,0,0,0,0,0,0,0,0,1,0,0,1,0,0
789138880,24.25802,23.94217,0.0,0.0002982402,-1.0,1.1288207,0.4759038,1.0525361,nan,6,3.9903615,3.9903615,3.9903615,3.9903615,3.9903615,3.9903615,0.0,0.0,0.0,0.0,0.0,0.0,0.0,0.0,0.0,0.0,0.0,0.0,0.0,0.0,0,0,0,0,0,0,0,0,0,0,0,1,0,0,1,0,0
789328890,24.15959,23.958572,0.0,0.00020472122,-1.0,1.1288207,0.4827388,1.0518155,nan,6,3.9930954,3.9930954,3.9930954,3.9930954,3.9930954,3.9930954,0.0,0.0,0.0,0.0,0.0,0.0,0.0,0.0,0.0,0.0,0.0,0.0,0.0,0.0,0,0,0,0,0,0,0,0,0,0,0,1,0,0,1,0,0
789528879,24.093058,23.965256,0.0,0.00013777148,-1.0,1.1288207,0.48552352,1.0515223,nan,6,3.9942093,3.9942093,3.9942093,3.9942093,3.9942093,3.9942093,0.0,0.0,0.0,0.0,0.0,0.0,0.0,0.0,0.0,0.0,0.0,0.0,0.0,0.0,0,0,0,0,0,0,0,0,0,0,0,1,0,0,1,0,0
789728877,24.103994,23.955957,0.0,9.271624e-05,-1.0,1.1288207,0.48164874,1.0519304,nan,6,3.9926596,3.9926596,3.9926596,3.9926596,3.9926596,3.9926596,0.0,0.0,0.0,0.0,0.0,0.0,0.0,0.0,0.0,0.0,0.0,0.0,0.0,0.0,0,0,0,0,0,0,0,0,0,0,0,1,0,0,1,0,0
789928877,23.981865,23.946955,0.0,6.239538e-05,-1.0,1.1288207,0.47789794,1.0523258,nan,6,3.9911592,3.9911592,3.9911592,3.9911592,3.9911592,3.9911592,0.0,0.0,0.0,0.0,0.0,0.0,0.0,0.0,0.0,0.0,0.0,0.0,0.0,0.0,0,0,0,0,0,0,0,0,0,0,0,1,0,0,1,0,0
790128879,24.079386,23.94323,0.0,4.19903e-05,-1.0,1.1288207,0.4763463,1.0524895,nan,6,3.9905384,3.9905384,3.9905384,3.9905384,3.9905384,3.9905384,0.0,0.0,0.0,0.0,0.0,0.0,0.0,0.0,0.0,0.0,0.0,0.0,0.0,0.0,0,0,0,0,0,0,0,0,0,0,0,1,0,0,1,0,0
790338879,24.09579,23.947115,0.0,2.7704184e-05,-1.0,1.1288207,0.4779647,1.0523188,nan,6,3.991186,3.991186,3.991186,3.991186,3.991186,3.991186,0.0,0.0,0.0,0.0,0.0,0.0,0.0,0.0,0.0,0.0,0.0,0.0,0.0,0.0,0,0,0,0,0,0,0,0,0,0,0,1,0,0,1,0,0
790539219,24.137714,23.95417,0.0,0.0047370186,-1.0,1.1297555,0.48090488,1.0520089,nan,6,3.9923618,3.9923618,3.9923618,3.9923618,3.9923618,3.9923618,0.0,0.0,0.0,0.0,0.0,0.0,0.0,0.0,0.0,0.0,0.0,0.0,0.0,0.0,0,0,0,0,0,0,0,0,0,0,0,1,0,0,1,0,0
790729062,23.993713,23.949165,0.0,0.0032516352,-1.0,1.1297555,0.4788192,1.0522287,nan,6,3.9915276,3.9915276,3.9915276,3.9915276,3.9915276,3.9915276,0.0,0.0,0.0,0.0,0.0,0.0,0.0,0.0,0.0,0.0,0.0,0.0,0.0,0.0,0,0,0,0,0,0,0,0,0,0,0,1,0,0,1,0,0
790929120,24.08303,23.945538,0.0,0.0021882574,-1.0,1.1297555,0.47730762,1.0523881,nan,6,3.990923,3.990923,3.990923,3.990923,3.990923,3.990923,0.0,0.0,0.0,0.0,0.0,0.0,0.0,0.0,0.0,0.0,0.0,0.0,0.0,0.0,0,0,0,0,0,0,0,0,0,0,0,1,0,0,1,0,0
791128890,23.91989,23.96061,0.0,0.0014726344,-1.0,1.1297555,0.48358756,1.0517261,nan,6,3.993435,3.993435,3.993435,3.993435,3.993435,3.993435,0.0,0.0,0.0,0.0,0.0,0.0,0.0,0.0,0.0,0.0,0.0,0.0,0.0,0.0,0,0,0,0,0,0,0,0,0,0,0,1,0,0,1,0,0
791328877,23.877964,23.969236,0.0,0.0009910408,-1.0,1.1297555,0.48718196,1.0513476,nan,6,3.9948728,3.9948728,3.9948728,3.9948728,3.9948728,3.9948728,0.0,0.0,0.0,0.0,0.0,0.0,0.0,0.0,0.0,0.0,0.0,0.0,0.0,0.0,0,0,0,0,0,0,0,0,0,0,0,1,0,0,1,0,0
791528877,23.918066,23.961294,0.0,0.000666942,-1.0,1.1297555,0.4838727,1.0516961,nan,6,3.993549,3.993549,3.993549,3.993549,3.993549,3.993549,0.0,0.0,0.0,0.0,0.0,0.0,0.0,0.0,0.0,0.0,0.0,0.0,0.0,0.0,0,0,0,0,0,0,0,0,0,0,0,1,0,0,1,0,0
791738878,23.5052,23.948856,0.0,0.0004400322,-1.0,1.1297555,0.47869045,1.0522423,nan,6,3.991476,3.991476,3.991476,3.991476,3.991476,3.991476,0.0,0.0,0.0,0.0,0.0,0.0,0.0,0.0,0.0,0.0,0.0,0.0,0.0,0.0,0,0,0,0,0,0,0,0,0,0,0,1,0,0,1,0,0
791938882,24.063892,23.925217,0.0,0.000296129,-1.0,1.1297555,0.4688409,1.0532819,nan,6,3.9875362,3.9875362,3.9875362,3.9875362,3.9875362,3.9875362,0.0,0.0,0.0,0.0,0.0,0.0,0.0,0.0,0.0,0.0,0.0,0.0,0.0,0.0,0,0,0,0,0,0,0,0,0,0,0,1,0,0,1,0,0
792138878,24.083942,23.910788,0.0586,0.011139247,-1.0,1.1315988,0.46282798,1.0539176,nan,6,3.9851313,3.9851313,3.9851313,3.9851313,3.9851313,3.9851313,0.0,0.0,0.0,0.0,0.0,0.0,0.0,0.0,0.0,0.0,0.0,0.0,0.0,0.0,0,0,0,0,0,0,0,0,0,0,0,1,0,0,1,0,0
792328877,23.969105,23.870876,0.0,0.008592259,-1.0,1.1317767,0.44619876,1.0556797,nan,6,3.9784794,3.9784794,3.9784794,3.9784794,3.9784794,3.9784794,0.0,0.0,0.0,0.0,0.0,0.0,0.0,0.0,0.0,0.0,0.0,0.0,0.0,0.0,0,0,0,0,0,0,0,0,0,0,0,1,0,0,1,0,0
792529330,24.044752,23.823483,0.0,0.013718659,-1.0,1.133206,0.42645103,1.0577798,nan,6,3.9705803,3.9705803,3.9705803,3.9705803,3.9705803,3.9705803,0.0,0.0,0.0,0.0,0.0,0.0,0.0,0.0,0.0,0.0,0.0,0.0,0.0,0.0,0,0,0,0,0,0,0,0,0,0,0,1,0,0,1,0,0
792728878,23.570822,23.76984,0.0,0.009933719,-1.0,1.133318,0.40410072,1.060167,nan,6,3.9616401,3.9616401,3.9616401,3.9616401,3.9616401,3.9616401,0.0,0.0,0.0,0.0,0.0,0.0,0.0,0.0,0.0,0.0,0.0,0.0,0.0,0.0,0,0,0,0,0,0,0,0,0,0,0,1,0,0,1,0,0
792928877,23.974573,23.751932,0.17946249,0.01631621,-1.0,1.1350318,0.3966382,1.0609664,nan,6,3.9586554,3.9586554,3.9586554,3.9586554,3.9586554,3.9586554,0.0,0.0,0.0,0.0,0.0,0.0,0.0,0.0,0.0,0.0,0.0,0.0,0.0,0.0,0,0,0,0,0,0,0,0,0,0,0,1,0,0,1,0,0
793138877,24.092144,23.761223,0.0,0.010765042,-1.0,1.1350318,0.40051013,1.0605514,nan,6,3.960204,3.960204,3.960204,3.960204,3.960204,3.960204,0.0,0.0,0.0,0.0,0.0,0.0,0.0,0.0,0.0,0.0,0.0,0.0,0.0,0.0,0,0,0,0,0,0,0,0,0,0,0,1,0,0,1,0,0
793338982,23.872496,23.78606,0.0,0.0072445637,-1.0,1.1350318,0.41085845,1.0594441,nan,6,3.9643433,3.9643433,3.9643433,3.9643433,3.9643433,3.9643433,0.0,0.0,0.0,0.0,0.0,0.0,0.0,0.0,0.0,0.0,0.0,0.0,0.0,0.0,0,0,0,0,0,0,0,0,0,0,0,1,0,0,1,0,0
793528878,23.95817,23.802612,0.0,0.0072949585,-1.0,1.1353705,0.41775542,1.0587072,nan,6,3.967102,3.967102,3.967102,3.967102,3.967102,3.967102,0.0,0.0,0.0,0.0,0.0,0.0,0.0,0.0,0.0,0.0,0.0,0.0,0.0,0.0,0,0,0,0,0,0,0,0,0,0,0,1,0,0,1,0,0
793728887,23.664696,23.80511,0.0,0.0049092975,-1.0,1.1353705,0.41879684,1.0585961,nan,6,3.9675186,3.9675186,3.9675186,3.9675186,3.9675186,3.9675186,0.0,0.0,0.0,0.0,0.0,0.0,0.0,0.0,0.0,0.0,0.0,0.0,0.0,0.0,0,0,0,0,0,0,0,0,0,0,0,1,0,0,1,0,0
793928891,23.507933,23.784763,0.0,0.005324117,-1.0,1.1356962,0.41031867,1.0595018,nan,6,3.9641273,3.9641273,3.9641273,3.9641273,3.9641273,3.9641273,0.0,0.0,0.0,0.0,0.0,0.0,0.0,0.0,0.0,0.0,0.0,0.0,0.0,0.0,0,0,0,0,0,0,0,0,0,0,0,1,0,0,1,0,0
794128878,23.66652,23.74491,0.0,0.013018175,-1.0,1.1374524,0.39371234,1.0612801,nan,6,3.957485,3.957485,3.957485,3.957485,3.957485,3.957485,0.0,0.0,0.0,0.0,0.0,0.0,0.0,0.0,0.0,0.0,0.0,0.0,0.0,0.0,0,0,0,0,0,0,0,0,0,0,0,1,0,0,1,0,0
794328878,23.917156,23.69539,0.0476125,0.00983883,-1.0,1.13761,0.3730796,1.063498,nan,6,3.9492319,3.9492319,3.9492319,3.9492319,3.9492319,3.9492319,0.0,0.0,0.0,0.0,0.0,0.0,0.0,0.0,0.0,0.0,0.0,0.0,0.0,0.0,0,0,0,0,0,0,0,0,0,0,0,1,0,0,1,0,0
794539081,23.205345,23.638458,0.0,0.0138465,-1.0,1.138872,0.3493579,1.0660594,nan,6,3.939743,3.939743,3.939743,3.939743,3.939743,3.939743,0.0,0.0,0.0,0.0,0.0,0.0,0.0,0.0,0.0,0.0,0.0,0.0,0.0,0.0,0,0,0,0,0,0,0,0,0,0,0,1,0,0,1,0,0
794738944,23.515224,23.613619,0.0,0.0151104815,-1.0,1.1401141,0.33900768,1.0671808,nan,6,3.9356031,3.9356031,3.9356031,3.9356031,3.9356031,3.9356031,0.0,0.0,0.0,0.0,0.0,0.0,0.0,0.0,0.0,0.0,0.0,0.0,0.0,0.0,0,0,0,0,0,0,0,0,0,0,0,1,0,0,1,0,0
794928883,23.476944,23.596277,0.0,0.010372302,-1.0,1.1401141,0.33178264,1.067965,nan,6,3.9327128,3.9327128,3.9327128,3.9327128,3.9327128,3.9327128,0.0,0.0,0.0,0.0,0.0,0.0,0.0,0.0,0.0,0.0,0.0,0.0,0.0,0.0,0,0,0,0,0,0,0,0,0,0,0,1,0,0,1,0,0
795128876,22.915518,23.564121,0.0,0.011918734,-1.0,1.1409278,0.31838447,1.0694224,nan,6,3.9273536,3.9273536,3.9273536,3.9273536,3.9273536,3.9273536,0.0,0.0,0.0,0.0,0.0,0.0,0.0,0.0,0.0,0.0,0.0,0.0,0.0,0.0,0,0,0,0,0,0,0,0,0,0,0,1,0,0,1,0,0
795328878,22.742352,23.527754,0.0,0.022059068,-1.0,1.1434869,0.30323058,1.0710754,nan,6,3.9212923,3.9212923,3.9212923,3.9212923,3.9212923,3.9212923,0.0,0.0,0.0,0.0,0.0,0.0,0.0,0.0,0.0,0.0,0.0,0.0,0.0,0.0,0,0,0,0,0,0,0,0,0,0,0,1,0,0,1,0,0
795528877,22.686756,23.498978,0.0,0.018759742,-1.0,1.1441787,0.291241,1.072387,nan,6,3.9164963,3.9164963,3.9164963,3.9164963,3.9164963,3.9164963,0.0,0.0,0.0,0.0,0.0,0.0,0.0,0.0,0.0,0.0,0.0,0.0,0.0,0.0,0,0,0,0,0,0,0,0,0,0,0,1,0,0,1,0,1
795728999,23.198055,23.4982,0.0,0.018577717,-1.0,1.1452153,0.29091674,1.0724225,nan,6,3.9163666,3.9163666,3.9163666,3.9163666,3.9163666,3.9163666,0.0,0.0,0.0,0.0,0.0,0.0,0.0,0.0,0.0,0.0,0.0,0.0,0.0,0.0,0,0,0,0,0,0,0,0,0,0,0,1,0,0,1,0,1
795939539,23.309246,23.482916,0.0,0.01225713,-1.0,1.1452153,0.2845481,1.0731206,nan,6,3.9138193,3.9138193,3.9138193,3.9138193,3.9138193,3.9138193,0.0,0.0,0.0,0.0,0.0,0.0,0.0,0.0,0.0,0.0,0.0,0.0,0.0,0.0,0,0,0,0,0,0,0,0,0,0,0,1,0,0,1,0,1
796138877,23.217194,23.469116,0.0,0.010409722,-1.0,1.1456513,0.2787984,1.0737516,nan,6,3.9115193,3.9115193,3.9115193,3.9115193,3.9115193,3.9115193,0.0,0.0,0.0,0.0,0.0,0.0,0.0,0.0,0.0,0.0,0.0,0.0,0.0,0.0,0,0,0,0,0,0,0,0,0,0,0,1,0,0,1,0,1
796328906,23.783178,23.490967,0.0,0.007955873,-1.0,1.145804,0.28790313,1.0727527,nan,6,3.9151611,3.9151611,3.9151611,3.9151611,3.9151611,3.9151611,0.0,0.0,0.0,0.0,0.0,0.0,0.0,0.0,0.0,0.0,0.0,0.0,0.0,0.0,0,0,0,0,0,0,0,0,0,0,0,1,0,0,1,0,1
796529108,23.81052,23.515192,0.0,0.0053540748,-1.0,1.145804,0.29799682,1.0716475,nan,6,3.9191988,3.9191988,3.9191988,3.9191988,3.9191988,3.9191988,0.0,0.0,0.0,0.0,0.0,0.0,0.0,0.0,0.0,0.0,0.0,0.0,0.0,0.0,0,0,0,0,0,0,0,0,0,0,0,1,0,0,1,0,1
796728891,23.801407,23.564825,0.0,0.003603139,-1.0,1.145804,0.31867725,1.0693904,nan,6,3.927471,3.927471,3.927471,3.927471,3.927471,3.927471,0.0,0.0,0.0,0.0,0.0,0.0,0.0,0.0,0.0,0.0,0.0,0.0,0.0,0.0,0,0,0,0,0,0,0,0,0,0,0,1,0,0,1,0,0
796928891,23.568085,23.599272,0.0,0.0024248094,-1.0,1.145804,0.33303005,1.0678295,nan,6,3.933212,3.933212,3.933212,3.933212,3.933212,3.933212,0.0,0.0,0.0,0.0,0.0,0.0,0.0,0.0,0.0,0.0,0.0,0.0,0.0,0.0,0,0,0,0,0,0,0,0,0,0,0,1,0,0,1,0,0
797128878,24.137714,23.621563,0.0,0.0018869017,-1.0,1.1458447,0.34231788,1.0668218,nan,6,3.936927,3.936927,3.936927,3.936927,3.936927,3.936927,0.0,0.0,0.0,0.0,0.0,0.0,0.0,0.0,0.0,0.0,0.0,0.0,0.0,0.0,0,0,0,0,0,0,0,0,0,0,0,1,0,0,1,0,0
797338976,23.525251,23.601381,0.0,0.006600556,-1.0,1.1468678,0.33390933,1.067734,nan,6,3.9335635,3.9335635,3.9335635,3.9335635,3.9335635,3.9335635,0.0,0.0,0.0,0.0,0.0,0.0,0.0,0.0,0.0,0.0,0.0,0.0,0.0,0.0,0,0,0,0,0,0,0,0,0,0,0,1,0,0,1,0,0
797538876,23.35117,23.572071,0.0,0.0053733876,-1.0,1.1470255,0.32169658,1.0690618,nan,6,3.9286785,3.9286785,3.9286785,3.9286785,3.9286785,3.9286785,0.0,0.0,0.0,0.0,0.0,0.0,0.0,0.0,0.0,0.0,0.0,0.0,0.0,0.0,0,0,0,0,0,0,0,0,0,0,0,1,0,0,1,0,0
797739386,23.180737,23.557364,0.0,0.0036161358,-1.0,1.1470255,0.31556827,1.0697291,nan,6,3.9262273,3.9262273,3.9262273,3.9262273,3.9262273,3.9262273,0.0,0.0,0.0,0.0,0.0,0.0,0.0,0.0,0.0,0.0,0.0,0.0,0.0,0.0,0,0,0,0,0,0,0,0,0,0,0,1,0,0,1,0,0
797930177,23.819635,23.568916,0.0,0.013109929,-1.0,1.1486793,0.32038242,1.0692048,nan,6,3.9281528,3.9281528,3.9281528,3.9281528,3.9281528,3.9281528,0.0,0.0,0.0,0.0,0.0,0.0,0.0,0.0,0.0,0.0,0.0,0.0,0.0,0.0,0,0,0,0,0,0,0,0,0,0,0,1,0,0,1,0,0
798129208,23.270967,23.548933,0.0,0.008822606,-1.0,1.1486793,0.3120559,1.0701121,nan,6,3.924822,3.924822,3.924822,3.924822,3.924822,3.924822,0.0,0.0,0.0,0.0,0.0,0.0,0.0,0.0,0.0,0.0,0.0,0.0,0.0,0.0,0,0,0,0,0,0,0,0,0,0,0,1,0,0,1,0,0
798328974,23.216282,23.543766,0.0,0.011868453,-1.0,1.1496756,0.3099025,1.070347,nan,6,3.923961,3.923961,3.923961,3.923961,3.923961,3.923961,0.0,0.0,0.0,0.0,0.0,0.0,0.0,0.0,0.0,0.0,0.0,0.0,0.0,0.0,0,0,0,0,0,0,0,0,0,0,0,1,0,0,1,0,0
798529999,23.141546,23.549328,0.0,0.011301354,-1.0,1.1502488,0.31221992,1.0700942,nan,6,3.924888,3.924888,3.924888,3.924888,3.924888,3.924888,0.0,0.0,0.0,0.0,0.0,0.0,0.0,0.0,0.0,0.0,0.0,0.0,0.0,0.0,0,0,0,0,0,0,0,0,0,0,0,1,0,0,1,0,0
798738878,23.22175,23.547752,0.0,0.012056402,-1.0,1.1510152,0.3115638,1.0701658,nan,6,3.9246254,3.9246254,3.9246254,3.9246254,3.9246254,3.9246254,0.0,0.0,0.0,0.0,0.0,0.0,0.0,0.0,0.0,0.0,0.0,0.0,0.0,0.0,0,0,0,0,0,0,0,0,0,0,0,1,0,0,1,0,0
798928878,23.89528,23.54082,0.062262498,0.012323956,-1.0,1.1516877,0.3086751,1.070481,nan,6,3.9234698,3.9234698,3.9234698,3.9234698,3.9234698,3.9234698,0.0,0.0,0.0,0.0,0.0,0.0,0.0,0.0,0.0,0.0,0.0,0.0,0.0,0.0,0,0,0,0,0,0,0,0,0,0,0,1,0,0,1,0,0
799128891,23.556236,23.54264,0.0,0.01056141,-1.0,1.1521202,0.30943424,1.0703981,nan,6,3.9237735,3.9237735,3.9237735,3.9237735,3.9237735,3.9237735,0.0,0.0,0.0,0.0,0.0,0.0,0.0,0.0,0.0,0.0,0.0,0.0,0.0,0.0,0,0,0,0,0,0,0,0,0,0,0,1,0,0,1,0,0
799328877,23.588137,23.569046,0.0,0.0071075265,-1.0,1.1521202,0.32043582,1.069199,nan,6,3.9281743,3.9281743,3.9281743,3.9281743,3.9281743,3.9281743,0.0,0.0,0.0,0.0,0.0,0.0,0.0,0.0,0.0,0.0,0.0,0.0,0.0,0.0,0,0,0,0,0,0,0,0,0,0,0,1,0,0,1,0,0
799528892,23.196232,23.571035,0.0,0.009793669,-1.0,1.1531324,0.32126456,1.0691087,nan,6,3.928506,3.928506,3.928506,3.928506,3.928506,3.928506,0.0,0.0,0.0,0.0,0.0,0.0,0.0,0.0,0.0,0.0,0.0,0.0,0.0,0.0,0,0,0,0,0,0,0,0,0,0,0,1,0,0,1,0,0
799728880,23.325651,23.563166,0.0,0.008087567,-1.0,1.1534122,0.31798583,1.0694658,nan,6,3.9271944,3.9271944,3.9271944,3.9271944,3.9271944,3.9271944,0.0,0.0,0.0,0.0,0.0,0.0,0.0,0.0,0.0,0.0,0.0,0.0,0.0,0.0,0,0,0,0,0,0,0,0,0,0,0,1,0,0,1,0,0
799928878,23.458715,23.550856,0.0,0.00586171,-1.0,1.1534986,0.31285697,1.0700247,nan,6,3.9251425,3.9251425,3.9251425,3.9251425,3.9251425,3.9251425,0.0,0.0,0.0,0.0,0.0,0.0,0.0,0.0,0.0,0.0,0.0,0.0,0.0,0.0,0,0,0,0,0,0,0,0,0,0,0,1,0,0,1,0,0
800139421,23.90166,23.56983,0.0,0.0038674152,-1.0,1.1534986,0.32076293,1.0691633,nan,6,3.928305,3.928305,3.928305,3.928305,3.928305,3.928305,0.0,0.0,0.0,0.0,0.0,0.0,0.0,0.0,0.0,0.0,0.0,0.0,0.0,0.0,0,0,0,0,0,0,0,0,0,0,0,1,0,0,1,0,0
800338879,23.878876,23.57086,0.0,0.0026026596,-1.0,1.1534986,0.3211921,1.0691166,nan,6,3.9284766,3.9284766,3.9284766,3.9284766,3.9284766,3.9284766,0.0,0.0,0.0,0.0,0.0,0.0,0.0,0.0,0.0,0.0,0.0,0.0,0.0,0.0,0,0,0,0,0,0,0,0,0,0,0,1,0,0,1,0,0
800540673,23.333855,23.545347,0.0,0.0017515154,-1.0,1.1534986,0.31056148,1.0702751,nan,6,3.9242246,3.9242246,3.9242246,3.9242246,3.9242246,3.9242246,0.0,0.0,0.0,0.0,0.0,0.0,0.0,0.0,0.0,0.0,0.0,0.0,0.0,0.0,0,0,0,0,0,0,0,0,0,0,0,1,0,0,1,0,0
800929462,23.167978,23.50098,0.0,0.00080910936,-1.0,1.1534986,0.29207546,1.0722957,nan,6,3.91683,3.91683,3.91683,3.91683,3.91683,3.91683,0.0,0.0,0.0,0.0,0.0,0.0,0.0,0.0,0.0,0.0,0.0,0.0,0.0,0.0,0,0,0,0,0,0,0,0,0,0,0,1,0,0,1,0,1
801328876,23.257296,23.524065,0.0,0.0064100935,-1.0,1.1549652,0.3016942,1.0712433,nan,6,3.9206774,3.9206774,3.9206774,3.9206774,3.9206774,3.9206774,0.0,0.0,0.0,0.0,0.0,0.0,0.0,0.0,0.0,0.0,0.0,0.0,0.0,0.0,0,0,0,0,0,0,0,0,0,0,0,1,0,0,1,0,0
801538877,23.045849,23.49954,0.0,0.0042292248,-1.0,1.1549652,0.2914756,1.0723614,nan,6,3.91659,3.91659,3.91659,3.91659,3.91659,3.91659,0.0,0.0,0.0,0.0,0.0,0.0,0.0,0.0,0.0,0.0,0.0,0.0,0.0,0.0,0,0,0,0,0,0,0,0,0,0,0,1,0,0,1,0,1
801738878,23.71938,23.518053,0.0,0.0035898043,-1.0,1.1551136,0.2991889,1.0715172,nan,6,3.9196756,3.9196756,3.9196756,3.9196756,3.9196756,3.9196756,0.0,0.0,0.0,0.0,0.0,0.0,0.0,0.0,0.0,0.0,0.0,0.0,0.0,0.0,0,0,0,0,0,0,0,0,0,0,0,1,0,0,1,0,1
801928885,23.47421,23.569542,0.0,0.010074498,-1.0,1.1565018,0.32064277,1.0691764,nan,6,3.928257,3.928257,3.928257,3.928257,3.928257,3.928257,0.0,0.0,0.0,0.0,0.0,0.0,0.0,0.0,0.0,0.0,0.0,0.0,0.0,0.0,0,0,0,0,0,0,0,0,0,0,0,1,0,0,1,0,0
802129581,23.256386,23.610487,0.0,0.0067798495,-1.0,1.1565018,0.33770305,1.0673224,nan,6,3.9350812,3.9350812,3.9350812,3.9350812,3.9350812,3.9350812,0.0,0.0,0.0,0.0,0.0,0.0,0.0,0.0,0.0,0.0,0.0,0.0,0.0,0.0,0,0,0,0,0,0,0,0,0,0,0,1,0,0,1,0,0
802328878,23.015774,23.589197,0.0,0.007915042,-1.0,1.1571059,0.32883197,1.0682856,nan,6,3.9315329,3.9315329,3.9315329,3.9315329,3.9315329,3.9315329,0.0,0.0,0.0,0.0,0.0,0.0,0.0,0.0,0.0,0.0,0.0,0.0,0.0,0.0,0,0,0,0,0,0,0,0,0,0,0,1,0,0,1,0,0
802529403,23.13699,23.565193,0.0,0.012396619,-1.0,1.1583661,0.3188308,1.0693737,nan,6,3.9275322,3.9275322,3.9275322,3.9275322,3.9275322,3.9275322,0.0,0.0,0.0,0.0,0.0,0.0,0.0,0.0,0.0,0.0,0.0,0.0,0.0,0.0,0,0,0,0,0,0,0,0,0,0,0,1,0,0,1,0,0
802728876,23.01395,23.558445,0.0,0.015659187,-1.0,1.1596174,0.31601936,1.0696801,nan,6,3.9264076,3.9264076,3.9264076,3.9264076,3.9264076,3.9264076,0.0,0.0,0.0,0.0,0.0,0.0,0.0,0.0,0.0,0.0,0.0,0.0,0.0,0.0,0,0,0,0,0,0,0,0,0,0,0,1,0,0,1,0,0
802938876,23.088686,23.548964,0.0,0.011243965,-1.0,1.1597903,0.31206828,1.0701107,nan,6,3.9248273,3.9248273,3.9248273,3.9248273,3.9248273,3.9248273,0.0,0.0,0.0,0.0,0.0,0.0,0.0,0.0,0.0,0.0,0.0,0.0,0.0,0.0,0,0,0,0,0,0,0,0,0,0,0,1,0,0,1,0,0
803138878,23.446869,23.54514,0.0,0.008223306,-1.0,1.1598988,0.3104747,1.0702846,nan,6,3.9241898,3.9241898,3.9241898,3.9241898,3.9241898,3.9241898,0.0,0.0,0.0,0.0,0.0,0.0,0.0,0.0,0.0,0.0,0.0,0.0,0.0,0.0,0,0,0,0,0,0,0,0,0,0,0,1,0,0,1,0,0
803329275,23.70571,23.546547,0.0,0.019899413,-1.0,1.162783,0.3110612,1.0702206,nan,6,3.9244244,3.9244244,3.9244244,3.9244244,3.9244244,3.9244244,0.0,0.0,0.0,0.0,0.0,0.0,0.0,0.0,0.0,0.0,0.0,0.0,0.0,0.0,0,0,0,0,0,0,0,0,0,0,0,1,0,0,1,0,0
803528986,22.88453,23.53868,0.0,0.014017635,-1.0,1.1629095,0.30778342,1.0705782,nan,6,3.923113,3.923113,3.923113,3.923113,3.923113,3.923113,0.0,0.0,0.0,0.0,0.0,0.0,0.0,0.0,0.0,0.0,0.0,0.0,0.0,0.0,0,0,0,0,0,0,0,0,0,0,0,1,0,0,1,0,0
803729370,23.364841,23.540302,0.0,0.018911961,-1.0,1.1645197,0.30845958,1.0705044,nan,6,3.9233837,3.9233837,3.9233837,3.9233837,3.9233837,3.9233837,0.0,0.0,0.0,0.0,0.0,0.0,0.0,0.0,0.0,0.0,0.0,0.0,0.0,0.0,0,0,0,0,0,0,0,0,0,0,0,1,0,0,1,0,0
803929009,23.960903,23.541779,0.0,0.018463265,-1.0,1.1656135,0.3090747,1.0704373,nan,6,3.9236298,3.9236298,3.9236298,3.9236298,3.9236298,3.9236298,0.0,0.0,0.0,0.0,0.0,0.0,0.0,0.0,0.0,0.0,0.0,0.0,0.0,0.0,0,0,0,0,0,0,0,0,0,0,0,1,0,0,1,0,0
804128879,23.70115,23.547354,0.0,0.014159893,-1.0,1.1659179,0.31139785,1.0701839,nan,6,3.9245589,3.9245589,3.9245589,3.9245589,3.9245589,3.9245589,0.0,0.0,0.0,0.0,0.0,0.0,0.0,0.0,0.0,0.0,0.0,0.0,0.0,0.0,0,0,0,0,0,0,0,0,0,0,0,1,0,0,1,0,0
804339419,23.702974,23.568655,0.0,0.012319146,-1.0,1.1663752,0.32027274,1.0692167,nan,6,3.9281092,3.9281092,3.9281092,3.9281092,3.9281092,3.9281092,0.0,0.0,0.0,0.0,0.0,0.0,0.0,0.0,0.0,0.0,0.0,0.0,0.0,0.0,0,0,0,0,0,0,0,0,0,0,0,1,0,0,1,0,0
804539093,23.742165,23.578001,0.0,0.014907246,-1.0,1.167727,0.32416755,1.0687928,nan,6,3.9296668,3.9296668,3.9296668,3.9296668,3.9296668,3.9296668,0.0,0.0,0.0,0.0,0.0,0.0,0.0,0.0,0.0,0.0,0.0,0.0,0.0,0.0,0,0,0,0,0,0,0,0,0,0,0,1,0,0,1,0,0
804728883,23.812344,23.559542,0.0,0.010232793,-1.0,1.167727,0.31647617,1.0696303,nan,6,3.9265902,3.9265902,3.9265902,3.9265902,3.9265902,3.9265902,0.0,0.0,0.0,0.0,0.0,0.0,0.0,0.0,0.0,0.0,0.0,0.0,0.0,0.0,0,0,0,0,0,0,0,0,0,0,0,1,0,0,1,0,0
804928877,23.906218,23.558104,0.0,0.019335696,-1.0,1.1698343,0.3158763,1.0696956,nan,6,3.9263506,3.9263506,3.9263506,3.9263506,3.9263506,3.9263506,0.0,0.0,0.0,0.0,0.0,0.0,0.0,0.0,0.0,0.0,0.0,0.0,0.0,0.0,0,0,0,0,0,0,0,0,0,0,0,1,0,0,1,0,0
805128877,23.140636,23.545221,0.0,0.017556123,-1.0,1.1707258,0.31050903,1.0702808,nan,6,3.9242036,3.9242036,3.9242036,3.9242036,3.9242036,3.9242036,0.0,0.0,0.0,0.0,0.0,0.0,0.0,0.0,0.0,0.0,0.0,0.0,0.0,0.0,0,0,0,0,0,0,0,0,0,0,0,1,0,0,1,0,0
805328877,22.996634,23.523783,0.0,0.022204842,-1.0,1.1723533,0.30157596,1.0712563,nan,6,3.9206305,3.9206305,3.9206305,3.9206305,3.9206305,3.9206305,0.0,0.0,0.0,0.0,0.0,0.0,0.0,0.0,0.0,0.0,0.0,0.0,0.0,0.0,0,0,0,0,0,0,0,0,0,0,0,1,0,0,1,0,0
805528877,23.083218,23.529417,0.0,0.017109392,-1.0,1.1726887,0.3039239,1.0709997,nan,6,3.9215696,3.9215696,3.9215696,3.9215696,3.9215696,3.9215696,0.0,0.0,0.0,0.0,0.0,0.0,0.0,0.0,0.0,0.0,0.0,0.0,0.0,0.0,0,0,0,0,0,0,0,0,0,0,0,1,0,0,1,0,0
805738876,22.900936,23.522835,0.0,0.015794322,-1.0,1.173342,0.30118114,1.0712994,nan,6,3.9204724,3.9204724,3.9204724,3.9204724,3.9204724,3.9204724,0.0,0.0,0.0,0.0,0.0,0.0,0.0,0.0,0.0,0.0,0.0,0.0,0.0,0.0,0,0,0,0,0,0,0,0,0,0,0,1,0,0,1,0,0
805939290,23.55806,23.501276,0.0,0.012766139,-1.0,1.1737192,0.29219848,1.0722821,nan,6,3.9168794,3.9168794,3.9168794,3.9168794,3.9168794,3.9168794,0.0,0.0,0.0,0.0,0.0,0.0,0.0,0.0,0.0,0.0,0.0,0.0,0.0,0.0,0,0,0,0,0,0,0,0,0,0,0,1,0,0,1,0,1
806140725,23.586313,23.464388,0.0,0.008591246,-1.0,1.1737192,0.2768281,1.0739679,nan,6,3.9107313,3.9107313,3.9107313,3.9107313,3.9107313,3.9107313,0.0,0.0,0.0,0.0,0.0,0.0,0.0,0.0,0.0,0.0,0.0,0.0,0.0,0.0,0,0,0,0,0,0,0,0,0,0,0,1,0,0,1,0,1
806330567,23.502466,23.462717,0.0,0.006174868,-1.0,1.173776,0.27613193,1.0740445,nan,6,3.9104528,3.9104528,3.9104528,3.9104528,3.9104528,3.9104528,0.0,0.0,0.0,0.0,0.0,0.0,0.0,0.0,0.0,0.0,0.0,0.0,0.0,0.0,0,0,0,0,0,0,0,0,0,0,0,1,0,0,1,0,1
806530203,23.214458,23.443905,0.0,0.0077468306,-1.0,1.1742516,0.26829368,1.0749062,nan,6,3.9073174,3.9073174,3.9073174,3.9073174,3.9073174,3.9073174,0.0,0.0,0.0,0.0,0.0,0.0,0.0,0.0,0.0,0.0,0.0,0.0,0.0,0.0,0,0,0,0,0,0,0,0,0,0,0,1,0,0,1,0,1
806728878,22.799768,23.444324,0.0,0.01635978,-1.0,1.1760708,0.26846915,1.0748869,nan,6,3.9073875,3.9073875,3.9073875,3.9073875,3.9073875,3.9073875,0.0,0.0,0.0,0.0,0.0,0.0,0.0,0.0,0.0,0.0,0.0,0.0,0.0,0.0,0,0,0,0,0,0,0,0,0,0,0,1,0,0,1,0,1
806928881,23.484238,23.442287,0.0,0.018381264,-1.0,1.1773826,0.26762038,1.0749804,nan,6,3.907048,3.907048,3.907048,3.907048,3.907048,3.907048,0.0,0.0,0.0,0.0,0.0,0.0,0.0,0.0,0.0,0.0,0.0,0.0,0.0,0.0,0,0,0,0,0,0,0,0,0,0,0,1,0,0,1,0,1
807128877,23.392183,23.423777,0.0,0.019300267,-1.0,1.178578,0.25990707,1.0758299,nan,6,3.9039629,3.9039629,3.9039629,3.9039629,3.9039629,3.9039629,0.0,0.0,0.0,0.0,0.0,0.0,0.0,0.0,0.0,0.0,0.0,0.0,0.0,0.0,0,0,0,0,0,0,0,0,0,0,0,1,0,0,1,0,1
807338878,23.671076,23.427277,0.01465,0.013908419,-1.0,1.1788018,0.26136523,1.0756692,nan,6,3.904546,3.904546,3.904546,3.904546,3.904546,3.904546,0.0,0.0,0.0,0.0,0.0,0.0,0.0,0.0,0.0,0.0,0.0,0.0,0.0,0.0,0,0,0,0,0,0,0,0,0,0,0,1,0,0,1,0,1
807528923,22.712275,23.419592,0.0,0.01667538,-1.0,1.179898,0.25816375,1.076022,nan,6,3.9032652,3.9032652,3.9032652,3.9032652,3.9032652,3.9032652,0.0,0.0,0.0,0.0,0.0,0.0,0.0,0.0,0.0,0.0,0.0,0.0,0.0,0.0,0,0,0,0,0,0,0,0,0,0,0,1,0,0,1,0,1
807739719,22.802504,23.406845,0.0,0.014103634,-1.0,1.1805086,0.25285274,1.0766081,nan,6,3.901141,3.901141,3.901141,3.901141,3.901141,3.901141,0.0,0.0,0.0,0.0,0.0,0.0,0.0,0.0,0.0,0.0,0.0,0.0,0.0,0.0,0,0,0,0,0,0,0,0,0,0,0,1,0,0,1,0,1
807939751,23.69477,23.400894,0.01281875,0.022820778,-1.0,1.1826648,0.25037318,1.0768819,nan,6,3.900149,3.900149,3.900149,3.900149,3.900149,3.900149,0.0,0.0,0.0,0.0,0.0,0.0,0.0,0.0,0.0,0.0,0.0,0.0,0.0,0.0,0,0,0,0,0,0,0,0,0,0,0,1,0,0,1,0,1
808129488,22.801592,23.368378,0.0,0.040710807,-1.0,1.1875948,0.23682435,1.0783803,nan,6,3.8947296,3.8947296,3.8947296,3.8947296,3.8947296,3.8947296,0.0,0.0,0.0,0.0,0.0,0.0,0.0,0.0,0.0,0.0,0.0,0.0,0.0,0.0,0,0,0,0,0,0,0,0,0,0,0,1,0,0,1,0,1
808328914,23.857914,23.381716,0.0,0.033532623,-1.0,1.1887323,0.24238141,1.0777652,nan,6,3.8969526,3.8969526,3.8969526,3.8969526,3.8969526,3.8969526,0.0,0.0,0.0,0.0,0.0,0.0,0.0,0.0,0.0,0.0,0.0,0.0,0.0,0.0,0,0,0,0,0,0,0,0,0,0,0,1,0,0,1,0,1
808539109,23.139723,23.38541,0.0,0.02712409,-1.0,1.1899117,0.2439216,1.0775949,nan,6,3.8975685,3.8975685,3.8975685,3.8975685,3.8975685,3.8975685,0.0,0.0,0.0,0.0,0.0,0.0,0.0,0.0,0.0,0.0,0.0,0.0,0.0,0.0,0,0,0,0,0,0,0,0,0,0,0,1,0,0,1,0,1
808739133,23.211725,23.38677,0.0,0.026948413,-1.0,1.1914603,0.24448808,1.0775322,nan,6,3.897795,3.897795,3.897795,3.897795,3.897795,3.897795,0.0,0.0,0.0,0.0,0.0,0.0,0.0,0.0,0.0,0.0,0.0,0.0,0.0,0.0,0,0,0,0,0,0,0,0,0,0,0,1,0,0,1,0,1
808938879,23.032177,23.370043,0.0,0.018362008,-1.0,1.1914915,0.23751767,1.0783036,nan,6,3.8950071,3.8950071,3.8950071,3.8950071,3.8950071,3.8950071,0.0,0.0,0.0,0.0,0.0,0.0,0.0,0.0,0.0,0.0,0.0,0.0,0.0,0.0,0,0,0,0,0,0,0,0,0,0,0,1,0,0,1,0,1
809128876,23.581757,23.37801,0.0,0.014982481,-1.0,1.1919188,0.24083741,1.077936,nan,6,3.896335,3.896335,3.896335,3.896335,3.896335,3.896335,0.0,0.0,0.0,0.0,0.0,0.0,0.0,0.0,0.0,0.0,0.0,0.0,0.0,0.0,0,0,0,0,0,0,0,0,0,0,0,1,0,0,1,0,1
809328877,23.827837,23.379015,0.0,0.01657406,-1.0,1.1930535,0.24125607,1.0778898,nan,6,3.8965025,3.8965025,3.8965025,3.8965025,3.8965025,3.8965025,0.0,0.0,0.0,0.0,0.0,0.0,0.0,0.0,0.0,0.0,0.0,0.0,0.0,0.0,0,0,0,0,0,0,0,0,0,0,0,1,0,0,1,0,1
809528881,23.419525,23.376726,0.0,0.015620199,-1.0,1.193725,0.2403024,1.0779953,nan,6,3.896121,3.896121,3.896121,3.896121,3.896121,3.896121,0.0,0.0,0.0,0.0,0.0,0.0,0.0,0.0,0.0,0.0,0.0,0.0,0.0,0.0,0,0,0,0,0,0,0,0,0,0,0,1,0,0,1,0,1
809728881,22.901848,23.37322,0.0,0.02565115,-1.0,1.1962382,0.23884232,1.0781568,nan,6,3.8955367,3.8955367,3.8955367,3.8955367,3.8955367,3.8955367,0.0,0.0,0.0,0.0,0.0,0.0,0.0,0.0,0.0,0.0,0.0,0.0,0.0,0.0,0,0,0,0,0,0,0,0,0,0,0,1,0,0,1,0,1
809928877,23.342056,23.361408,0.0,0.017296327,-1.0,1.1962433,0.23392041,1.0787021,nan,6,3.893568,3.893568,3.893568,3.893568,3.893568,3.893568,0.0,0.0,0.0,0.0,0.0,0.0,0.0,0.0,0.0,0.0,0.0,0.0,0.0,0.0,0,0,0,0,0,0,0,0,0,0,0,1,0,0,1,0,1
810140068,23.003925,23.36359,0.0,0.0114116995,-1.0,1.1962433,0.23482926,1.0786014,nan,6,3.8939316,3.8939316,3.8939316,3.8939316,3.8939316,3.8939316,0.0,0.0,0.0,0.0,0.0,0.0,0.0,0.0,0.0,0.0,0.0,0.0,0.0,0.0,0,0,0,0,0,0,0,0,0,0,0,1,0,0,1,0,1
810331210,22.52817,23.340475,0.0,0.0109207835,-1.0,1.1967067,0.2251981,1.0796695,nan,6,3.8900793,3.8900793,3.8900793,3.8900793,3.8900793,3.8900793,0.0,0.0,0.0,0.0,0.0,0.0,0.0,0.0,0.0,0.0,0.0,0.0,0.0,0.0,0,0,0,0,0,0,0,0,0,0,0,1,0,0,1,0,1
810529252,22.87086,23.343365,0.0,0.014693844,-1.0,1.1981177,0.2264026,1.0795358,nan,6,3.8905609,3.8905609,3.8905609,3.8905609,3.8905609,3.8905609,0.0,0.0,0.0,0.0,0.0,0.0,0.0,0.0,0.0,0.0,0.0,0.0,0.0,0.0,0,0,0,0,0,0,0,0,0,0,0,1,0,0,1,0,1
810741330,23.55715,23.316755,0.0,0.010617801,-1.0,1.1983293,0.21531518,1.0807678,nan,6,3.8861258,3.8861258,3.8861258,3.8861258,3.8861258,3.8861258,0.0,0.0,0.0,0.0,0.0,0.0,0.0,0.0,0.0,0.0,0.0,0.0,0.0,0.0,0,0,0,0,0,0,0,0,0,0,0,1,0,0,1,0,1
810929192,23.225397,23.305328,0.0,0.009330151,-1.0,1.1986194,0.21055348,1.0812978,nan,6,3.8842213,3.8842213,3.8842213,3.8842213,3.8842213,3.8842213,0.0,0.0,0.0,0.0,0.0,0.0,0.0,0.0,0.0,0.0,0.0,0.0,0.0,0.0,0,0,0,0,0,0,0,0,0,0,0,1,0,0,1,0,1
811129370,23.414968,23.31622,0.0,0.007866503,-1.0,1.198841,0.21509202,1.0807927,nan,6,3.8860366,3.8860366,3.8860366,3.8860366,3.8860366,3.8860366,0.0,0.0,0.0,0.0,0.0,0.0,0.0,0.0,0.0,0.0,0.0,0.0,0.0,0.0,0,0,0,0,0,0,0,0,0,0,0,1,0,0,1,0,1
811339833,23.828749,23.323486,0.0,0.006360283,-1.0,1.199044,0.21811993,1.0804559,nan,6,3.8872478,3.8872478,3.8872478,3.8872478,3.8872478,3.8872478,0.0,0.0,0.0,0.0,0.0,0.0,0.0,0.0,0.0,0.0,0.0,0.0,0.0,0.0,0,0,0,0,0,0,0,0,0,0,0,1,0,0,1,0,1
811538881,22.748732,23.332901,0.0,0.0057676025,-1.0,1.1993244,0.2220424,1.08002,nan,6,3.8888168,3.8888168,3.8888168,3.8888168,3.8888168,3.8888168,0.0,0.0,0.0,0.0,0.0,0.0,0.0,0.0,0.0,0.0,0.0,0.0,0.0,0.0,0,0,0,0,0,0,0,0,0,0,0,1,0,0,1,0,1
811728877,23.44231,23.3469,0.0,0.0145000415,-1.0,1.2014142,0.22787602,1.0793723,nan,6,3.8911502,3.8911502,3.8911502,3.8911502,3.8911502,3.8911502,0.0,0.0,0.0,0.0,0.0,0.0,0.0,0.0,0.0,0.0,0.0,0.0,0.0,0.0,0,0,0,0,0,0,0,0,0,0,0,1,0,0,1,0,1
811939263,23.326563,23.356243,0.0,0.040808413,-1.0,1.2065887,0.23176797,1.0789406,nan,6,3.892707,3.892707,3.892707,3.892707,3.892707,3.892707,0.0,0.0,0.0,0.0,0.0,0.0,0.0,0.0,0.0,0.0,0.0,0.0,0.0,0.0,0,0,0,0,0,0,0,0,0,0,0,1,0,0,1,0,1
812129765,24.001003,23.363386,0.1281875,0.038222376,-1.0,1.2081455,0.23474438,1.0786107,nan,6,3.8938978,3.8938978,3.8938978,3.8938978,3.8938978,3.8938978,0.0,0.0,0.0,0.0,0.0,0.0,0.0,0.0,0.0,0.0,0.0,0.0,0.0,0.0,0,0,0,0,0,0,0,0,0,0,0,1,0,0,1,0,1
812328879,23.832394,23.378603,0.0,0.025722573,-1.0,1.2081455,0.24108441,1.0779088,nan,6,3.8964338,3.8964338,3.8964338,3.8964338,3.8964338,3.8964338,0.0,0.0,0.0,0.0,0.0,0.0,0.0,0.0,0.0,0.0,0.0,0.0,0.0,0.0,0,0,0,0,0,0,0,0,0,0,0,1,0,0,1,0,1
812529141,23.475122,23.372677,0.0,0.028416673,-1.0,1.2099715,0.23861535,1.078182,nan,6,3.895446,3.895446,3.895446,3.895446,3.895446,3.895446,0.0,0.0,0.0,0.0,0.0,0.0,0.0,0.0,0.0,0.0,0.0,0.0,0.0,0.0,0,0,0,0,0,0,0,0,0,0,0,1,0,0,1,0,1
812738974,23.521605,23.430273,0.0,0.079398185,-1.0,1.2199194,0.2626136,1.0755316,nan,6,3.9050455,3.9050455,3.9050455,3.9050455,3.9050455,3.9050455,0.0,0.0,0.0,0.0,0.0,0.0,0.0,0.0,0.0,0.0,0.0,0.0,0.0,0.0,0,0,0,0,0,0,0,0,0,0,0,1,0,0,1,0,1
812938877,23.885256,23.425165,0.038456246,0.057143934,-1.0,1.2205806,0.26048595,1.0757661,nan,6,3.904194,3.904194,3.904194,3.904194,3.904194,3.904194,0.0,0.0,0.0,0.0,0.0,0.0,0.0,0.0,0.0,0.0,0.0,0.0,0.0,0.0,0,0,0,0,0,0,0,0,0,0,0,1,0,0,1,0,1
813128877,22.643007,23.39919,0.0,0.041357014,-1.0,1.220901,0.24966271,1.0769603,nan,6,3.8998652,3.8998652,3.8998652,3.8998652,3.8998652,3.8998652,0.0,0.0,0.0,0.0,0.0,0.0,0.0,0.0,0.0,0.0,0.0,0.0,0.0,0.0,0,0,0,0,0,0,0,0,0,0,0,1,0,0,1,0,1
813328877,23.200788,23.393963,0.0,0.029717626,-1.0,1.2212825,0.24748452,1.077201,nan,6,3.8989937,3.8989937,3.8989937,3.8989937,3.8989937,3.8989937,0.0,0.0,0.0,0.0,0.0,0.0,0.0,0.0,0.0,0.0,0.0,0.0,0.0,0.0,0,0,0,0,0,0,0,0,0,0,0,1,0,0,1,0,1
813528878,23.773151,23.39785,0.0,0.046916064,-1.0,1.2259803,0.24910481,1.077022,nan,6,3.8996418,3.8996418,3.8996418,3.8996418,3.8996418,3.8996418,0.0,0.0,0.0,0.0,0.0,0.0,0.0,0.0,0.0,0.0,0.0,0.0,0.0,0.0,0,0,0,0,0,0,0,0,0,0,0,1,0,0,1,0,1
813728879,23.869762,23.395868,0.032962497,0.033552885,-1.0,1.2262614,0.24827893,1.0771132,nan,6,3.8993113,3.8993113,3.8993113,3.8993113,3.8993113,3.8993113,0.0,0.0,0.0,0.0,0.0,0.0,0.0,0.0,0.0,0.0,0.0,0.0,0.0,0.0,0,0,0,0,0,0,0,0,0,0,0,1,0,0,1,0,1
813929861,22.835314,23.391127,0.0,0.024365647,-1.0,1.2265725,0.24630292,1.0773315,nan,6,3.8985212,3.8985212,3.8985212,3.8985212,3.8985212,3.8985212,0.0,0.0,0.0,0.0,0.0,0.0,0.0,0.0,0.0,0.0,0.0,0.0,0.0,0.0,0,0,0,0,0,0,0,0,0,0,0,1,0,0,1,0,1
814138913,23.19532,23.409351,0.0,0.028990284,-1.0,1.2286315,0.253897,1.0764928,nan,6,3.9015586,3.9015586,3.9015586,3.9015586,3.9015586,3.9015586,0.0,0.0,0.0,0.0,0.0,0.0,0.0,0.0,0.0,0.0,0.0,0.0,0.0,0.0,0,0,0,0,0,0,0,0,0,0,0,1,0,0,1,0,1
814338877,23.120584,23.431269,0.0,0.028425394,-1.0,1.2304027,0.26302844,1.075486,nan,6,3.9052114,3.9052114,3.9052114,3.9052114,3.9052114,3.9052114,0.0,0.0,0.0,0.0,0.0,0.0,0.0,0.0,0.0,0.0,0.0,0.0,0.0,0.0,0,0,0,0,0,0,0,0,0,0,0,1,0,0,1,0,1
814538878,23.436844,23.437325,0.0,0.01912948,-1.0,1.2304027,0.26555187,1.0752081,nan,6,3.9062207,3.9062207,3.9062207,3.9062207,3.9062207,3.9062207,0.0,0.0,0.0,0.0,0.0,0.0,0.0,0.0,0.0,0.0,0.0,0.0,0.0,0.0,0,0,0,0,0,0,0,0,0,0,0,1,0,0,1,0,1
814728876,23.207169,23.444971,0.0,0.015751682,-1.0,1.2308044,0.2687381,1.0748574,nan,6,3.9074953,3.9074953,3.9074953,3.9074953,3.9074953,3.9074953,0.0,0.0,0.0,0.0,0.0,0.0,0.0,0.0,0.0,0.0,0.0,0.0,0.0,0.0,0,0,0,0,0,0,0,0,0,0,0,1,0,0,1,0,1
814928877,23.18165,23.454905,0.0,0.013205355,-1.0,1.2312369,0.27287704,1.0744021,nan,6,3.9091508,3.9091508,3.9091508,3.9091508,3.9091508,3.9091508,0.0,0.0,0.0,0.0,0.0,0.0,0.0,0.0,0.0,0.0,0.0,0.0,0.0,0.0,0,0,0,0,0,0,0,0,0,0,0,1,0,0,1,0,1
815128881,23.747633,23.470594,0.0,0.010069862,-1.0,1.2314252,0.27941447,1.0736839,nan,6,3.9117658,3.9117658,3.9117658,3.9117658,3.9117658,3.9117658,0.0,0.0,0.0,0.0,0.0,0.0,0.0,0.0,0.0,0.0,0.0,0.0,0.0,0.0,0,0,0,0,0,0,0,0,0,0,0,1,0,0,1,0,1
815328881,23.26641,23.47409,0.0,0.0143235475,-1.0,1.2327324,0.2808717,1.073524,nan,6,3.9123485,3.9123485,3.9123485,3.9123485,3.9123485,3.9123485,0.0,0.0,0.0,0.0,0.0,0.0,0.0,0.0,0.0,0.0,0.0,0.0,0.0,0.0,0,0,0,0,0,0,0,0,0,0,0,1,0,0,1,0,1
815538901,23.793203,23.46302,0.0,0.009450332,-1.0,1.2327324,0.27625877,1.0740305,nan,6,3.9105034,3.9105034,3.9105034,3.9105034,3.9105034,3.9105034,0.0,0.0,0.0,0.0,0.0,0.0,0.0,0.0,0.0,0.0,0.0,0.0,0.0,0.0,0,0,0,0,0,0,0,0,0,0,0,1,0,0,1,0,1
815738877,23.5772,23.481571,0.0,0.007171023,-1.0,1.2328782,0.2839883,1.073182,nan,6,3.9135952,3.9135952,3.9135952,3.9135952,3.9135952,3.9135952,0.0,0.0,0.0,0.0,0.0,0.0,0.0,0.0,0.0,0.0,0.0,0.0,0.0,0.0,0,0,0,0,0,0,0,0,0,0,0,1,0,0,1,0,1
815938901,23.408588,23.481922,0.0,0.008458249,-1.0,1.2335705,0.2841342,1.073166,nan,6,3.9136536,3.9136536,3.9136536,3.9136536,3.9136536,3.9136536,0.0,0.0,0.0,0.0,0.0,0.0,0.0,0.0,0.0,0.0,0.0,0.0,0.0,0.0,0,0,0,0,0,0,0,0,0,0,0,1,0,0,1,0,1
816140026,23.814165,23.478384,0.0,0.013336517,-1.0,1.234758,0.28265983,1.0733277,nan,6,3.913064,3.913064,3.913064,3.913064,3.913064,3.913064,0.0,0.0,0.0,0.0,0.0,0.0,0.0,0.0,0.0,0.0,0.0,0.0,0.0,0.0,0,0,0,0,0,0,0,0,0,0,0,1,0,0,1,0,1
816331205,23.823278,23.47592,0.0,0.027973069,-1.0,1.2379562,0.28163368,1.0734403,nan,6,3.9126532,3.9126532,3.9126532,3.9126532,3.9126532,3.9126532,0.0,0.0,0.0,0.0,0.0,0.0,0.0,0.0,0.0,0.0,0.0,0.0,0.0,0.0,0,0,0,0,0,0,0,0,0,0,0,1,0,0,1,0,1
816530031,22.719566,23.43761,0.0,0.018825071,-1.0,1.2379562,0.26567107,1.075195,nan,6,3.9062684,3.9062684,3.9062684,3.9062684,3.9062684,3.9062684,0.0,0.0,0.0,0.0,0.0,0.0,0.0,0.0,0.0,0.0,0.0,0.0,0.0,0.0,0,0,0,0,0,0,0,0,0,0,0,1,0,0,1,0,1
816728898,22.828934,23.431086,0.0,0.013840497,-1.0,1.2381545,0.26295215,1.0754944,nan,6,3.905181,3.905181,3.905181,3.905181,3.905181,3.905181,0.0,0.0,0.0,0.0,0.0,0.0,0.0,0.0,0.0,0.0,0.0,0.0,0.0,0.0,0,0,0,0,0,0,0,0,0,0,0,1,0,0,1,0,1
816938878,23.146103,23.407745,0.0,0.013169218,-1.0,1.238831,0.25322753,1.0765667,nan,6,3.901291,3.901291,3.901291,3.901291,3.901291,3.901291,0.0,0.0,0.0,0.0,0.0,0.0,0.0,0.0,0.0,0.0,0.0,0.0,0.0,0.0,0,0,0,0,0,0,0,0,0,0,0,1,0,0,1,0,1
817138878,22.739616,23.408922,0.0,0.02054619,-1.0,1.2411634,0.25371772,1.0765126,nan,6,3.901487,3.901487,3.901487,3.901487,3.901487,3.901487,0.0,0.0,0.0,0.0,0.0,0.0,0.0,0.0,0.0,0.0,0.0,0.0,0.0,0.0,0,0,0,0,0,0,0,0,0,0,0,1,0,0,1,0,1
817328881,23.86247,23.405285,0.109875,0.028818527,-1.0,1.243712,0.25220233,1.0766798,nan,6,3.9008808,3.9008808,3.9008808,3.9008808,3.9008808,3.9008808,0.0,0.0,0.0,0.0,0.0,0.0,0.0,0.0,0.0,0.0,0.0,0.0,0.0,0.0,0,0,0,0,0,0,0,0,0,0,0,1,0,0,1,0,1
817528878,22.801592,23.405293,0.0,0.020700261,-1.0,1.2439561,0.2522052,1.0766796,nan,6,3.900882,3.900882,3.900882,3.900882,3.900882,3.900882,0.0,0.0,0.0,0.0,0.0,0.0,0.0,0.0,0.0,0.0,0.0,0.0,0.0,0.0,0,0,0,0,0,0,0,0,0,0,0,1,0,0,1,0,1
817728877,23.663782,23.413818,0.0,0.03249844,-1.0,1.246693,0.25575763,1.0762875,nan,6,3.902303,3.902303,3.902303,3.902303,3.902303,3.902303,0.0,0.0,0.0,0.0,0.0,0.0,0.0,0.0,0.0,0.0,0.0,0.0,0.0,0.0,0,0,0,0,0,0,0,0,0,0,0,1,0,0,1,0,1
817928876,22.92919,23.389961,0.0,0.021870518,-1.0,1.246693,0.2458175,1.0773852,nan,6,3.8983269,3.8983269,3.8983269,3.8983269,3.8983269,3.8983269,0.0,0.0,0.0,0.0,0.0,0.0,0.0,0.0,0.0,0.0,0.0,0.0,0.0,0.0,0,0,0,0,0,0,0,0,0,0,0,1,0,0,1,0,1
818128877,23.436844,23.36942,0.0,0.015105466,-1.0,1.2467535,0.23725827,1.0783323,nan,6,3.8949032,3.8949032,3.8949032,3.8949032,3.8949032,3.8949032,0.0,0.0,0.0,0.0,0.0,0.0,0.0,0.0,0.0,0.0,0.0,0.0,0.0,0.0,0,0,0,0,0,0,0,0,0,0,0,1,0,0,1,0,1
818340618,23.18894,23.36204,0.0,0.0118524935,-1.0,1.2470331,0.23418362,1.0786729,nan,6,3.8936732,3.8936732,3.8936732,3.8936732,3.8936732,3.8936732,0.0,0.0,0.0,0.0,0.0,0.0,0.0,0.0,0.0,0.0,0.0,0.0,0.0,0.0,0,0,0,0,0,0,0,0,0,0,0,1,0,0,1,0,1
818539156,23.513401,23.393105,0.0,0.01351659,-1.0,1.2479148,0.24712689,1.0772405,nan,6,3.8988507,3.8988507,3.8988507,3.8988507,3.8988507,3.8988507,0.0,0.0,0.0,0.0,0.0,0.0,0.0,0.0,0.0,0.0,0.0,0.0,0.0,0.0,0,0,0,0,0,0,0,0,0,0,0,1,0,0,1,0,1
818731010,22.98205,23.377737,0.0,0.014598099,-1.0,1.2486454,0.24072392,1.0779486,nan,6,3.8962896,3.8962896,3.8962896,3.8962896,3.8962896,3.8962896,0.0,0.0,0.0,0.0,0.0,0.0,0.0,0.0,0.0,0.0,0.0,0.0,0.0,0.0,0,0,0,0,0,0,0,0,0,0,0,1,0,0,1,0,1
818928987,22.731413,23.362814,0.0,0.010548866,-1.0,1.2487457,0.23450597,1.0786371,nan,6,3.8938024,3.8938024,3.8938024,3.8938024,3.8938024,3.8938024,0.0,0.0,0.0,0.0,0.0,0.0,0.0,0.0,0.0,0.0,0.0,0.0,0.0,0.0,0,0,0,0,0,0,0,0,0,0,0,1,0,0,1,0,1
819130040,23.749456,23.36244,0.0,0.009329657,-1.0,1.2490889,0.23435052,1.0786544,nan,6,3.89374,3.89374,3.89374,3.89374,3.89374,3.89374,0.0,0.0,0.0,0.0,0.0,0.0,0.0,0.0,0.0,0.0,0.0,0.0,0.0,0.0,0,0,0,0,0,0,0,0,0,0,0,1,0,0,1,0,1
819328876,23.732138,23.352924,0.0,0.012538223,-1.0,1.2500308,0.23038514,1.0790939,nan,6,3.892154,3.892154,3.892154,3.892154,3.892154,3.892154,0.0,0.0,0.0,0.0,0.0,0.0,0.0,0.0,0.0,0.0,0.0,0.0,0.0,0.0,0,0,0,0,0,0,0,0,0,0,0,1,0,0,1,0,1
819529430,23.734875,23.362463,0.007325,0.008581489,-1.0,1.2500483,0.23436005,1.0786533,nan,6,3.8937438,3.8937438,3.8937438,3.8937438,3.8937438,3.8937438,0.0,0.0,0.0,0.0,0.0,0.0,0.0,0.0,0.0,0.0,0.0,0.0,0.0,0.0,0,0,0,0,0,0,0,0,0,0,0,1,0,0,1,0,1
819738892,23.892548,23.388445,0.0,0.01785854,-1.0,1.2524002,0.24518521,1.0774552,nan,6,3.8980742,3.8980742,3.8980742,3.8980742,3.8980742,3.8980742,0.0,0.0,0.0,0.0,0.0,0.0,0.0,0.0,0.0,0.0,0.0,0.0,0.0,0.0,0,0,0,0,0,0,0,0,0,0,0,1,0,0,1,0,1
819938877,23.198965,23.400112,0.0,0.024667338,-1.0,1.254473,0.25004703,1.0769179,nan,6,3.9000187,3.9000187,3.9000187,3.9000187,3.9000187,3.9000187,0.0,0.0,0.0,0.0,0.0,0.0,0.0,0.0,0.0,0.0,0.0,0.0,0.0,0.0,0,0,0,0,0,0,0,0,0,0,0,1,0,0,1,0,1
820139896,23.652847,23.41163,0.0,0.02147315,-1.0,1.2553394,0.25484592,1.0763881,nan,6,3.9019384,3.9019384,3.9019384,3.9019384,3.9019384,3.9019384,0.0,0.0,0.0,0.0,0.0,0.0,0.0,0.0,0.0,0.0,0.0,0.0,0.0,0.0,0,0,0,0,0,0,0,0,0,0,0,1,0,0,1,0,1
820330195,23.197144,23.402172,0.0,0.014819869,-1.0,1.2553551,0.25090533,1.0768231,nan,6,3.900362,3.900362,3.900362,3.900362,3.900362,3.900362,0.0,0.0,0.0,0.0,0.0,0.0,0.0,0.0,0.0,0.0,0.0,0.0,0.0,0.0,0,0,0,0,0,0,0,0,0,0,0,1,0,0,1,0,1
820530713,23.876143,23.425138,0.0,0.011677182,-1.0,1.2556618,0.2604745,1.0757673,nan,6,3.9041898,3.9041898,3.9041898,3.9041898,3.9041898,3.9041898,0.0,0.0,0.0,0.0,0.0,0.0,0.0,0.0,0.0,0.0,0.0,0.0,0.0,0.0,0,0,0,0,0,0,0,0,0,0,0,1,0,0,1,0,1
820728877,24.30359,23.443394,0.36075625,0.014932062,-1.0,1.2566618,0.268081,1.0749296,nan,6,3.9072323,3.9072323,3.9072323,3.9072323,3.9072323,3.9072323,0.0,0.0,0.0,0.0,0.0,0.0,0.0,0.0,0.0,0.0,0.0,0.0,0.0,0.0,0,0,0,0,0,0,0,0,0,0,0,1,0,0,1,0,1
820928900,23.289196,23.468006,0.0,0.022372182,-1.0,1.2586565,0.27833587,1.0738024,nan,6,3.9113343,3.9113343,3.9113343,3.9113343,3.9113343,3.9113343,0.0,0.0,0.0,0.0,0.0,0.0,0.0,0.0,0.0,0.0,0.0,0.0,0.0,0.0,0,0,0,0,0,0,0,0,0,0,0,1,0,0,1,0,1
821138876,23.187117,23.457113,0.0,0.014760625,-1.0,1.2586565,0.27379733,1.0743009,nan,6,3.909519,3.909519,3.909519,3.909519,3.909519,3.909519,0.0,0.0,0.0,0.0,0.0,0.0,0.0,0.0,0.0,0.0,0.0,0.0,0.0,0.0,0,0,0,0,0,0,0,0,0,0,0,1,0,0,1,0,1
821339354,23.51249,23.46681,0.0,0.01237611,-1.0,1.2591264,0.27783805,1.073857,nan,6,3.911135,3.911135,3.911135,3.911135,3.911135,3.911135,0.0,0.0,0.0,0.0,0.0,0.0,0.0,0.0,0.0,0.0,0.0,0.0,0.0,0.0,0,0,0,0,0,0,0,0,0,0,0,1,0,0,1,0,1
821539116,23.10418,23.464798,0.0,0.010457164,-1.0,1.2595236,0.27699977,1.0739491,nan,6,3.9107997,3.9107997,3.9107997,3.9107997,3.9107997,3.9107997,0.0,0.0,0.0,0.0,0.0,0.0,0.0,0.0,0.0,0.0,0.0,0.0,0.0,0.0,0,0,0,0,0,0,0,0,0,0,0,1,0,0,1,0,1
821728878,23.770418,23.449158,0.0,0.0071781185,-1.0,1.2595236,0.27048236,1.0746654,nan,6,3.9081929,3.9081929,3.9081929,3.9081929,3.9081929,3.9081929,0.0,0.0,0.0,0.0,0.0,0.0,0.0,0.0,0.0,0.0,0.0,0.0,0.0,0.0,0,0,0,0,0,0,0,0,0,0,0,1,0,0,1,0,1
821928877,23.556236,23.433615,0.0,0.005000542,-1.0,1.2595541,0.26400596,1.0753783,nan,6,3.9056025,3.9056025,3.9056025,3.9056025,3.9056025,3.9056025,0.0,0.0,0.0,0.0,0.0,0.0,0.0,0.0,0.0,0.0,0.0,0.0,0.0,0.0,0,0,0,0,0,0,0,0,0,0,0,1,0,0,1,0,1
822128903,22.48169,23.412676,0.0,0.014036953,-1.0,1.2615902,0.25528175,1.07634,nan,6,3.9021127,3.9021127,3.9021127,3.9021127,3.9021127,3.9021127,0.0,0.0,0.0,0.0,0.0,0.0,0.0,0.0,0.0,0.0,0.0,0.0,0.0,0.0,0,0,0,0,0,0,0,0,0,0,0,1,0,0,1,0,1
822328988,23.86247,23.407042,0.0,0.013041563,-1.0,1.2623175,0.2529338,1.0765991,nan,6,3.9011736,3.9011736,3.9011736,3.9011736,3.9011736,3.9011736,0.0,0.0,0.0,0.0,0.0,0.0,0.0,0.0,0.0,0.0,0.0,0.0,0.0,0.0,0,0,0,0,0,0,0,0,0,0,0,1,0,0,1,0,1
822539766,23.398563,23.390802,0.0,0.014183834,-1.0,1.2632959,0.2461675,1.0773466,nan,6,3.898467,3.898467,3.898467,3.898467,3.898467,3.898467,0.0,0.0,0.0,0.0,0.0,0.0,0.0,0.0,0.0,0.0,0.0,0.0,0.0,0.0,0,0,0,0,0,0,0,0,0,0,0,1,0,0,1,0,1
822738891,23.404943,23.386318,0.0,0.009877039,-1.0,1.2633468,0.24429925,1.077553,nan,6,3.8977196,3.8977196,3.8977196,3.8977196,3.8977196,3.8977196,0.0,0.0,0.0,0.0,0.0,0.0,0.0,0.0,0.0,0.0,0.0,0.0,0.0,0.0,0,0,0,0,0,0,0,0,0,0,0,1,0,0,1,0,1
822938934,22.705894,23.377996,0.0,0.015465223,-1.0,1.2648944,0.24083169,1.0779366,nan,6,3.8963327,3.8963327,3.8963327,3.8963327,3.8963327,3.8963327,0.0,0.0,0.0,0.0,0.0,0.0,0.0,0.0,0.0,0.0,0.0,0.0,0.0,0.0,0,0,0,0,0,0,0,0,0,0,0,1,0,0,1,0,1
823128876,23.930826,23.380938,0.0,0.015930742,-1.0,1.2656777,0.24205716,1.0778011,nan,6,3.896823,3.896823,3.896823,3.896823,3.896823,3.896823,0.0,0.0,0.0,0.0,0.0,0.0,0.0,0.0,0.0,0.0,0.0,0.0,0.0,0.0,0,0,0,0,0,0,0,0,0,0,0,1,0,0,1,0,1
823328878,24.13407,23.376003,0.4504875,0.020154927,-1.0,1.2670308,0.24000199,1.0780286,nan,6,3.8960006,3.8960006,3.8960006,3.8960006,3.8960006,3.8960006,0.0,0.0,0.0,0.0,0.0,0.0,0.0,0.0,0.0,0.0,0.0,0.0,0.0,0.0,0,0,0,0,0,0,0,0,0,0,0,1,0,0,1,0,1
823528878,23.618212,23.37608,0.0,0.015221646,-1.0,1.2672807,0.24003346,1.078025,nan,6,3.8960133,3.8960133,3.8960133,3.8960133,3.8960133,3.8960133,0.0,0.0,0.0,0.0,0.0,0.0,0.0,0.0,0.0,0.0,0.0,0.0,0.0,0.0,0,0,0,0,0,0,0,0,0,0,0,1,0,0,1,0,1
823728879,22.887266,23.368254,0.0,0.014598935,-1.0,1.2680744,0.23677285,1.078386,nan,6,3.8947089,3.8947089,3.8947089,3.8947089,3.8947089,3.8947089,0.0,0.0,0.0,0.0,0.0,0.0,0.0,0.0,0.0,0.0,0.0,0.0,0.0,0.0,0,0,0,0,0,0,0,0,0,0,0,1,0,0,1,0,1
823938878,22.739616,23.34357,0.0,0.009632025,-1.0,1.2680744,0.22648843,1.0795263,nan,6,3.8905952,3.8905952,3.8905952,3.8905952,3.8905952,3.8905952,0.0,0.0,0.0,0.0,0.0,0.0,0.0,0.0,0.0,0.0,0.0,0.0,0.0,0.0,0,0,0,0,0,0,0,0,0,0,0,1,0,0,1,0,1
824139061,23.805964,23.342474,0.0,0.020205995,-1.0,1.270406,0.22603066,1.0795771,nan,6,3.8904123,3.8904123,3.8904123,3.8904123,3.8904123,3.8904123,0.0,0.0,0.0,0.0,0.0,0.0,0.0,0.0,0.0,0.0,0.0,0.0,0.0,0.0,0,0,0,0,0,0,0,0,0,0,0,1,0,0,1,0,1
824338882,23.3375,23.312883,0.0,0.0135980565,-1.0,1.270406,0.21370156,1.0809473,nan,6,3.8854806,3.8854806,3.8854806,3.8854806,3.8854806,3.8854806,0.0,0.0,0.0,0.0,0.0,0.0,0.0,0.0,0.0,0.0,0.0,0.0,0.0,0.0,0,0,0,0,0,0,0,0,0,0,0,1,0,0,1,0,1
824529254,23.6492,23.304348,0.0,0.009334122,-1.0,1.270406,0.21014531,1.0813432,nan,6,3.884058,3.884058,3.884058,3.884058,3.884058,3.884058,0.0,0.0,0.0,0.0,0.0,0.0,0.0,0.0,0.0,0.0,0.0,0.0,0.0,0.0,0,0,0,0,0,0,0,0,0,0,0,1,0,0,1,0,1
824728877,22.839872,23.28981,0.0,0.022516498,-1.0,1.2732373,0.20408757,1.0820183,nan,6,3.881635,3.881635,3.881635,3.881635,3.881635,3.881635,0.0,0.0,0.0,0.0,0.0,0.0,0.0,0.0,0.0,0.0,0.0,0.0,0.0,0.0,0,0,0,0,0,0,0,0,0,0,0,1,0,0,1,0,1
824928877,23.489704,23.297867,0.0,0.035886765,-1.0,1.2767587,0.2074445,1.081644,nan,6,3.8829777,3.8829777,3.8829777,3.8829777,3.8829777,3.8829777,0.0,0.0,0.0,0.0,0.0,0.0,0.0,0.0,0.0,0.0,0.0,0.0,0.0,0.0,0,0,0,0,0,0,0,0,0,0,0,1,0,0,1,0,1
825128877,22.759668,23.295168,0.0,0.024150763,-1.0,1.2767587,0.20632012,1.0817693,nan,6,3.882528,3.882528,3.882528,3.882528,3.882528,3.882528,0.0,0.0,0.0,0.0,0.0,0.0,0.0,0.0,0.0,0.0,0.0,0.0,0.0,0.0,0,0,0,0,0,0,0,0,0,0,0,1,0,0,1,0,1
825328879,23.634619,23.315258,0.0,0.033046346,-1.0,1.2792711,0.21469148,1.0808372,nan,6,3.8858764,3.8858764,3.8858764,3.8858764,3.8858764,3.8858764,0.0,0.0,0.0,0.0,0.0,0.0,0.0,0.0,0.0,0.0,0.0,0.0,0.0,0.0,0,0,0,0,0,0,0,0,0,0,0,1,0,0,1,0,1
825539006,23.43593,23.324478,0.0,0.036038894,-1.0,1.2815818,0.21853288,1.08041,nan,6,3.887413,3.887413,3.887413,3.887413,3.887413,3.887413,0.0,0.0,0.0,0.0,0.0,0.0,0.0,0.0,0.0,0.0,0.0,0.0,0.0,0.0,0,0,0,0,0,0,0,0,0,0,0,1,0,0,1,0,1
825728900,22.879972,23.330732,0.0,0.025173604,-1.0,1.2816632,0.22113831,1.0801204,nan,6,3.8884554,3.8884554,3.8884554,3.8884554,3.8884554,3.8884554,0.0,0.0,0.0,0.0,0.0,0.0,0.0,0.0,0.0,0.0,0.0,0.0,0.0,0.0,0,0,0,0,0,0,0,0,0,0,0,1,0,0,1,0,1
825928879,22.739616,23.319286,0.0,0.019902518,-1.0,1.2822276,0.21636994,1.0806504,nan,6,3.8865478,3.8865478,3.8865478,3.8865478,3.8865478,3.8865478,0.0,0.0,0.0,0.0,0.0,0.0,0.0,0.0,0.0,0.0,0.0,0.0,0.0,0.0,0,0,0,0,0,0,0,0,0,0,0,1,0,0,1,0,1
826128879,23.270056,23.3191,0.0,0.019676903,-1.0,1.2832496,0.21629174,1.0806592,nan,6,3.8865166,3.8865166,3.8865166,3.8865166,3.8865166,3.8865166,0.0,0.0,0.0,0.0,0.0,0.0,0.0,0.0,0.0,0.0,0.0,0.0,0.0,0.0,0,0,0,0,0,0,0,0,0,0,0,1,0,0,1,0,1
826328927,22.797945,23.297493,0.0,0.024215845,-1.0,1.2851942,0.20728905,1.0816613,nan,6,3.8829155,3.8829155,3.8829155,3.8829155,3.8829155,3.8829155,0.0,0.0,0.0,0.0,0.0,0.0,0.0,0.0,0.0,0.0,0.0,0.0,0.0,0.0,0,0,0,0,0,0,0,0,0,0,0,1,0,0,1,0,1
826529155,23.683834,23.307909,0.0,0.022198485,-1.0,1.2862412,0.21162923,1.081178,nan,6,3.8846514,3.8846514,3.8846514,3.8846514,3.8846514,3.8846514,0.0,0.0,0.0,0.0,0.0,0.0,0.0,0.0,0.0,0.0,0.0,0.0,0.0,0.0,0,0,0,0,0,0,0,0,0,0,0,1,0,0,1,0,1
826739212,23.25183,23.303871,0.0,0.0151561685,-1.0,1.2863147,0.20994695,1.0813653,nan,6,3.8839786,3.8839786,3.8839786,3.8839786,3.8839786,3.8839786,0.0,0.0,0.0,0.0,0.0,0.0,0.0,0.0,0.0,0.0,0.0,0.0,0.0,0.0,0,0,0,0,0,0,0,0,0,0,0,1,0,0,1,0,1
826938881,23.823278,23.314842,0.0,0.010887367,-1.0,1.2864267,0.2145179,1.0808566,nan,6,3.885807,3.885807,3.885807,3.885807,3.885807,3.885807,0.0,0.0,0.0,0.0,0.0,0.0,0.0,0.0,0.0,0.0,0.0,0.0,0.0,0.0,0,0,0,0,0,0,0,0,0,0,0,1,0,0,1,0,1
827128877,23.134256,23.30861,0.0,0.0074734236,-1.0,1.2864267,0.21192105,1.0811455,nan,6,3.8847685,3.8847685,3.8847685,3.8847685,3.8847685,3.8847685,0.0,0.0,0.0,0.0,0.0,0.0,0.0,0.0,0.0,0.0,0.0,0.0,0.0,0.0,0,0,0,0,0,0,0,0,0,0,0,1,0,0,1,0,1
827328877,23.639177,23.34539,0.0,0.0058668787,-1.0,1.2865741,0.2272466,1.0794421,nan,6,3.8908985,3.8908985,3.8908985,3.8908985,3.8908985,3.8908985,0.0,0.0,0.0,0.0,0.0,0.0,0.0,0.0,0.0,0.0,0.0,0.0,0.0,0.0,0,0,0,0,0,0,0,0,0,0,0,1,0,0,1,0,1
827528877,23.735785,23.366617,0.0,0.0070812907,-1.0,1.2870269,0.23609097,1.0784615,nan,6,3.8944361,3.8944361,3.8944361,3.8944361,3.8944361,3.8944361,0.0,0.0,0.0,0.0,0.0,0.0,0.0,0.0,0.0,0.0,0.0,0.0,0.0,0.0,0,0,0,0,0,0,0,0,0,0,0,1,0,0,1,0,1
827728878,22.924633,23.384125,0.0,0.032983355,-1.0,1.2913599,0.24338563,1.0776541,nan,6,3.8973541,3.8973541,3.8973541,3.8973541,3.8973541,3.8973541,0.0,0.0,0.0,0.0,0.0,0.0,0.0,0.0,0.0,0.0,0.0,0.0,0.0,0.0,0,0,0,0,0,0,0,0,0,0,0,1,0,0,1,0,1
827928883,23.704796,23.416773,0.0,0.022196852,-1.0,1.2913599,0.25698882,1.0761516,nan,6,3.9027956,3.9027956,3.9027956,3.9027956,3.9027956,3.9027956,0.0,0.0,0.0,0.0,0.0,0.0,0.0,0.0,0.0,0.0,0.0,0.0,0.0,0.0,0,0,0,0,0,0,0,0,0,0,0,1,0,0,1,0,1
828138877,23.659225,23.447178,0.0,0.014644945,-1.0,1.2913599,0.26965743,1.0747561,nan,6,3.907863,3.907863,3.907863,3.907863,3.907863,3.907863,0.0,0.0,0.0,0.0,0.0,0.0,0.0,0.0,0.0,0.0,0.0,0.0,0.0,0.0,0,0,0,0,0,0,0,0,0,0,0,1,0,0,1,0,1
828338958,23.859735,23.488342,0.0,0.012007365,-1.0,1.2917465,0.28680927,1.0728726,nan,6,3.9147236,3.9147236,3.9147236,3.9147236,3.9147236,3.9147236,0.0,0.0,0.0,0.0,0.0,0.0,0.0,0.0,0.0,0.0,0.0,0.0,0.0,0.0,0,0,0,0,0,0,0,0,0,0,0,1,0,0,1,0,1
828539459,23.08413,23.493132,0.0,0.012213293,-1.0,1.2925502,0.2888053,1.0726539,nan,6,3.9155219,3.9155219,3.9155219,3.9155219,3.9155219,3.9155219,0.0,0.0,0.0,0.0,0.0,0.0,0.0,0.0,0.0,0.0,0.0,0.0,0.0,0.0,0,0,0,0,0,0,0,0,0,0,0,1,0,0,1,0,1
828728905,23.763126,23.506031,0.0,0.0092635,-1.0,1.292724,0.2941802,1.0720652,nan,6,3.917672,3.917672,3.917672,3.917672,3.917672,3.917672,0.0,0.0,0.0,0.0,0.0,0.0,0.0,0.0,0.0,0.0,0.0,0.0,0.0,0.0,0,0,0,0,0,0,0,0,0,0,0,1,0,0,1,0,1
828928879,23.078661,23.501904,0.0,0.018084496,-1.0,1.2945504,0.2924598,1.0722536,nan,6,3.9169838,3.9169838,3.9169838,3.9169838,3.9169838,3.9169838,0.0,0.0,0.0,0.0,0.0,0.0,0.0,0.0,0.0,0.0,0.0,0.0,0.0,0.0,0,0,0,0,0,0,0,0,0,0,0,1,0,0,1,0,1
829128878,23.756746,23.496399,0.0,0.015023171,-1.0,1.2949948,0.2901662,1.0725048,nan,6,3.9160664,3.9160664,3.9160664,3.9160664,3.9160664,3.9160664,0.0,0.0,0.0,0.0,0.0,0.0,0.0,0.0,0.0,0.0,0.0,0.0,0.0,0.0,0,0,0,0,0,0,0,0,0,0,0,1,0,0,1,0,1
829329371,23.798674,23.492435,0.0,0.015677929,-1.0,1.2960535,0.2885154,1.0726856,nan,6,3.915406,3.915406,3.915406,3.915406,3.915406,3.915406,0.0,0.0,0.0,0.0,0.0,0.0,0.0,0.0,0.0,0.0,0.0,0.0,0.0,0.0,0,0,0,0,0,0,0,0,0,0,0,1,0,0,1,0,1
829538929,23.013039,23.480453,0.0,0.010343919,-1.0,1.2960535,0.2835229,1.073233,nan,6,3.913409,3.913409,3.913409,3.913409,3.913409,3.913409,0.0,0.0,0.0,0.0,0.0,0.0,0.0,0.0,0.0,0.0,0.0,0.0,0.0,0.0,0,0,0,0,0,0,0,0,0,0,0,1,0,0,1,0,1
829738877,24.021967,23.532475,0.0,0.010243364,-1.0,1.296587,0.305198,1.0708605,nan,6,3.922079,3.922079,3.922079,3.922079,3.922079,3.922079,0.0,0.0,0.0,0.0,0.0,0.0,0.0,0.0,0.0,0.0,0.0,0.0,0.0,0.0,0,0,0,0,0,0,0,0,0,0,0,1,0,0,1,0,0
829928877,24.006474,23.581596,0.0,0.007031361,-1.0,1.296587,0.32566577,1.0686299,nan,6,3.9302661,3.9302661,3.9302661,3.9302661,3.9302661,3.9302661,0.0,0.0,0.0,0.0,0.0,0.0,0.0,0.0,0.0,0.0,0.0,0.0,0.0,0.0,0,0,0,0,0,0,0,0,0,0,0,1,0,0,1,0,0
830128877,24.001003,23.62434,0.0,0.004759662,-1.0,1.2965921,0.34347564,1.0666964,nan,6,3.93739,3.93739,3.93739,3.93739,3.93739,3.93739,0.0,0.0,0.0,0.0,0.0,0.0,0.0,0.0,0.0,0.0,0.0,0.0,0.0,0.0,0,0,0,0,0,0,0,0,0,0,0,1,0,0,1,0,0
830328877,23.574465,23.648727,0.0,0.003203116,-1.0,1.2965921,0.35363704,1.0655963,nan,6,3.9414546,3.9414546,3.9414546,3.9414546,3.9414546,3.9414546,0.0,0.0,0.0,0.0,0.0,0.0,0.0,0.0,0.0,0.0,0.0,0.0,0.0,0.0,0,0,0,0,0,0,0,0,0,0,0,1,0,0,1,0,0
830529838,23.762217,23.6548,0.0,0.0021556055,-1.0,1.2965921,0.35616714,1.0653229,nan,6,3.9424667,3.9424667,3.9424667,3.9424667,3.9424667,3.9424667,0.0,0.0,0.0,0.0,0.0,0.0,0.0,0.0,0.0,0.0,0.0,0.0,0.0,0.0,0,0,0,0,0,0,0,0,0,0,0,1,0,0,1,0,0
830728878,23.786823,23.62421,0.0,0.0014858637,-1.0,1.2965972,0.34342128,1.0667022,nan,6,3.9373684,3.9373684,3.9373684,3.9373684,3.9373684,3.9373684,0.0,0.0,0.0,0.0,0.0,0.0,0.0,0.0,0.0,0.0,0.0,0.0,0.0,0.0,0,0,0,0,0,0,0,0,0,0,0,1,0,0,1,0,0
830938895,23.496996,23.59351,0.0,0.016578658,-1.0,1.2989422,0.33062965,1.0680903,nan,6,3.9322517,3.9322517,3.9322517,3.9322517,3.9322517,3.9322517,0.0,0.0,0.0,0.0,0.0,0.0,0.0,0.0,0.0,0.0,0.0,0.0,0.0,0.0,0,0,0,0,0,0,0,0,0,0,0,1,0,0,1,0,0
831138876,23.291018,23.551474,0.0,0.01115696,-1.0,1.2989422,0.31311446,1.0699966,nan,6,3.9252455,3.9252455,3.9252455,3.9252455,3.9252455,3.9252455,0.0,0.0,0.0,0.0,0.0,0.0,0.0,0.0,0.0,0.0,0.0,0.0,0.0,0.0,0,0,0,0,0,0,0,0,0,0,0,1,0,0,1,0,0
831328877,22.913694,23.53122,0.0,0.0146945,-1.0,1.300311,0.3046754,1.0709176,nan,6,3.92187,3.92187,3.92187,3.92187,3.92187,3.92187,0.0,0.0,0.0,0.0,0.0,0.0,0.0,0.0,0.0,0.0,0.0,0.0,0.0,0.0,0,0,0,0,0,0,0,0,0,0,0,1,0,0,1,0,0
831528876,23.147017,23.513199,0.0,0.023262063,-1.0,1.3026206,0.29716617,1.0717385,nan,6,3.9188664,3.9188664,3.9188664,3.9188664,3.9188664,3.9188664,0.0,0.0,0.0,0.0,0.0,0.0,0.0,0.0,0.0,0.0,0.0,0.0,0.0,0.0,0,0,0,0,0,0,0,0,0,0,0,1,0,0,1,0,1
831729055,23.867939,23.525387,0.0,0.019692127,-1.0,1.3032751,0.30224448,1.0711832,nan,6,3.9208977,3.9208977,3.9208977,3.9208977,3.9208977,3.9208977,0.0,0.0,0.0,0.0,0.0,0.0,0.0,0.0,0.0,0.0,0.0,0.0,0.0,0.0,0,0,0,0,0,0,0,0,0,0,0,1,0,0,1,0,0
831929391,23.147926,23.517887,0.0,0.018384391,-1.0,1.3041627,0.29912025,1.0715247,nan,6,3.919648,3.919648,3.919648,3.919648,3.919648,3.919648,0.0,0.0,0.0,0.0,0.0,0.0,0.0,0.0,0.0,0.0,0.0,0.0,0.0,0.0,0,0,0,0,0,0,0,0,0,0,0,1,0,0,1,0,1
832128900,23.749456,23.491179,0.0,0.012372169,-1.0,1.3041627,0.28799087,1.0727432,nan,6,3.9151964,3.9151964,3.9151964,3.9151964,3.9151964,3.9151964,0.0,0.0,0.0,0.0,0.0,0.0,0.0,0.0,0.0,0.0,0.0,0.0,0.0,0.0,0,0,0,0,0,0,0,0,0,0,0,1,0,0,1,0,1
832339139,23.014862,23.458199,0.0,0.009646896,-1.0,1.3043815,0.27424937,1.0742513,nan,6,3.9096997,3.9096997,3.9096997,3.9096997,3.9096997,3.9096997,0.0,0.0,0.0,0.0,0.0,0.0,0.0,0.0,0.0,0.0,0.0,0.0,0.0,0.0,0,0,0,0,0,0,0,0,0,0,0,1,0,0,1,0,1
832539256,23.173447,23.454916,0.0,0.007051752,-1.0,1.3044794,0.2728818,1.0744016,nan,6,3.9091527,3.9091527,3.9091527,3.9091527,3.9091527,3.9091527,0.0,0.0,0.0,0.0,0.0,0.0,0.0,0.0,0.0,0.0,0.0,0.0,0.0,0.0,0,0,0,0,0,0,0,0,0,0,0,1,0,0,1,0,1
832728880,23.88799,23.457664,0.0,0.012398791,-1.0,1.305595,0.27402717,1.0742757,nan,6,3.9096107,3.9096107,3.9096107,3.9096107,3.9096107,3.9096107,0.0,0.0,0.0,0.0,0.0,0.0,0.0,0.0,0.0,0.0,0.0,0.0,0.0,0.0,0,0,0,0,0,0,0,0,0,0,0,1,0,0,1,0,1
832928878,23.409502,23.469501,0.0,0.010473621,-1.0,1.305941,0.27895957,1.0737338,nan,6,3.9115837,3.9115837,3.9115837,3.9115837,3.9115837,3.9115837,0.0,0.0,0.0,0.0,0.0,0.0,0.0,0.0,0.0,0.0,0.0,0.0,0.0,0.0,0,0,0,0,0,0,0,0,0,0,0,1,0,0,1,0,1
833128879,22.958355,23.456697,0.0,0.00937635,-1.0,1.3063937,0.27362376,1.0743201,nan,6,3.9094496,3.9094496,3.9094496,3.9094496,3.9094496,3.9094496,0.0,0.0,0.0,0.0,0.0,0.0,0.0,0.0,0.0,0.0,0.0,0.0,0.0,0.0,0,0,0,0,0,0,0,0,0,0,0,1,0,0,1,0,1
833328876,23.601807,23.483543,0.0,0.010934483,-1.0,1.3071513,0.28481036,1.0730919,nan,6,3.913924,3.913924,3.913924,3.913924,3.913924,3.913924,0.0,0.0,0.0,0.0,0.0,0.0,0.0,0.0,0.0,0.0,0.0,0.0,0.0,0.0,0,0,0,0,0,0,0,0,0,0,0,1,0,0,1,0,1
833528876,24.062069,23.526987,0.0,0.0073585934,-1.0,1.3071513,0.3029111,1.0711104,nan,6,3.9211645,3.9211645,3.9211645,3.9211645,3.9211645,3.9211645,0.0,0.0,0.0,0.0,0.0,0.0,0.0,0.0,0.0,0.0,0.0,0.0,0.0,0.0,0,0,0,0,0,0,0,0,0,0,0,1,0,0,1,0,0
833738879,23.683834,23.569666,0.0,0.0049319523,-1.0,1.3071666,0.32069427,1.0691708,nan,6,3.9282777,3.9282777,3.9282777,3.9282777,3.9282777,3.9282777,0.0,0.0,0.0,0.0,0.0,0.0,0.0,0.0,0.0,0.0,0.0,0.0,0.0,0.0,0,0,0,0,0,0,0,0,0,0,0,1,0,0,1,0,0
833938878,23.582668,23.597599,0.0,0.0033190635,-1.0,1.3071666,0.3323329,1.0679052,nan,6,3.932933,3.932933,3.932933,3.932933,3.932933,3.932933,0.0,0.0,0.0,0.0,0.0,0.0,0.0,0.0,0.0,0.0,0.0,0.0,0.0,0.0,0,0,0,0,0,0,0,0,0,0,0,1,0,0,1,0,0
834138931,23.39583,23.609175,0.0,0.0022336347,-1.0,1.3071666,0.3371566,1.0673816,nan,6,3.9348624,3.9348624,3.9348624,3.9348624,3.9348624,3.9348624,0.0,0.0,0.0,0.0,0.0,0.0,0.0,0.0,0.0,0.0,0.0,0.0,0.0,0.0,0,0,0,0,0,0,0,0,0,0,0,1,0,0,1,0,0
834329676,23.25183,23.605947,0.0,0.011818376,-1.0,1.3091186,0.3358119,1.0675275,nan,6,3.9343245,3.9343245,3.9343245,3.9343245,3.9343245,3.9343245,0.0,0.0,0.0,0.0,0.0,0.0,0.0,0.0,0.0,0.0,0.0,0.0,0.0,0.0,0,0,0,0,0,0,0,0,0,0,0,1,0,0,1,0,0
834530198,23.489704,23.565905,0.0,0.007953428,-1.0,1.3091186,0.31912738,1.0693414,nan,6,3.9276507,3.9276507,3.9276507,3.9276507,3.9276507,3.9276507,0.0,0.0,0.0,0.0,0.0,0.0,0.0,0.0,0.0,0.0,0.0,0.0,0.0,0.0,0,0,0,0,0,0,0,0,0,0,0,1,0,0,1,0,0
834728899,23.261852,23.542719,0.0,0.0053775692,-1.0,1.3091239,0.30946666,1.0703945,nan,6,3.9237864,3.9237864,3.9237864,3.9237864,3.9237864,3.9237864,0.0,0.0,0.0,0.0,0.0,0.0,0.0,0.0,0.0,0.0,0.0,0.0,0.0,0.0,0,0,0,0,0,0,0,0,0,0,0,1,0,0,1,0,0
834928877,24.018322,23.57223,0.0,0.004244133,-1.0,1.3092256,0.32176238,1.0690545,nan,6,3.928705,3.928705,3.928705,3.928705,3.928705,3.928705,0.0,0.0,0.0,0.0,0.0,0.0,0.0,0.0,0.0,0.0,0.0,0.0,0.0,0.0,0,0,0,0,0,0,0,0,0,0,0,1,0,0,1,0,0
835138877,23.212637,23.595938,0.0,0.0028001764,-1.0,1.3092256,0.33164054,1.0679804,nan,6,3.9326563,3.9326563,3.9326563,3.9326563,3.9326563,3.9326563,0.0,0.0,0.0,0.0,0.0,0.0,0.0,0.0,0.0,0.0,0.0,0.0,0.0,0.0,0,0,0,0,0,0,0,0,0,0,0,1,0,0,1,0,0
835328878,23.904396,23.60783,0.0,0.0019221272,-1.0,1.3092256,0.33659583,1.0674424,nan,6,3.9346383,3.9346383,3.9346383,3.9346383,3.9346383,3.9346383,0.0,0.0,0.0,0.0,0.0,0.0,0.0,0.0,0.0,0.0,0.0,0.0,0.0,0.0,0,0,0,0,0,0,0,0,0,0,0,1,0,0,1,0,0
835528879,23.495173,23.615574,0.0,0.010795659,-1.0,1.3106549,0.33982307,1.0670923,nan,6,3.935929,3.935929,3.935929,3.935929,3.935929,3.935929,0.0,0.0,0.0,0.0,0.0,0.0,0.0,0.0,0.0,0.0,0.0,0.0,0.0,0.0,0,0,0,0,0,0,0,0,0,0,0,1,0,0,1,0,0
835728879,22.788832,23.578228,0.0,0.007700577,-1.0,1.3107364,0.32426196,1.0687826,nan,6,3.9297047,3.9297047,3.9297047,3.9297047,3.9297047,3.9297047,0.0,0.0,0.0,0.0,0.0,0.0,0.0,0.0,0.0,0.0,0.0,0.0,0.0,0.0,0,0,0,0,0,0,0,0,0,0,0,1,0,0,1,0,0
835928878,23.454159,23.537663,0.0,0.011654774,-1.0,1.311769,0.30736,1.0706245,nan,6,3.9229438,3.9229438,3.9229438,3.9229438,3.9229438,3.9229438,0.0,0.0,0.0,0.0,0.0,0.0,0.0,0.0,0.0,0.0,0.0,0.0,0.0,0.0,0,0,0,0,0,0,0,0,0,0,0,1,0,0,1,0,0
836128893,23.316538,23.483818,0.0,0.007843329,-1.0,1.311769,0.2849248,1.0730792,nan,6,3.9139698,3.9139698,3.9139698,3.9139698,3.9139698,3.9139698,0.0,0.0,0.0,0.0,0.0,0.0,0.0,0.0,0.0,0.0,0.0,0.0,0.0,0.0,0,0,0,0,0,0,0,0,0,0,0,1,0,0,1,0,1
836329004,23.554415,23.4561,0.0,0.0072920923,-1.0,1.3121452,0.2733758,1.0743473,nan,6,3.9093502,3.9093502,3.9093502,3.9093502,3.9093502,3.9093502,0.0,0.0,0.0,0.0,0.0,0.0,0.0,0.0,0.0,0.0,0.0,0.0,0.0,0.0,0,0,0,0,0,0,0,0,0,0,0,1,0,0,1,0,1
836539337,22.730503,23.441021,0.0,0.006720548,-1.0,1.3125106,0.26709205,1.0750384,nan,6,3.9068367,3.9068367,3.9068367,3.9068367,3.9068367,3.9068367,0.0,0.0,0.0,0.0,0.0,0.0,0.0,0.0,0.0,0.0,0.0,0.0,0.0,0.0,0,0,0,0,0,0,0,0,0,0,0,1,0,0,1,0,1
836738877,23.283728,23.394539,0.0,0.011699476,-1.0,1.313923,0.24772485,1.0771744,nan,6,3.8990898,3.8990898,3.8990898,3.8990898,3.8990898,3.8990898,0.0,0.0,0.0,0.0,0.0,0.0,0.0,0.0,0.0,0.0,0.0,0.0,0.0,0.0,0,0,0,0,0,0,0,0,0,0,0,1,0,0,1,0,1
836938965,23.35664,23.360811,0.0,0.012030871,-1.0,1.3146192,0.2336715,1.0787296,nan,6,3.8934686,3.8934686,3.8934686,3.8934686,3.8934686,3.8934686,0.0,0.0,0.0,0.0,0.0,0.0,0.0,0.0,0.0,0.0,0.0,0.0,0.0,0.0,0,0,0,0,0,0,0,0,0,0,0,1,0,0,1,0,1
837128878,23.580845,23.36632,0.0,0.00825836,-1.0,1.3146192,0.235967,1.0784752,nan,6,3.8943865,3.8943865,3.8943865,3.8943865,3.8943865,3.8943865,0.0,0.0,0.0,0.0,0.0,0.0,0.0,0.0,0.0,0.0,0.0,0.0,0.0,0.0,0,0,0,0,0,0,0,0,0,0,0,1,0,0,1,0,1
837328877,23.064077,23.37199,0.0,0.007665308,-1.0,1.3150212,0.23832925,1.0782137,nan,6,3.8953316,3.8953316,3.8953316,3.8953316,3.8953316,3.8953316,0.0,0.0,0.0,0.0,0.0,0.0,0.0,0.0,0.0,0.0,0.0,0.0,0.0,0.0,0,0,0,0,0,0,0,0,0,0,0,1,0,0,1,0,1
837528890,23.48788,23.37978,0.0,0.008958373,-1.0,1.3156773,0.24157555,1.0778544,nan,6,3.89663,3.89663,3.89663,3.89663,3.89663,3.89663,0.0,0.0,0.0,0.0,0.0,0.0,0.0,0.0,0.0,0.0,0.0,0.0,0.0,0.0,0,0,0,0,0,0,0,0,0,0,0,1,0,0,1,0,1
837728878,23.427729,23.380165,0.0,0.006028728,-1.0,1.3156773,0.24173577,1.0778366,nan,6,3.8966942,3.8966942,3.8966942,3.8966942,3.8966942,3.8966942,0.0,0.0,0.0,0.0,0.0,0.0,0.0,0.0,0.0,0.0,0.0,0.0,0.0,0.0,0,0,0,0,0,0,0,0,0,0,0,1,0,0,1,0,1
837938877,23.263676,23.386913,0.0,0.0076582106,-1.0,1.3163384,0.2445472,1.0775256,nan,6,3.8978188,3.8978188,3.8978188,3.8978188,3.8978188,3.8978188,0.0,0.0,0.0,0.0,0.0,0.0,0.0,0.0,0.0,0.0,0.0,0.0,0.0,0.0,0,0,0,0,0,0,0,0,0,0,0,1,0,0,1,0,1
838138877,23.568998,23.396338,0.0,0.01347555,-1.0,1.317666,0.24847443,1.0770916,nan,6,3.8993895,3.8993895,3.8993895,3.8993895,3.8993895,3.8993895,0.0,0.0,0.0,0.0,0.0,0.0,0.0,0.0,0.0,0.0,0.0,0.0,0.0,0.0,0,0,0,0,0,0,0,0,0,0,0,1,0,0,1,0,1
838338943,23.877964,23.39308,0.0,0.0090686595,-1.0,1.317666,0.2471164,1.0772417,nan,6,3.8988466,3.8988466,3.8988466,3.8988466,3.8988466,3.8988466,0.0,0.0,0.0,0.0,0.0,0.0,0.0,0.0,0.0,0.0,0.0,0.0,0.0,0.0,0,0,0,0,0,0,0,0,0,0,0,1,0,0,1,0,1
838529312,23.539833,23.409586,0.0,0.014370535,-1.0,1.3193325,0.2539943,1.076482,nan,6,3.9015977,3.9015977,3.9015977,3.9015977,3.9015977,3.9015977,0.0,0.0,0.0,0.0,0.0,0.0,0.0,0.0,0.0,0.0,0.0,0.0,0.0,0.0,0,0,0,0,0,0,0,0,0,0,0,1,0,0,1,0,1
838728876,23.647377,23.389626,0.0,0.009670958,-1.0,1.3193325,0.2456773,1.0774007,nan,6,3.8982708,3.8982708,3.8982708,3.8982708,3.8982708,3.8982708,0.0,0.0,0.0,0.0,0.0,0.0,0.0,0.0,0.0,0.0,0.0,0.0,0.0,0.0,0,0,0,0,0,0,0,0,0,0,0,1,0,0,1,0,1
838929500,22.672173,23.36095,0.0,0.015624724,-1.0,1.3207979,0.23372968,1.0787232,nan,6,3.8934917,3.8934917,3.8934917,3.8934917,3.8934917,3.8934917,0.0,0.0,0.0,0.0,0.0,0.0,0.0,0.0,0.0,0.0,0.0,0.0,0.0,0.0,0,0,0,0,0,0,0,0,0,0,0,1,0,0,1,0,1
839128890,23.202612,23.35161,0.0,0.010514992,-1.0,1.3207979,0.22983773,1.0791546,nan,6,3.891935,3.891935,3.891935,3.891935,3.891935,3.891935,0.0,0.0,0.0,0.0,0.0,0.0,0.0,0.0,0.0,0.0,0.0,0.0,0.0,0.0,0,0,0,0,0,0,0,0,0,0,0,1,0,0,1,0,1
839338879,23.822369,23.34501,0.1574875,0.010025528,-1.0,1.3212149,0.22708829,1.0794597,nan,6,3.890835,3.890835,3.890835,3.890835,3.890835,3.890835,0.0,0.0,0.0,0.0,0.0,0.0,0.0,0.0,0.0,0.0,0.0,0.0,0.0,0.0,0,0,0,0,0,0,0,0,0,0,0,1,0,0,1,0,1
839539067,22.996634,23.341688,0.0,0.014999293,-1.0,1.3224897,0.22570355,1.0796133,nan,6,3.8902814,3.8902814,3.8902814,3.8902814,3.8902814,3.8902814,0.0,0.0,0.0,0.0,0.0,0.0,0.0,0.0,0.0,0.0,0.0,0.0,0.0,0.0,0,0,0,0,0,0,0,0,0,0,0,1,0,0,1,0,1
839728878,22.940126,23.334959,0.0,0.016549189,-1.0,1.3235132,0.22289975,1.0799247,nan,6,3.88916,3.88916,3.88916,3.88916,3.88916,3.88916,0.0,0.0,0.0,0.0,0.0,0.0,0.0,0.0,0.0,0.0,0.0,0.0,0.0,0.0,0,0,0,0,0,0,0,0,0,0,0,1,0,0,1,0,1
839928878,23.345703,23.325048,0.0,0.015550523,-1.0,1.3243243,0.21877034,1.0803835,nan,6,3.8875082,3.8875082,3.8875082,3.8875082,3.8875082,3.8875082,0.0,0.0,0.0,0.0,0.0,0.0,0.0,0.0,0.0,0.0,0.0,0.0,0.0,0.0,0,0,0,0,0,0,0,0,0,0,0,1,0,0,1,0,1
840128877,23.2974,23.31624,0.0,0.013018985,-1.0,1.3247007,0.2151006,1.0807916,nan,6,3.88604,3.88604,3.88604,3.88604,3.88604,3.88604,0.0,0.0,0.0,0.0,0.0,0.0,0.0,0.0,0.0,0.0,0.0,0.0,0.0,0.0,0,0,0,0,0,0,0,0,0,0,0,1,0,0,1,0,1
840328958,23.652847,23.332897,0.0,0.012475584,-1.0,1.3254377,0.22204049,1.0800202,nan,6,3.888816,3.888816,3.888816,3.888816,3.888816,3.888816,0.0,0.0,0.0,0.0,0.0,0.0,0.0,0.0,0.0,0.0,0.0,0.0,0.0,0.0,0,0,0,0,0,0,0,0,0,0,0,1,0,0,1,0,1
840530388,22.810707,23.344322,0.0,0.013076871,-1.0,1.3262173,0.22680123,1.0794916,nan,6,3.8907204,3.8907204,3.8907204,3.8907204,3.8907204,3.8907204,0.0,0.0,0.0,0.0,0.0,0.0,0.0,0.0,0.0,0.0,0.0,0.0,0.0,0.0,0,0,0,0,0,0,0,0,0,0,0,1,0,0,1,0,1
840738878,23.685658,23.338627,0.0,0.009688225,-1.0,1.3264004,0.22442849,1.079755,nan,6,3.8897712,3.8897712,3.8897712,3.8897712,3.8897712,3.8897712,0.0,0.0,0.0,0.0,0.0,0.0,0.0,0.0,0.0,0.0,0.0,0.0,0.0,0.0,0,0,0,0,0,0,0,0,0,0,0,1,0,0,1,0,1
840938968,23.565351,23.346903,0.0,0.0069084964,-1.0,1.3264716,0.22787602,1.0793723,nan,6,3.8911505,3.8911505,3.8911505,3.8911505,3.8911505,3.8911505,0.0,0.0,0.0,0.0,0.0,0.0,0.0,0.0,0.0,0.0,0.0,0.0,0.0,0.0,0,0,0,0,0,0,0,0,0,0,0,1,0,0,1,0,1
841128901,23.831482,23.368273,0.0,0.005571514,-1.0,1.3265988,0.23678048,1.0783851,nan,6,3.8947122,3.8947122,3.8947122,3.8947122,3.8947122,3.8947122,0.0,0.0,0.0,0.0,0.0,0.0,0.0,0.0,0.0,0.0,0.0,0.0,0.0,0.0,0,0,0,0,0,0,0,0,0,0,0,1,0,0,1,0,1
841328877,23.646467,23.423372,0.0,0.00515438,-1.0,1.3268887,0.25973827,1.0758486,nan,6,3.9038954,3.9038954,3.9038954,3.9038954,3.9038954,3.9038954,0.0,0.0,0.0,0.0,0.0,0.0,0.0,0.0,0.0,0.0,0.0,0.0,0.0,0.0,0,0,0,0,0,0,0,0,0,0,0,1,0,0,1,0,1
841528878,23.696594,23.48201,0.0,0.0034687493,-1.0,1.3268887,0.2841714,1.0731618,nan,6,3.9136684,3.9136684,3.9136684,3.9136684,3.9136684,3.9136684,0.0,0.0,0.0,0.0,0.0,0.0,0.0,0.0,0.0,0.0,0.0,0.0,0.0,0.0,0,0,0,0,0,0,0,0,0,0,0,1,0,0,1,0,1
841728998,23.84971,23.546497,0.0,0.0023343689,-1.0,1.3268887,0.31104118,1.0702229,nan,6,3.9244163,3.9244163,3.9244163,3.9244163,3.9244163,3.9244163,0.0,0.0,0.0,0.0,0.0,0.0,0.0,0.0,0.0,0.0,0.0,0.0,0.0,0.0,0,0,0,0,0,0,0,0,0,0,0,1,0,0,1,0,0
841928877,23.55715,23.59057,0.0,0.0015709634,-1.0,1.3268887,0.32940418,1.0682235,nan,6,3.9317617,3.9317617,3.9317617,3.9317617,3.9317617,3.9317617,0.0,0.0,0.0,0.0,0.0,0.0,0.0,0.0,0.0,0.0,0.0,0.0,0.0,0.0,0,0,0,0,0,0,0,0,0,0,0,1,0,0,1,0,0
842139735,23.672897,23.61973,0.0,0.0015881147,-1.0,1.3269691,0.341554,1.0669047,nan,6,3.9366217,3.9366217,3.9366217,3.9366217,3.9366217,3.9366217,0.0,0.0,0.0,0.0,0.0,0.0,0.0,0.0,0.0,0.0,0.0,0.0,0.0,0.0,0,0,0,0,0,0,0,0,0,0,0,1,0,0,1,0,0
842338892,24.133158,23.650394,0.0,0.0010687558,-1.0,1.3269691,0.3543313,1.0655212,nan,6,3.9417324,3.9417324,3.9417324,3.9417324,3.9417324,3.9417324,0.0,0.0,0.0,0.0,0.0,0.0,0.0,0.0,0.0,0.0,0.0,0.0,0.0,0.0,0,0,0,0,0,0,0,0,0,0,0,1,0,0,1,0,0
842529344,23.522514,23.672,0.0,0.0015626176,-1.0,1.3270746,0.363334,1.0645487,nan,6,3.9453335,3.9453335,3.9453335,3.9453335,3.9453335,3.9453335,0.0,0.0,0.0,0.0,0.0,0.0,0.0,0.0,0.0,0.0,0.0,0.0,0.0,0.0,0,0,0,0,0,0,0,0,0,0,0,1,0,0,1,0,0
842728877,23.879787,23.689846,0.0,0.0010515968,-1.0,1.3270746,0.3707698,1.0637468,nan,6,3.9483078,3.9483078,3.9483078,3.9483078,3.9483078,3.9483078,0.0,0.0,0.0,0.0,0.0,0.0,0.0,0.0,0.0,0.0,0.0,0.0,0.0,0.0,0,0,0,0,0,0,0,0,0,0,0,1,0,0,1,0,0
842928911,23.733961,23.684927,0.0,0.0052078613,-1.0,1.3277512,0.3687194,1.0639678,nan,6,3.9474878,3.9474878,3.9474878,3.9474878,3.9474878,3.9474878,0.0,0.0,0.0,0.0,0.0,0.0,0.0,0.0,0.0,0.0,0.0,0.0,0.0,0.0,0,0,0,0,0,0,0,0,0,0,0,1,0,0,1,0,0
843128877,23.99189,23.685356,0.0,0.007994873,-1.0,1.3285904,0.3688987,1.0639485,nan,6,3.9475594,3.9475594,3.9475594,3.9475594,3.9475594,3.9475594,0.0,0.0,0.0,0.0,0.0,0.0,0.0,0.0,0.0,0.0,0.0,0.0,0.0,0.0,0,0,0,0,0,0,0,0,0,0,0,1,0,0,1,0,0
843328878,23.91442,23.703314,0.0,0.0053803204,-1.0,1.3285904,0.37638122,1.0631424,nan,6,3.9505522,3.9505522,3.9505522,3.9505522,3.9505522,3.9505522,0.0,0.0,0.0,0.0,0.0,0.0,0.0,0.0,0.0,0.0,0.0,0.0,0.0,0.0,0,0,0,0,0,0,0,0,0,0,0,1,0,0,1,0,0
843538985,23.960903,23.712576,0.0,0.0035498051,-1.0,1.3285904,0.38023978,1.0627272,nan,6,3.952096,3.952096,3.952096,3.952096,3.952096,3.952096,0.0,0.0,0.0,0.0,0.0,0.0,0.0,0.0,0.0,0.0,0.0,0.0,0.0,0.0,0,0,0,0,0,0,0,0,0,0,0,1,0,0,1,0,0
843740079,23.767685,23.731737,0.0,0.004952265,-1.0,1.3291459,0.38822395,1.0618691,nan,6,3.9552896,3.9552896,3.9552896,3.9552896,3.9552896,3.9552896,0.0,0.0,0.0,0.0,0.0,0.0,0.0,0.0,0.0,0.0,0.0,0.0,0.0,0.0,0,0,0,0,0,0,0,0,0,0,0,1,0,0,1,0,0
843939909,23.525251,23.73808,0.0,0.0033327322,-1.0,1.3291459,0.39086658,1.0615854,nan,6,3.9563465,3.9563465,3.9563465,3.9563465,3.9563465,3.9563465,0.0,0.0,0.0,0.0,0.0,0.0,0.0,0.0,0.0,0.0,0.0,0.0,0.0,0.0,0,0,0,0,0,0,0,0,0,0,0,1,0,0,1,0,0
844130321,23.870672,23.741344,0.0,0.015750296,-1.0,1.3313743,0.39222747,1.0614394,nan,6,3.9568908,3.9568908,3.9568908,3.9568908,3.9568908,3.9568908,0.0,0.0,0.0,0.0,0.0,0.0,0.0,0.0,0.0,0.0,0.0,0.0,0.0,0.0,0,0,0,0,0,0,0,0,0,0,0,1,0,0,1,0,0
844329002,23.656492,23.750269,0.0,0.010599498,-1.0,1.3313743,0.39594585,1.0610405,nan,6,3.958378,3.958378,3.958378,3.958378,3.958378,3.958378,0.0,0.0,0.0,0.0,0.0,0.0,0.0,0.0,0.0,0.0,0.0,0.0,0.0,0.0,0,0,0,0,0,0,0,0,0,0,0,1,0,0,1,0,0
844530879,23.223574,23.73881,0.0,0.03270945,-1.0,1.3357399,0.3911708,1.0615528,nan,6,3.9564683,3.9564683,3.9564683,3.9564683,3.9564683,3.9564683,0.0,0.0,0.0,0.0,0.0,0.0,0.0,0.0,0.0,0.0,0.0,0.0,0.0,0.0,0,0,0,0,0,0,0,0,0,0,0,1,0,0,1,0,0
844731436,24.236149,23.721169,0.51275,0.041288372,-1.0,1.3384771,0.38382083,1.0623422,nan,6,3.9535282,3.9535282,3.9535282,3.9535282,3.9535282,3.9535282,0.0,0.0,0.0,0.0,0.0,0.0,0.0,0.0,0.0,0.0,0.0,0.0,0.0,0.0,0,0,0,0,0,0,0,0,0,0,0,1,0,0,1,0,0
844938877,23.239979,23.666025,0.0,0.037587397,-1.0,1.3397712,0.36084396,1.0648175,nan,6,3.9443376,3.9443376,3.9443376,3.9443376,3.9443376,3.9443376,0.0,0.0,0.0,0.0,0.0,0.0,0.0,0.0,0.0,0.0,0.0,0.0,0.0,0.0,0,0,0,0,0,0,0,0,0,0,0,1,0,0,1,0,0
845138877,23.661049,23.639141,0.0,0.02799456,-1.0,1.340194,0.3496421,1.0660286,nan,6,3.9398568,3.9398568,3.9398568,3.9398568,3.9398568,3.9398568,0.0,0.0,0.0,0.0,0.0,0.0,0.0,0.0,0.0,0.0,0.0,0.0,0.0,0.0,0,0,0,0,0,0,0,0,0,0,0,1,0,0,1,0,0
845328884,23.955433,23.613888,0.0,0.024223505,-1.0,1.3411298,0.3391202,1.0671686,nan,6,3.935648,3.935648,3.935648,3.935648,3.935648,3.935648,0.0,0.0,0.0,0.0,0.0,0.0,0.0,0.0,0.0,0.0,0.0,0.0,0.0,0.0,0,0,0,0,0,0,0,0,0,0,0,1,0,0,1,0,0
845528880,23.504286,23.573149,0.0,0.016301727,-1.0,1.3411298,0.32214576,1.0690128,nan,6,3.928858,3.928858,3.928858,3.928858,3.928858,3.928858,0.0,0.0,0.0,0.0,0.0,0.0,0.0,0.0,0.0,0.0,0.0,0.0,0.0,0.0,0,0,0,0,0,0,0,0,0,0,0,1,0,0,1,0,0
845728877,23.727581,23.550478,0.0,0.010970596,-1.0,1.3411298,0.31269962,1.0700419,nan,6,3.9250796,3.9250796,3.9250796,3.9250796,3.9250796,3.9250796,0.0,0.0,0.0,0.0,0.0,0.0,0.0,0.0,0.0,0.0,0.0,0.0,0.0,0.0,0,0,0,0,0,0,0,0,0,0,0,1,0,0,1,0,0
845928880,23.984598,23.574293,0.0,0.010023108,-1.0,1.3415114,0.3226226,1.0689609,nan,6,3.9290488,3.9290488,3.9290488,3.9290488,3.9290488,3.9290488,0.0,0.0,0.0,0.0,0.0,0.0,0.0,0.0,0.0,0.0,0.0,0.0,0.0,0.0,0,0,0,0,0,0,0,0,0,0,0,1,0,0,1,0,0
846128878,23.955433,23.6136,0.0,0.015729882,-1.0,1.3431745,0.33900005,1.0671816,nan,6,3.9356,3.9356,3.9356,3.9356,3.9356,3.9356,0.0,0.0,0.0,0.0,0.0,0.0,0.0,0.0,0.0,0.0,0.0,0.0,0.0,0.0,0,0,0,0,0,0,0,0,0,0,0,1,0,0,1,0,0
846338879,23.824192,23.63321,0.0,0.020071015,-1.0,1.3447227,0.34717113,1.0662961,nan,6,3.9388683,3.9388683,3.9388683,3.9388683,3.9388683,3.9388683,0.0,0.0,0.0,0.0,0.0,0.0,0.0,0.0,0.0,0.0,0.0,0.0,0.0,0.0,0,0,0,0,0,0,0,0,0,0,0,1,0,0,1,0,0
846539152,23.605453,23.642431,0.0,0.013915413,-1.0,1.3447884,0.35101348,1.0658802,nan,6,3.9404051,3.9404051,3.9404051,3.9404051,3.9404051,3.9404051,0.0,0.0,0.0,0.0,0.0,0.0,0.0,0.0,0.0,0.0,0.0,0.0,0.0,0.0,0,0,0,0,0,0,0,0,0,0,0,1,0,0,1,0,0
846738919,23.867939,23.627829,0.0,0.034475617,-1.0,1.3490303,0.34492904,1.0665389,nan,6,3.9379714,3.9379714,3.9379714,3.9379714,3.9379714,3.9379714,0.0,0.0,0.0,0.0,0.0,0.0,0.0,0.0,0.0,0.0,0.0,0.0,0.0,0.0,0,0,0,0,0,0,0,0,0,0,0,1,0,0,1,0,0
846929121,23.34479,23.598577,0.0,0.03994342,-1.0,1.3516376,0.33274108,1.0678608,nan,6,3.9330962,3.9330962,3.9330962,3.9330962,3.9330962,3.9330962,0.0,0.0,0.0,0.0,0.0,0.0,0.0,0.0,0.0,0.0,0.0,0.0,0.0,0.0,0,0,0,0,0,0,0,0,0,0,0,1,0,0,1,0,0
847129540,23.977308,23.599169,0.0,0.028647246,-1.0,1.3519791,0.33298713,1.0678341,nan,6,3.9331949,3.9331949,3.9331949,3.9331949,3.9331949,3.9331949,0.0,0.0,0.0,0.0,0.0,0.0,0.0,0.0,0.0,0.0,0.0,0.0,0.0,0.0,0,0,0,0,0,0,0,0,0,0,0,1,0,0,1,0,0
847329256,23.485147,23.548952,0.0,0.01979859,-1.0,1.3520656,0.31206352,1.0701113,nan,6,3.9248254,3.9248254,3.9248254,3.9248254,3.9248254,3.9248254,0.0,0.0,0.0,0.0,0.0,0.0,0.0,0.0,0.0,0.0,0.0,0.0,0.0,0.0,0,0,0,0,0,0,0,0,0,0,0,1,0,0,1,0,0
847528881,23.931738,23.556435,0.0,0.013323885,-1.0,1.3520656,0.31518108,1.0697714,nan,6,3.9260724,3.9260724,3.9260724,3.9260724,3.9260724,3.9260724,0.0,0.0,0.0,0.0,0.0,0.0,0.0,0.0,0.0,0.0,0.0,0.0,0.0,0.0,0,0,0,0,0,0,0,0,0,0,0,1,0,0,1,0,0
847738877,23.692947,23.599977,0.0,0.009431082,-1.0,1.3521878,0.33332378,1.0677977,nan,6,3.9333296,3.9333296,3.9333296,3.9333296,3.9333296,3.9333296,0.0,0.0,0.0,0.0,0.0,0.0,0.0,0.0,0.0,0.0,0.0,0.0,0.0,0.0,0,0,0,0,0,0,0,0,0,0,0,1,0,0,1,0,0
847939370,23.612745,23.62546,0.0,0.008654749,-1.0,1.3526455,0.343942,1.0666459,nan,6,3.9375765,3.9375765,3.9375765,3.9375765,3.9375765,3.9375765,0.0,0.0,0.0,0.0,0.0,0.0,0.0,0.0,0.0,0.0,0.0,0.0,0.0,0.0,0,0,0,0,0,0,0,0,0,0,0,1,0,0,1,0,0
848129670,23.358461,23.623125,0.0,0.007898057,-1.0,1.3529636,0.34296924,1.0667512,nan,6,3.9371874,3.9371874,3.9371874,3.9371874,3.9371874,3.9371874,0.0,0.0,0.0,0.0,0.0,0.0,0.0,0.0,0.0,0.0,0.0,0.0,0.0,0.0,0,0,0,0,0,0,0,0,0,0,0,1,0,0,1,0,0
848328988,23.324741,23.563047,0.0,0.0068016145,-1.0,1.3531736,0.31793624,1.0694712,nan,6,3.9271746,3.9271746,3.9271746,3.9271746,3.9271746,3.9271746,0.0,0.0,0.0,0.0,0.0,0.0,0.0,0.0,0.0,0.0,0.0,0.0,0.0,0.0,0,0,0,0,0,0,0,0,0,0,0,1,0,0,1,0,0
848529118,22.893644,23.503216,0.0,0.004577291,-1.0,1.3531736,0.2930072,1.0721936,nan,6,3.9172027,3.9172027,3.9172027,3.9172027,3.9172027,3.9172027,0.0,0.0,0.0,0.0,0.0,0.0,0.0,0.0,0.0,0.0,0.0,0.0,0.0,0.0,0,0,0,0,0,0,0,0,0,0,0,1,0,0,1,0,1
848728880,23.179827,23.469393,0.0,0.006364196,-1.0,1.3537133,0.2789138,1.0737388,nan,6,3.9115655,3.9115655,3.9115655,3.9115655,3.9115655,3.9115655,0.0,0.0,0.0,0.0,0.0,0.0,0.0,0.0,0.0,0.0,0.0,0.0,0.0,0.0,0,0,0,0,0,0,0,0,0,0,0,1,0,0,1,0,1
848928877,23.84242,23.444511,0.0,0.0045393547,-1.0,1.353764,0.2685464,1.0748785,nan,6,3.9074185,3.9074185,3.9074185,3.9074185,3.9074185,3.9074185,0.0,0.0,0.0,0.0,0.0,0.0,0.0,0.0,0.0,0.0,0.0,0.0,0.0,0.0,0,0,0,0,0,0,0,0,0,0,0,1,0,0,1,0,1
849138877,23.592693,23.445854,0.0,0.003101674,-1.0,1.3537844,0.2691062,1.0748168,nan,6,3.9076424,3.9076424,3.9076424,3.9076424,3.9076424,3.9076424,0.0,0.0,0.0,0.0,0.0,0.0,0.0,0.0,0.0,0.0,0.0,0.0,0.0,0.0,0,0,0,0,0,0,0,0,0,0,0,1,0,0,1,0,1
849338908,23.491528,23.43205,0.0,0.008694654,-1.0,1.3547661,0.2633546,1.07545,nan,6,3.9053419,3.9053419,3.9053419,3.9053419,3.9053419,3.9053419,0.0,0.0,0.0,0.0,0.0,0.0,0.0,0.0,0.0,0.0,0.0,0.0,0.0,0.0,0,0,0,0,0,0,0,0,0,0,0,1,0,0,1,0,1
849529255,23.468742,23.41575,0.0,0.040989537,-1.0,1.3606615,0.25656253,1.0761987,nan,6,3.902625,3.902625,3.902625,3.902625,3.902625,3.902625,0.0,0.0,0.0,0.0,0.0,0.0,0.0,0.0,0.0,0.0,0.0,0.0,0.0,0.0,0,0,0,0,0,0,0,0,0,0,0,1,0,0,1,0,1
849729057,22.946507,23.390116,0.0,0.04241816,-1.0,1.3636332,0.2458814,1.0773782,nan,6,3.8983526,3.8983526,3.8983526,3.8983526,3.8983526,3.8983526,0.0,0.0,0.0,0.0,0.0,0.0,0.0,0.0,0.0,0.0,0.0,0.0,0.0,0.0,0,0,0,0,0,0,0,0,0,0,0,1,0,0,1,0,1
849929991,23.345703,23.38061,0.0,0.033859864,-1.0,1.3646148,0.24192078,1.0778161,nan,6,3.8967683,3.8967683,3.8967683,3.8967683,3.8967683,3.8967683,0.0,0.0,0.0,0.0,0.0,0.0,0.0,0.0,0.0,0.0,0.0,0.0,0.0,0.0,0,0,0,0,0,0,0,0,0,0,0,1,0,0,1,0,1
850128900,22.634806,23.360666,0.0,0.043390088,-1.0,1.3679318,0.23361142,1.0787363,nan,6,3.8934443,3.8934443,3.8934443,3.8934443,3.8934443,3.8934443,0.0,0.0,0.0,0.0,0.0,0.0,0.0,0.0,0.0,0.0,0.0,0.0,0.0,0.0,0,0,0,0,0,0,0,0,0,0,0,1,0,0,1,0,1
850328878,22.656677,23.333176,0.0,0.030827727,-1.0,1.368242,0.22215684,1.0800072,nan,6,3.8888626,3.8888626,3.8888626,3.8888626,3.8888626,3.8888626,0.0,0.0,0.0,0.0,0.0,0.0,0.0,0.0,0.0,0.0,0.0,0.0,0.0,0.0,0,0,0,0,0,0,0,0,0,0,0,1,0,0,1,0,1
850538884,23.737608,23.325752,0.0,0.025343217,-1.0,1.3691419,0.21906407,1.080351,nan,6,3.8876255,3.8876255,3.8876255,3.8876255,3.8876255,3.8876255,0.0,0.0,0.0,0.0,0.0,0.0,0.0,0.0,0.0,0.0,0.0,0.0,0.0,0.0,0,0,0,0,0,0,0,0,0,0,0,1,0,0,1,0,1
850738876,23.476034,23.342361,0.0,0.030375076,-1.0,1.371487,0.22598393,1.0795822,nan,6,3.8903935,3.8903935,3.8903935,3.8903935,3.8903935,3.8903935,0.0,0.0,0.0,0.0,0.0,0.0,0.0,0.0,0.0,0.0,0.0,0.0,0.0,0.0,0,0,0,0,0,0,0,0,0,0,0,1,0,0,1,0,1
850928880,23.743988,23.32294,0.1062125,0.02960252,-1.0,1.3729063,0.217892,1.0804812,nan,6,3.8871567,3.8871567,3.8871567,3.8871567,3.8871567,3.8871567,0.0,0.0,0.0,0.0,0.0,0.0,0.0,0.0,0.0,0.0,0.0,0.0,0.0,0.0,0,0,0,0,0,0,0,0,0,0,0,1,0,0,1,0,1
851128878,23.892548,23.333166,0.0586,0.029647632,-1.0,1.3746403,0.22215302,1.0800077,nan,6,3.888861,3.888861,3.888861,3.888861,3.888861,3.888861,0.0,0.0,0.0,0.0,0.0,0.0,0.0,0.0,0.0,0.0,0.0,0.0,0.0,0.0,0,0,0,0,0,0,0,0,0,0,0,1,0,0,1,0,1
851328877,23.805964,23.318138,0.0,0.019952007,-1.0,1.3746403,0.2158912,1.0807037,nan,6,3.8863564,3.8863564,3.8863564,3.8863564,3.8863564,3.8863564,0.0,0.0,0.0,0.0,0.0,0.0,0.0,0.0,0.0,0.0,0.0,0.0,0.0,0.0,0,0,0,0,0,0,0,0,0,0,0,1,0,0,1,0,1
851528913,23.008482,23.299608,0.0,0.013427128,-1.0,1.3746403,0.20817025,1.0815632,nan,6,3.883268,3.883268,3.883268,3.883268,3.883268,3.883268,0.0,0.0,0.0,0.0,0.0,0.0,0.0,0.0,0.0,0.0,0.0,0.0,0.0,0.0,0,0,0,0,0,0,0,0,0,0,0,1,0,0,1,0,1
851729982,23.09689,23.29691,0.0,0.011592574,-1.0,1.3750557,0.20704587,1.0816885,nan,6,3.8828182,3.8828182,3.8828182,3.8828182,3.8828182,3.8828182,0.0,0.0,0.0,0.0,0.0,0.0,0.0,0.0,0.0,0.0,0.0,0.0,0.0,0.0,0,0,0,0,0,0,0,0,0,0,0,1,0,0,1,0,1
851938878,23.644644,23.318293,0.0,0.0119938925,-1.0,1.3758154,0.2159551,1.0806966,nan,6,3.886382,3.886382,3.886382,3.886382,3.886382,3.886382,0.0,0.0,0.0,0.0,0.0,0.0,0.0,0.0,0.0,0.0,0.0,0.0,0.0,0.0,0,0,0,0,0,0,0,0,0,0,0,1,0,0,1,0,1
852140413,23.662872,23.321138,0.0,0.017871518,-1.0,1.3773868,0.21714146,1.0805646,nan,6,3.8868563,3.8868563,3.8868563,3.8868563,3.8868563,3.8868563,0.0,0.0,0.0,0.0,0.0,0.0,0.0,0.0,0.0,0.0,0.0,0.0,0.0,0.0,0,0,0,0,0,0,0,0,0,0,0,1,0,0,1,0,1
852339379,23.86247,23.339907,0.060431253,0.024816442,-1.0,1.3797928,0.2249616,1.0796957,nan,6,3.8899844,3.8899844,3.8899844,3.8899844,3.8899844,3.8899844,0.0,0.0,0.0,0.0,0.0,0.0,0.0,0.0,0.0,0.0,0.0,0.0,0.0,0.0,0,0,0,0,0,0,0,0,0,0,0,1,0,0,1,0,1
852529675,23.455982,23.359825,0.0,0.017543528,-1.0,1.3799198,0.23326047,1.0787752,nan,6,3.893304,3.893304,3.893304,3.893304,3.893304,3.893304,0.0,0.0,0.0,0.0,0.0,0.0,0.0,0.0,0.0,0.0,0.0,0.0,0.0,0.0,0,0,0,0,0,0,0,0,0,0,0,1,0,0,1,0,1
852728878,23.572641,23.370392,0.0,0.0118062915,-1.0,1.3799198,0.23766358,1.0782874,nan,6,3.8950653,3.8950653,3.8950653,3.8950653,3.8950653,3.8950653,0.0,0.0,0.0,0.0,0.0,0.0,0.0,0.0,0.0,0.0,0.0,0.0,0.0,0.0,0,0,0,0,0,0,0,0,0,0,0,1,0,0,1,0,1
852928877,22.904581,23.367239,0.0,0.007945297,-1.0,1.3799198,0.23634942,1.0784329,nan,6,3.8945398,3.8945398,3.8945398,3.8945398,3.8945398,3.8945398,0.0,0.0,0.0,0.0,0.0,0.0,0.0,0.0,0.0,0.0,0.0,0.0,0.0,0.0,0,0,0,0,0,0,0,0,0,0,0,1,0,0,1,0,1
853128883,23.72576,23.37688,0.0,0.00781565,-1.0,1.3803368,0.24036725,1.077988,nan,6,3.8961468,3.8961468,3.8961468,3.8961468,3.8961468,3.8961468,0.0,0.0,0.0,0.0,0.0,0.0,0.0,0.0,0.0,0.0,0.0,0.0,0.0,0.0,0,0,0,0,0,0,0,0,0,0,0,1,0,0,1,0,1
853338878,23.793203,23.398993,0.0,0.017235972,-1.0,1.3821172,0.2495807,1.0769694,nan,6,3.899832,3.899832,3.899832,3.899832,3.899832,3.899832,0.0,0.0,0.0,0.0,0.0,0.0,0.0,0.0,0.0,0.0,0.0,0.0,0.0,0.0,0,0,0,0,0,0,0,0,0,0,0,1,0,0,1,0,1
853538880,23.721203,23.389032,0.0,0.013543421,-1.0,1.382453,0.2454303,1.077428,nan,6,3.8981721,3.8981721,3.8981721,3.8981721,3.8981721,3.8981721,0.0,0.0,0.0,0.0,0.0,0.0,0.0,0.0,0.0,0.0,0.0,0.0,0.0,0.0,0,0,0,0,0,0,0,0,0,0,0,1,0,0,1,0,1
853738878,23.71938,23.393871,0.0,0.023607248,-1.0,1.3850433,0.24744637,1.0772052,nan,6,3.8989785,3.8989785,3.8989785,3.8989785,3.8989785,3.8989785,0.0,0.0,0.0,0.0,0.0,0.0,0.0,0.0,0.0,0.0,0.0,0.0,0.0,0.0,0,0,0,0,0,0,0,0,0,0,0,1,0,0,1,0,1
853928878,23.929914,23.377079,0.0,0.017705293,-1.0,1.3853217,0.24045022,1.077979,nan,6,3.89618,3.89618,3.89618,3.89618,3.89618,3.89618,0.0,0.0,0.0,0.0,0.0,0.0,0.0,0.0,0.0,0.0,0.0,0.0,0.0,0.0,0,0,0,0,0,0,0,0,0,0,0,1,0,0,1,0,1
854128878,23.76495,23.384785,0.0,0.02257317,-1.0,1.3872867,0.24366029,1.0776237,nan,6,3.897464,3.897464,3.897464,3.897464,3.897464,3.897464,0.0,0.0,0.0,0.0,0.0,0.0,0.0,0.0,0.0,0.0,0.0,0.0,0.0,0.0,0,0,0,0,0,0,0,0,0,0,0,1,0,0,1,0,1
854330168,23.780445,23.372631,0.446825,0.02395237,-1.0,1.3885528,0.23859628,1.0781841,nan,6,3.8954384,3.8954384,3.8954384,3.8954384,3.8954384,3.8954384,0.0,0.0,0.0,0.0,0.0,0.0,0.0,0.0,0.0,0.0,0.0,0.0,0.0,0.0,0,0,0,0,0,0,0,0,0,0,0,1,0,0,1,0,1
854528877,23.219017,23.356125,0.0,0.018351153,-1.0,1.3889459,0.23171933,1.078946,nan,6,3.8926876,3.8926876,3.8926876,3.8926876,3.8926876,3.8926876,0.0,0.0,0.0,0.0,0.0,0.0,0.0,0.0,0.0,0.0,0.0,0.0,0.0,0.0,0,0,0,0,0,0,0,0,0,0,0,1,0,0,1,0,1
854738878,23.420439,23.377748,0.0,0.022224728,-1.0,1.3905717,0.24072869,1.0779481,nan,6,3.8962915,3.8962915,3.8962915,3.8962915,3.8962915,3.8962915,0.0,0.0,0.0,0.0,0.0,0.0,0.0,0.0,0.0,0.0,0.0,0.0,0.0,0.0,0,0,0,0,0,0,0,0,0,0,0,1,0,0,1,0,1
854941617,23.432287,23.353182,0.0,0.014956605,-1.0,1.3905717,0.2304929,1.079082,nan,6,3.892197,3.892197,3.892197,3.892197,3.892197,3.892197,0.0,0.0,0.0,0.0,0.0,0.0,0.0,0.0,0.0,0.0,0.0,0.0,0.0,0.0,0,0,0,0,0,0,0,0,0,0,0,1,0,0,1,0,1
855128877,22.769693,23.334183,0.0,0.023954771,-1.0,1.3935003,0.22257645,1.0799606,nan,6,3.8890305,3.8890305,3.8890305,3.8890305,3.8890305,3.8890305,0.0,0.0,0.0,0.0,0.0,0.0,0.0,0.0,0.0,0.0,0.0,0.0,0.0,0.0,0,0,0,0,0,0,0,0,0,0,0,1,0,0,1,0,1
855328877,23.242714,23.33674,0.0,0.017189382,-1.0,1.3936886,0.22364171,1.0798423,nan,6,3.8894567,3.8894567,3.8894567,3.8894567,3.8894567,3.8894567,0.0,0.0,0.0,0.0,0.0,0.0,0.0,0.0,0.0,0.0,0.0,0.0,0.0,0.0,0,0,0,0,0,0,0,0,0,0,0,1,0,0,1,0,1
855528877,23.09689,23.323011,0.0,0.013177875,-1.0,1.3939829,0.21792157,1.080478,nan,6,3.8871686,3.8871686,3.8871686,3.8871686,3.8871686,3.8871686,0.0,0.0,0.0,0.0,0.0,0.0,0.0,0.0,0.0,0.0,0.0,0.0,0.0,0.0,0,0,0,0,0,0,0,0,0,0,0,1,0,0,1,0,1
855728887,23.785912,23.332502,0.07874375,0.010412325,-1.0,1.3942019,0.22187646,1.0800384,nan,6,3.8887503,3.8887503,3.8887503,3.8887503,3.8887503,3.8887503,0.0,0.0,0.0,0.0,0.0,0.0,0.0,0.0,0.0,0.0,0.0,0.0,0.0,0.0,0,0,0,0,0,0,0,0,0,0,0,1,0,0,1,0,1
855929169,23.141546,23.332787,0.0,0.0070071965,-1.0,1.3942019,0.22199471,1.0800253,nan,6,3.8887978,3.8887978,3.8887978,3.8887978,3.8887978,3.8887978,0.0,0.0,0.0,0.0,0.0,0.0,0.0,0.0,0.0,0.0,0.0,0.0,0.0,0.0,0,0,0,0,0,0,0,0,0,0,0,1,0,0,1,0,1
856139695,23.999182,23.412045,0.0,0.0046231793,-1.0,1.3942019,0.25501853,1.076369,nan,6,3.9020073,3.9020073,3.9020073,3.9020073,3.9020073,3.9020073,0.0,0.0,0.0,0.0,0.0,0.0,0.0,0.0,0.0,0.0,0.0,0.0,0.0,0.0,0,0,0,0,0,0,0,0,0,0,0,1,0,0,1,0,1
856340177,24.044752,23.490206,0.0,0.0031112675,-1.0,1.3942019,0.28758556,1.0727875,nan,6,3.9150343,3.9150343,3.9150343,3.9150343,3.9150343,3.9150343,0.0,0.0,0.0,0.0,0.0,0.0,0.0,0.0,0.0,0.0,0.0,0.0,0.0,0.0,0,0,0,0,0,0,0,0,0,0,0,1,0,0,1,0,1
856539258,23.8807,23.54612,0.0,0.0020937938,-1.0,1.3942019,0.31088382,1.07024,nan,6,3.9243534,3.9243534,3.9243534,3.9243534,3.9243534,3.9243534,0.0,0.0,0.0,0.0,0.0,0.0,0.0,0.0,0.0,0.0,0.0,0.0,0.0,0.0,0,0,0,0,0,0,0,0,0,0,0,1,0,0,1,0,0
856728877,23.614569,23.595945,0.0,0.0014372447,-1.0,1.3942019,0.33164436,1.06798,nan,6,3.9326575,3.9326575,3.9326575,3.9326575,3.9326575,3.9326575,0.0,0.0,0.0,0.0,0.0,0.0,0.0,0.0,0.0,0.0,0.0,0.0,0.0,0.0,0,0,0,0,0,0,0,0,0,0,0,1,0,0,1,0,0
856928878,23.569908,23.630573,0.0,0.0009672245,-1.0,1.3942019,0.3460725,1.0664151,nan,6,3.9384289,3.9384289,3.9384289,3.9384289,3.9384289,3.9384289,0.0,0.0,0.0,0.0,0.0,0.0,0.0,0.0,0.0,0.0,0.0,0.0,0.0,0.0,0,0,0,0,0,0,0,0,0,0,0,1,0,0,1,0,0
857129054,23.818722,23.662458,0.0,0.0013204839,-1.0,1.3943084,0.35935813,1.064978,nan,6,3.943743,3.943743,3.943743,3.943743,3.943743,3.943743,0.0,0.0,0.0,0.0,0.0,0.0,0.0,0.0,0.0,0.0,0.0,0.0,0.0,0.0,0,0,0,0,0,0,0,0,0,0,0,1,0,0,1,0,0
857328878,23.931738,23.681679,0.0,0.0015195981,-1.0,1.3944181,0.36736614,1.0641137,nan,6,3.9469464,3.9469464,3.9469464,3.9469464,3.9469464,3.9469464,0.0,0.0,0.0,0.0,0.0,0.0,0.0,0.0,0.0,0.0,0.0,0.0,0.0,0.0,0,0,0,0,0,0,0,0,0,0,0,1,0,0,1,0,0
857529750,23.740341,23.693588,0.0,0.001022646,-1.0,1.3944181,0.37232906,1.0635788,nan,6,3.9489315,3.9489315,3.9489315,3.9489315,3.9489315,3.9489315,0.0,0.0,0.0,0.0,0.0,0.0,0.0,0.0,0.0,0.0,0.0,0.0,0.0,0.0,0,0,0,0,0,0,0,0,0,0,0,1,0,0,1,0,0
857738881,23.39036,23.698874,0.0,0.0006747171,-1.0,1.3944181,0.3745311,1.0633416,nan,6,3.9498122,3.9498122,3.9498122,3.9498122,3.9498122,3.9498122,0.0,0.0,0.0,0.0,0.0,0.0,0.0,0.0,0.0,0.0,0.0,0.0,0.0,0.0,0,0,0,0,0,0,0,0,0,0,0,1,0,0,1,0,0
857939001,24.402935,23.714897,0.39921248,0.022368884,-1.0,1.3977178,0.38120776,1.0626231,nan,6,3.952483,3.952483,3.952483,3.952483,3.952483,3.952483,0.0,0.0,0.0,0.0,0.0,0.0,0.0,0.0,0.0,0.0,0.0,0.0,0.0,0.0,0,0,0,0,0,0,0,0,0,0,0,1,0,0,1,0,0
858139535,23.742165,23.713161,0.0,0.01505362,-1.0,1.3977178,0.38048393,1.062701,nan,6,3.9521935,3.9521935,3.9521935,3.9521935,3.9521935,3.9521935,0.0,0.0,0.0,0.0,0.0,0.0,0.0,0.0,0.0,0.0,0.0,0.0,0.0,0.0,0,0,0,0,0,0,0,0,0,0,0,1,0,0,1,0,0
858329835,23.29922,23.724615,0.0,0.0142828515,-1.0,1.3984505,0.3852561,1.0621879,nan,6,3.9541025,3.9541025,3.9541025,3.9541025,3.9541025,3.9541025,0.0,0.0,0.0,0.0,0.0,0.0,0.0,0.0,0.0,0.0,0.0,0.0,0.0,0.0,0,0,0,0,0,0,0,0,0,0,0,1,0,0,1,0,0
858529299,23.411325,23.691986,0.0,0.009611951,-1.0,1.3984505,0.37166148,1.0636507,nan,6,3.9486644,3.9486644,3.9486644,3.9486644,3.9486644,3.9486644,0.0,0.0,0.0,0.0,0.0,0.0,0.0,0.0,0.0,0.0,0.0,0.0,0.0,0.0,0,0,0,0,0,0,0,0,0,0,0,1,0,0,1,0,0
858728877,23.255472,23.656311,0.0,0.021753885,-1.0,1.4008417,0.35679656,1.0652548,nan,6,3.9427185,3.9427185,3.9427185,3.9427185,3.9427185,3.9427185,0.0,0.0,0.0,0.0,0.0,0.0,0.0,0.0,0.0,0.0,0.0,0.0,0.0,0.0,0,0,0,0,0,0,0,0,0,0,0,1,0,0,1,0,0
858938985,23.595427,23.60977,0.0,0.01789037,-1.0,1.4015008,0.33740455,1.0673547,nan,6,3.9349616,3.9349616,3.9349616,3.9349616,3.9349616,3.9349616,0.0,0.0,0.0,0.0,0.0,0.0,0.0,0.0,0.0,0.0,0.0,0.0,0.0,0.0,0,0,0,0,0,0,0,0,0,0,0,1,0,0,1,0,0
859138901,23.490616,23.577263,0.0,0.04730498,-1.0,1.407039,0.3238595,1.0688263,nan,6,3.9295437,3.9295437,3.9295437,3.9295437,3.9295437,3.9295437,0.0,0.0,0.0,0.0,0.0,0.0,0.0,0.0,0.0,0.0,0.0,0.0,0.0,0.0,0,0,0,0,0,0,0,0,0,0,0,1,0,0,1,0,0
859328877,23.352083,23.55155,0.0,0.04323174,-1.0,1.4092164,0.31314594,1.0699933,nan,6,3.9252584,3.9252584,3.9252584,3.9252584,3.9252584,3.9252584,0.0,0.0,0.0,0.0,0.0,0.0,0.0,0.0,0.0,0.0,0.0,0.0,0.0,0.0,0,0,0,0,0,0,0,0,0,0,0,1,0,0,1,0,0
859528879,23.476034,23.523224,0.0,0.036597773,-1.0,1.4105486,0.30134326,1.0712817,nan,6,3.9205372,3.9205372,3.9205372,3.9205372,3.9205372,3.9205372,0.0,0.0,0.0,0.0,0.0,0.0,0.0,0.0,0.0,0.0,0.0,0.0,0.0,0.0,0,0,0,0,0,0,0,0,0,0,0,1,0,0,1,0,0
859728877,23.610922,23.499374,0.0,0.02462925,-1.0,1.4105486,0.29140598,1.072369,nan,6,3.9165623,3.9165623,3.9165623,3.9165623,3.9165623,3.9165623,0.0,0.0,0.0,0.0,0.0,0.0,0.0,0.0,0.0,0.0,0.0,0.0,0.0,0.0,0,0,0,0,0,0,0,0,0,0,0,1,0,0,1,0,1
859929480,23.004835,23.4749,0.0,0.021289077,-1.0,1.4115249,0.28120834,1.073487,nan,6,3.9124832,3.9124832,3.9124832,3.9124832,3.9124832,3.9124832,0.0,0.0,0.0,0.0,0.0,0.0,0.0,0.0,0.0,0.0,0.0,0.0,0.0,0.0,0,0,0,0,0,0,0,0,0,0,0,1,0,0,1,0,1
860129716,22.841696,23.46478,0.0,0.02009363,-1.0,1.4125617,0.27699214,1.0739498,nan,6,3.9107969,3.9107969,3.9107969,3.9107969,3.9107969,3.9107969,0.0,0.0,0.0,0.0,0.0,0.0,0.0,0.0,0.0,0.0,0.0,0.0,0.0,0.0,0,0,0,0,0,0,0,0,0,0,0,1,0,0,1,0,1
860338877,23.517048,23.46536,0.0,0.020620877,-1.0,1.4138584,0.27723342,1.0739235,nan,6,3.9108934,3.9108934,3.9108934,3.9108934,3.9108934,3.9108934,0.0,0.0,0.0,0.0,0.0,0.0,0.0,0.0,0.0,0.0,0.0,0.0,0.0,0.0,0,0,0,0,0,0,0,0,0,0,0,1,0,0,1,0,1
860539173,23.68839,23.434872,0.0,0.013877261,-1.0,1.4138584,0.26453048,1.0753205,nan,6,3.905812,3.905812,3.905812,3.905812,3.905812,3.905812,0.0,0.0,0.0,0.0,0.0,0.0,0.0,0.0,0.0,0.0,0.0,0.0,0.0,0.0,0,0,0,0,0,0,0,0,0,0,0,1,0,0,1,0,1
860728920,23.844244,23.425144,0.0,0.010355764,-1.0,1.4139955,0.26047736,1.075767,nan,6,3.9041908,3.9041908,3.9041908,3.9041908,3.9041908,3.9041908,0.0,0.0,0.0,0.0,0.0,0.0,0.0,0.0,0.0,0.0,0.0,0.0,0.0,0.0,0,0,0,0,0,0,0,0,0,0,0,1,0,0,1,0,1
860928877,23.541655,23.424074,0.0,0.008760442,-1.0,1.4142703,0.26003104,1.0758162,nan,6,3.9040124,3.9040124,3.9040124,3.9040124,3.9040124,3.9040124,0.0,0.0,0.0,0.0,0.0,0.0,0.0,0.0,0.0,0.0,0.0,0.0,0.0,0.0,0,0,0,0,0,0,0,0,0,0,0,1,0,0,1,0,1
861128878,23.426817,23.42598,0.0,0.010164221,-1.0,1.4150844,0.26082546,1.0757287,nan,6,3.90433,3.90433,3.90433,3.90433,3.90433,3.90433,0.0,0.0,0.0,0.0,0.0,0.0,0.0,0.0,0.0,0.0,0.0,0.0,0.0,0.0,0,0,0,0,0,0,0,0,0,0,0,1,0,0,1,0,1
861328877,23.50611,23.447754,0.0,0.008401405,-1.0,1.4153539,0.26989776,1.0747298,nan,6,3.907959,3.907959,3.907959,3.907959,3.907959,3.907959,0.0,0.0,0.0,0.0,0.0,0.0,0.0,0.0,0.0,0.0,0.0,0.0,0.0,0.0,0,0,0,0,0,0,0,0,0,0,0,1,0,0,1,0,1
861529000,23.729404,23.479788,0.0,0.0056539048,-1.0,1.4153539,0.28324538,1.0732634,nan,6,3.913298,3.913298,3.913298,3.913298,3.913298,3.913298,0.0,0.0,0.0,0.0,0.0,0.0,0.0,0.0,0.0,0.0,0.0,0.0,0.0,0.0,0,0,0,0,0,0,0,0,0,0,0,1,0,0,1,0,1
861738877,23.91989,23.526005,0.0,0.010075281,-1.0,1.4163665,0.30250198,1.0711551,nan,6,3.9210007,3.9210007,3.9210007,3.9210007,3.9210007,3.9210007,0.0,0.0,0.0,0.0,0.0,0.0,0.0,0.0,0.0,0.0,0.0,0.0,0.0,0.0,0,0,0,0,0,0,0,0,0,0,0,1,0,0,1,0,0
861938890,23.661049,23.564808,0.0,0.008829378,-1.0,1.4167124,0.31867057,1.0693913,nan,6,3.927468,3.927468,3.927468,3.927468,3.927468,3.927468,0.0,0.0,0.0,0.0,0.0,0.0,0.0,0.0,0.0,0.0,0.0,0.0,0.0,0.0,0,0,0,0,0,0,0,0,0,0,0,1,0,0,1,0,0
862128877,23.839685,23.592737,0.0,0.009554418,-1.0,1.417293,0.3303073,1.0681252,nan,6,3.932123,3.932123,3.932123,3.932123,3.932123,3.932123,0.0,0.0,0.0,0.0,0.0,0.0,0.0,0.0,0.0,0.0,0.0,0.0,0.0,0.0,0,0,0,0,0,0,0,0,0,0,0,1,0,0,1,0,0
862339086,22.9301,23.58919,0.0,0.023496801,-1.0,1.4199821,0.3288291,1.068286,nan,6,3.9315317,3.9315317,3.9315317,3.9315317,3.9315317,3.9315317,0.0,0.0,0.0,0.0,0.0,0.0,0.0,0.0,0.0,0.0,0.0,0.0,0.0,0.0,0,0,0,0,0,0,0,0,0,0,0,1,0,0,1,0,0
862529168,23.378513,23.544239,0.0,0.016128926,-1.0,1.4199821,0.3100999,1.0703255,nan,6,3.9240398,3.9240398,3.9240398,3.9240398,3.9240398,3.9240398,0.0,0.0,0.0,0.0,0.0,0.0,0.0,0.0,0.0,0.0,0.0,0.0,0.0,0.0,0,0,0,0,0,0,0,0,0,0,0,1,0,0,1,0,0
862729515,23.307423,23.510263,0.0,0.013303467,-1.0,1.4204657,0.29594356,1.0718722,nan,6,3.9183772,3.9183772,3.9183772,3.9183772,3.9183772,3.9183772,0.0,0.0,0.0,0.0,0.0,0.0,0.0,0.0,0.0,0.0,0.0,0.0,0.0,0.0,0,0,0,0,0,0,0,0,0,0,0,1,0,0,1,0,1
862928903,23.22084,23.474182,0.0,0.008952853,-1.0,1.4204657,0.28090984,1.0735197,nan,6,3.9123638,3.9123638,3.9123638,3.9123638,3.9123638,3.9123638,0.0,0.0,0.0,0.0,0.0,0.0,0.0,0.0,0.0,0.0,0.0,0.0,0.0,0.0,0,0,0,0,0,0,0,0,0,0,0,1,0,0,1,0,1
863138877,23.263676,23.45343,0.0,0.0062822984,-1.0,1.4205319,0.27226287,1.0744697,nan,6,3.908905,3.908905,3.908905,3.908905,3.908905,3.908905,0.0,0.0,0.0,0.0,0.0,0.0,0.0,0.0,0.0,0.0,0.0,0.0,0.0,0.0,0,0,0,0,0,0,0,0,0,0,0,1,0,0,1,0,1
863338877,23.322004,23.44258,0.0,0.0042278063,-1.0,1.4205319,0.2677415,1.074967,nan,6,3.9070966,3.9070966,3.9070966,3.9070966,3.9070966,3.9070966,0.0,0.0,0.0,0.0,0.0,0.0,0.0,0.0,0.0,0.0,0.0,0.0,0.0,0.0,0,0,0,0,0,0,0,0,0,0,0,1,0,0,1,0,1
863538877,23.80323,23.43453,0.0,0.0065127877,-1.0,1.4212034,0.26438743,1.0753362,nan,6,3.905755,3.905755,3.905755,3.905755,3.905755,3.905755,0.0,0.0,0.0,0.0,0.0,0.0,0.0,0.0,0.0,0.0,0.0,0.0,0.0,0.0,0,0,0,0,0,0,0,0,0,0,0,1,0,0,1,0,1
863728877,23.012127,23.41976,0.0,0.0044705784,-1.0,1.4212034,0.25823337,1.0760144,nan,6,3.9032934,3.9032934,3.9032934,3.9032934,3.9032934,3.9032934,0.0,0.0,0.0,0.0,0.0,0.0,0.0,0.0,0.0,0.0,0.0,0.0,0.0,0.0,0,0,0,0,0,0,0,0,0,0,0,1,0,0,1,0,1
863928880,23.861559,23.442396,0.0,0.013482242,-1.0,1.4229072,0.2676652,1.0749754,nan,6,3.907066,3.907066,3.907066,3.907066,3.907066,3.907066,0.0,0.0,0.0,0.0,0.0,0.0,0.0,0.0,0.0,0.0,0.0,0.0,0.0,0.0,0,0,0,0,0,0,0,0,0,0,0,1,0,0,1,0,1
864128972,23.823278,23.491177,0.0,0.009073162,-1.0,1.4229072,0.28799087,1.0727432,nan,6,3.9151962,3.9151962,3.9151962,3.9151962,3.9151962,3.9151962,0.0,0.0,0.0,0.0,0.0,0.0,0.0,0.0,0.0,0.0,0.0,0.0,0.0,0.0,0,0,0,0,0,0,0,0,0,0,0,1,0,0,1,0,1
864328878,23.969105,23.529657,0.0,0.006105978,-1.0,1.4229072,0.30402404,1.0709888,nan,6,3.9216096,3.9216096,3.9216096,3.9216096,3.9216096,3.9216096,0.0,0.0,0.0,0.0,0.0,0.0,0.0,0.0,0.0,0.0,0.0,0.0,0.0,0.0,0,0,0,0,0,0,0,0,0,0,0,1,0,0,1,0,0
864539417,23.759481,23.560575,0.0,0.007947236,-1.0,1.4236048,0.31690627,1.0695834,nan,6,3.9267626,3.9267626,3.9267626,3.9267626,3.9267626,3.9267626,0.0,0.0,0.0,0.0,0.0,0.0,0.0,0.0,0.0,0.0,0.0,0.0,0.0,0.0,0,0,0,0,0,0,0,0,0,0,0,1,0,0,1,0,0
864738877,23.898014,23.602423,0.0,0.005348264,-1.0,1.4236048,0.33434325,1.0676869,nan,6,3.933737,3.933737,3.933737,3.933737,3.933737,3.933737,0.0,0.0,0.0,0.0,0.0,0.0,0.0,0.0,0.0,0.0,0.0,0.0,0.0,0.0,0,0,0,0,0,0,0,0,0,0,0,1,0,0,1,0,0
864928878,23.436844,23.619986,0.0,0.0036712128,-1.0,1.4236048,0.3416608,1.0668931,nan,6,3.9366643,3.9366643,3.9366643,3.9366643,3.9366643,3.9366643,0.0,0.0,0.0,0.0,0.0,0.0,0.0,0.0,0.0,0.0,0.0,0.0,0.0,0.0,0,0,0,0,0,0,0,0,0,0,0,1,0,0,1,0,0
865128878,23.825102,23.642403,0.0,0.002470621,-1.0,1.4236048,0.35100108,1.0658815,nan,6,3.9404004,3.9404004,3.9404004,3.9404004,3.9404004,3.9404004,0.0,0.0,0.0,0.0,0.0,0.0,0.0,0.0,0.0,0.0,0.0,0.0,0.0,0.0,0,0,0,0,0,0,0,0,0,0,0,1,0,0,1,0,0
865329270,23.977308,23.654623,0.0,0.0016626574,-1.0,1.4236048,0.35609275,1.0653309,nan,6,3.9424372,3.9424372,3.9424372,3.9424372,3.9424372,3.9424372,0.0,0.0,0.0,0.0,0.0,0.0,0.0,0.0,0.0,0.0,0.0,0.0,0.0,0.0,0,0,0,0,0,0,0,0,0,0,0,1,0,0,1,0,0
865528878,23.55077,23.665121,0.0,0.0011189209,-1.0,1.4236048,0.36046726,1.0648583,nan,6,3.944187,3.944187,3.944187,3.944187,3.944187,3.944187,0.0,0.0,0.0,0.0,0.0,0.0,0.0,0.0,0.0,0.0,0.0,0.0,0.0,0.0,0,0,0,0,0,0,0,0,0,0,0,1,0,0,1,0,0
865728876,23.58996,23.679434,0.0,0.0007530016,-1.0,1.4236048,0.36643058,1.0642147,nan,6,3.9465723,3.9465723,3.9465723,3.9465723,3.9465723,3.9465723,0.0,0.0,0.0,0.0,0.0,0.0,0.0,0.0,0.0,0.0,0.0,0.0,0.0,0.0,0,0,0,0,0,0,0,0,0,0,0,1,0,0,1,0,0
865938876,23.955433,23.700235,0.0,0.0004968124,-1.0,1.4236048,0.37509853,1.0632805,nan,6,3.9500391,3.9500391,3.9500391,3.9500391,3.9500391,3.9500391,0.0,0.0,0.0,0.0,0.0,0.0,0.0,0.0,0.0,0.0,0.0,0.0,0.0,0.0,0,0,0,0,0,0,0,0,0,0,0,1,0,0,1,0,0
866138878,23.873407,23.727427,0.0,0.0003343405,-1.0,1.4236048,0.38642818,1.062062,nan,6,3.954571,3.954571,3.954571,3.954571,3.954571,3.954571,0.0,0.0,0.0,0.0,0.0,0.0,0.0,0.0,0.0,0.0,0.0,0.0,0.0,0.0,0,0,0,0,0,0,0,0,0,0,0,1,0,0,1,0,0
866338880,23.77133,23.752161,0.0,0.00022500158,-1.0,1.4236048,0.39673358,1.0609561,nan,6,3.9586935,3.9586935,3.9586935,3.9586935,3.9586935,3.9586935,0.0,0.0,0.0,0.0,0.0,0.0,0.0,0.0,0.0,0.0,0.0,0.0,0.0,0.0,0,0,0,0,0,0,0,0,0,0,0,1,0,0,1,0,0
866529225,23.7449,23.77119,0.0,0.0009708355,-1.0,1.4237561,0.40466338,1.0601068,nan,6,3.9618652,3.9618652,3.9618652,3.9618652,3.9618652,3.9618652,0.0,0.0,0.0,0.0,0.0,0.0,0.0,0.0,0.0,0.0,0.0,0.0,0.0,0.0,0,0,0,0,0,0,0,0,0,0,0,1,0,0,1,0,0
866728878,23.999182,23.771221,0.0,0.00065334456,-1.0,1.4237561,0.40467578,1.0601053,nan,6,3.9618702,3.9618702,3.9618702,3.9618702,3.9618702,3.9618702,0.0,0.0,0.0,0.0,0.0,0.0,0.0,0.0,0.0,0.0,0.0,0.0,0.0,0.0,0,0,0,0,0,0,0,0,0,0,0,1,0,0,1,0,0
866928877,23.735785,23.763042,0.0,0.0004396822,-1.0,1.4237561,0.4012683,1.0604702,nan,6,3.9605072,3.9605072,3.9605072,3.9605072,3.9605072,3.9605072,0.0,0.0,0.0,0.0,0.0,0.0,0.0,0.0,0.0,0.0,0.0,0.0,0.0,0.0,0,0,0,0,0,0,0,0,0,0,0,1,0,0,1,0,0
867128878,24.018322,23.768145,0.0,0.002257248,-1.0,1.4240817,0.40339404,1.0602425,nan,6,3.9613574,3.9613574,3.9613574,3.9613574,3.9613574,3.9613574,0.0,0.0,0.0,0.0,0.0,0.0,0.0,0.0,0.0,0.0,0.0,0.0,0.0,0.0,0,0,0,0,0,0,0,0,0,0,0,1,0,0,1,0,0
867338876,24.01103,23.779474,0.0,0.0092726825,-1.0,1.4254237,0.40811473,1.0597373,nan,6,3.9632456,3.9632456,3.9632456,3.9632456,3.9632456,3.9632456,0.0,0.0,0.0,0.0,0.0,0.0,0.0,0.0,0.0,0.0,0.0,0.0,0.0,0.0,0,0,0,0,0,0,0,0,0,0,0,1,0,0,1,0,0
867538877,23.77133,23.776558,0.0,0.0062402487,-1.0,1.4254237,0.40689975,1.0598674,nan,6,3.9627597,3.9627597,3.9627597,3.9627597,3.9627597,3.9627597,0.0,0.0,0.0,0.0,0.0,0.0,0.0,0.0,0.0,0.0,0.0,0.0,0.0,0.0,0,0,0,0,0,0,0,0,0,0,0,1,0,0,1,0,0
867738998,23.490616,23.782032,0.0,0.0041995086,-1.0,1.4254237,0.40918,1.0596235,nan,6,3.963672,3.963672,3.963672,3.963672,3.963672,3.963672,0.0,0.0,0.0,0.0,0.0,0.0,0.0,0.0,0.0,0.0,0.0,0.0,0.0,0.0,0,0,0,0,0,0,0,0,0,0,0,1,0,0,1,0,0
867929376,23.793203,23.771736,0.0,0.002882672,-1.0,1.4254237,0.40489036,1.0600824,nan,6,3.961956,3.961956,3.961956,3.961956,3.961956,3.961956,0.0,0.0,0.0,0.0,0.0,0.0,0.0,0.0,0.0,0.0,0.0,0.0,0.0,0.0,0,0,0,0,0,0,0,0,0,0,0,1,0,0,1,0,0
868128892,24.00374,23.77715,0.0,0.0019399559,-1.0,1.4254237,0.4071458,1.059841,nan,6,3.9628582,3.9628582,3.9628582,3.9628582,3.9628582,3.9628582,0.0,0.0,0.0,0.0,0.0,0.0,0.0,0.0,0.0,0.0,0.0,0.0,0.0,0.0,0,0,0,0,0,0,0,0,0,0,0,1,0,0,1,0,0
868328877,23.576288,23.783148,0.0,0.0013055349,-1.0,1.4254237,0.40964538,1.0595737,nan,6,3.963858,3.963858,3.963858,3.963858,3.963858,3.963858,0.0,0.0,0.0,0.0,0.0,0.0,0.0,0.0,0.0,0.0,0.0,0.0,0.0,0.0,0,0,0,0,0,0,0,0,0,0,0,1,0,0,1,0,0
868528878,23.91989,23.79586,0.0,0.00087858766,-1.0,1.4254237,0.4149421,1.0590076,nan,6,3.9659767,3.9659767,3.9659767,3.9659767,3.9659767,3.9659767,0.0,0.0,0.0,0.0,0.0,0.0,0.0,0.0,0.0,0.0,0.0,0.0,0.0,0.0,0,0,0,0,0,0,0,0,0,0,0,1,0,0,1,0,0
868738877,23.667429,23.811325,0.0,0.0005796709,-1.0,1.4254237,0.42138606,1.0583198,nan,6,3.9685543,3.9685543,3.9685543,3.9685543,3.9685543,3.9685543,0.0,0.0,0.0,0.0,0.0,0.0,0.0,0.0,0.0,0.0,0.0,0.0,0.0,0.0,0,0,0,0,0,0,0,0,0,0,0,1,0,0,1,0,0
868938877,23.26641,23.799109,0.0,0.00039010192,-1.0,1.4254237,0.41629535,1.0588632,nan,6,3.9665182,3.9665182,3.9665182,3.9665182,3.9665182,3.9665182,0.0,0.0,0.0,0.0,0.0,0.0,0.0,0.0,0.0,0.0,0.0,0.0,0.0,0.0,0,0,0,0,0,0,0,0,0,0,0,1,0,0,1,0,0
869138879,23.722115,23.796614,0.0,0.007909426,-1.0,1.426572,0.41525584,1.0589741,nan,6,3.9661024,3.9661024,3.9661024,3.9661024,3.9661024,3.9661024,0.0,0.0,0.0,0.0,0.0,0.0,0.0,0.0,0.0,0.0,0.0,0.0,0.0,0.0,0,0,0,0,0,0,0,0,0,0,0,1,0,0,1,0,0
869328877,23.85609,23.781658,0.0,0.005429274,-1.0,1.426572,0.40902454,1.05964,nan,6,3.9636097,3.9636097,3.9636097,3.9636097,3.9636097,3.9636097,0.0,0.0,0.0,0.0,0.0,0.0,0.0,0.0,0.0,0.0,0.0,0.0,0.0,0.0,0,0,0,0,0,0,0,0,0,0,0,1,0,0,1,0,0
869528876,23.497908,23.772493,0.0,0.008289256,-1.0,1.4272689,0.40520602,1.0600486,nan,6,3.9620821,3.9620821,3.9620821,3.9620821,3.9620821,3.9620821,0.0,0.0,0.0,0.0,0.0,0.0,0.0,0.0,0.0,0.0,0.0,0.0,0.0,0.0,0,0,0,0,0,0,0,0,0,0,0,1,0,0,1,0,0
869728877,23.27279,23.761353,0.0,0.005578432,-1.0,1.4272689,0.40056354,1.0605457,nan,6,3.9602253,3.9602253,3.9602253,3.9602253,3.9602253,3.9602253,0.0,0.0,0.0,0.0,0.0,0.0,0.0,0.0,0.0,0.0,0.0,0.0,0.0,0.0,0,0,0,0,0,0,0,0,0,0,0,1,0,0,1,0,0
869928882,23.71209,23.76427,0.0,0.007370373,-1.0,1.4278691,0.40177947,1.0604154,nan,6,3.9607117,3.9607117,3.9607117,3.9607117,3.9607117,3.9607117,0.0,0.0,0.0,0.0,0.0,0.0,0.0,0.0,0.0,0.0,0.0,0.0,0.0,0.0,0,0,0,0,0,0,0,0,0,0,0,1,0,0,1,0,0
870138878,23.571732,23.742838,0.0,0.004862794,-1.0,1.4278691,0.39284927,1.0613726,nan,6,3.9571397,3.9571397,3.9571397,3.9571397,3.9571397,3.9571397,0.0,0.0,0.0,0.0,0.0,0.0,0.0,0.0,0.0,0.0,0.0,0.0,0.0,0.0,0,0,0,0,0,0,0,0,0,0,0,1,0,0,1,0,0
870339246,23.000278,23.679499,0.0,0.0032725213,-1.0,1.4278691,0.36645824,1.0642116,nan,6,3.946583,3.946583,3.946583,3.946583,3.946583,3.946583,0.0,0.0,0.0,0.0,0.0,0.0,0.0,0.0,0.0,0.0,0.0,0.0,0.0,0.0,0,0,0,0,0,0,0,0,0,0,0,1,0,0,1,0,0
870529689,23.644644,23.623146,0.0,0.006148994,-1.0,1.42846,0.34297782,1.0667503,nan,6,3.937191,3.937191,3.937191,3.937191,3.937191,3.937191,0.0,0.0,0.0,0.0,0.0,0.0,0.0,0.0,0.0,0.0,0.0,0.0,0.0,0.0,0,0,0,0,0,0,0,0,0,0,0,1,0,0,1,0,0
870728899,23.713911,23.603903,0.0,0.004477844,-1.0,1.428521,0.33495933,1.06762,nan,6,3.9339838,3.9339838,3.9339838,3.9339838,3.9339838,3.9339838,0.0,0.0,0.0,0.0,0.0,0.0,0.0,0.0,0.0,0.0,0.0,0.0,0.0,0.0,0,0,0,0,0,0,0,0,0,0,0,1,0,0,1,0,0
870928877,23.279171,23.586073,0.0,0.014077591,-1.0,1.4305354,0.3275302,1.0684271,nan,6,3.9310122,3.9310122,3.9310122,3.9310122,3.9310122,3.9310122,0.0,0.0,0.0,0.0,0.0,0.0,0.0,0.0,0.0,0.0,0.0,0.0,0.0,0.0,0,0,0,0,0,0,0,0,0,0,0,1,0,0,1,0,0
871128877,23.785002,23.566483,0.0,0.009473816,-1.0,1.4305354,0.3193677,1.0693153,nan,6,3.927747,3.927747,3.927747,3.927747,3.927747,3.927747,0.0,0.0,0.0,0.0,0.0,0.0,0.0,0.0,0.0,0.0,0.0,0.0,0.0,0.0,0,0,0,0,0,0,0,0,0,0,0,1,0,0,1,0,0
871328880,23.773151,23.55519,0.0,0.013198214,-1.0,1.4316602,0.31466228,1.0698279,nan,6,3.925865,3.925865,3.925865,3.925865,3.925865,3.925865,0.0,0.0,0.0,0.0,0.0,0.0,0.0,0.0,0.0,0.0,0.0,0.0,0.0,0.0,0,0,0,0,0,0,0,0,0,0,0,1,0,0,1,0,0
871528899,23.845154,23.555693,0.0,0.016039014,-1.0,1.4329988,0.3148721,1.069805,nan,6,3.9259489,3.9259489,3.9259489,3.9259489,3.9259489,3.9259489,0.0,0.0,0.0,0.0,0.0,0.0,0.0,0.0,0.0,0.0,0.0,0.0,0.0,0.0,0,0,0,0,0,0,0,0,0,0,0,1,0,0,1,0,0
871738877,23.956347,23.556667,0.24355625,0.016583612,-1.0,1.4338787,0.31527835,1.0697608,nan,6,3.9261112,3.9261112,3.9261112,3.9261112,3.9261112,3.9261112,0.0,0.0,0.0,0.0,0.0,0.0,0.0,0.0,0.0,0.0,0.0,0.0,0.0,0.0,0,0,0,0,0,0,0,0,0,0,0,1,0,0,1,0,0
871938878,23.654669,23.565329,0.0,0.01158934,-1.0,1.4339492,0.31888705,1.0693675,nan,6,3.9275548,3.9275548,3.9275548,3.9275548,3.9275548,3.9275548,0.0,0.0,0.0,0.0,0.0,0.0,0.0,0.0,0.0,0.0,0.0,0.0,0.0,0.0,0,0,0,0,0,0,0,0,0,0,0,1,0,0,1,0,0
872128877,23.768595,23.544724,0.0,0.008486684,-1.0,1.4340357,0.31030208,1.0703034,nan,6,3.9241207,3.9241207,3.9241207,3.9241207,3.9241207,3.9241207,0.0,0.0,0.0,0.0,0.0,0.0,0.0,0.0,0.0,0.0,0.0,0.0,0.0,0.0,0,0,0,0,0,0,0,0,0,0,0,1,0,0,1,0,0
872328930,23.078661,23.535835,0.0,0.006211441,-1.0,1.4341171,0.306598,1.0707077,nan,6,3.9226391,3.9226391,3.9226391,3.9226391,3.9226391,3.9226391,0.0,0.0,0.0,0.0,0.0,0.0,0.0,0.0,0.0,0.0,0.0,0.0,0.0,0.0,0,0,0,0,0,0,0,0,0,0,0,1,0,0,1,0,0
872529315,23.88799,23.521759,0.10071875,0.0061549996,-1.0,1.434405,0.3007329,1.0713484,nan,6,3.920293,3.920293,3.920293,3.920293,3.920293,3.920293,0.0,0.0,0.0,0.0,0.0,0.0,0.0,0.0,0.0,0.0,0.0,0.0,0.0,0.0,0,0,0,0,0,0,0,0,0,0,0,1,0,0,1,0,0
872728878,23.743076,23.52205,0.0,0.009832063,-1.0,1.4354095,0.30085498,1.0713351,nan,6,3.9203417,3.9203417,3.9203417,3.9203417,3.9203417,3.9203417,0.0,0.0,0.0,0.0,0.0,0.0,0.0,0.0,0.0,0.0,0.0,0.0,0.0,0.0,0,0,0,0,0,0,0,0,0,0,0,1,0,0,1,0,0
872938876,23.781355,23.49054,0.0,0.0064869565,-1.0,1.4354095,0.2877248,1.0727723,nan,6,3.9150898,3.9150898,3.9150898,3.9150898,3.9150898,3.9150898,0.0,0.0,0.0,0.0,0.0,0.0,0.0,0.0,0.0,0.0,0.0,0.0,0.0,0.0,0,0,0,0,0,0,0,0,0,0,0,1,0,0,1,0,1
873139387,23.647377,23.484652,0.0,0.00728227,-1.0,1.4359256,0.28527194,1.0730412,nan,6,3.9141085,3.9141085,3.9141085,3.9141085,3.9141085,3.9141085,0.0,0.0,0.0,0.0,0.0,0.0,0.0,0.0,0.0,0.0,0.0,0.0,0.0,0.0,0,0,0,0,0,0,0,0,0,0,0,1,0,0,1,0,1
873328877,23.659225,23.494425,0.0,0.0049987747,-1.0,1.4359256,0.28934413,1.0725948,nan,6,3.9157374,3.9157374,3.9157374,3.9157374,3.9157374,3.9157374,0.0,0.0,0.0,0.0,0.0,0.0,0.0,0.0,0.0,0.0,0.0,0.0,0.0,0.0,0,0,0,0,0,0,0,0,0,0,0,1,0,0,1,0,1
873528876,23.732138,23.499989,0.0,0.004497939,-1.0,1.4361138,0.2916625,1.0723408,nan,6,3.9166648,3.9166648,3.9166648,3.9166648,3.9166648,3.9166648,0.0,0.0,0.0,0.0,0.0,0.0,0.0,0.0,0.0,0.0,0.0,0.0,0.0,0.0,0,0,0,0,0,0,0,0,0,0,0,1,0,0,1,0,1
873728876,23.70024,23.494385,0.0,0.010743111,-1.0,1.4373652,0.28932697,1.0725967,nan,6,3.9157307,3.9157307,3.9157307,3.9157307,3.9157307,3.9157307,0.0,0.0,0.0,0.0,0.0,0.0,0.0,0.0,0.0,0.0,0.0,0.0,0.0,0.0,0,0,0,0,0,0,0,0,0,0,0,1,0,0,1,0,1
873928877,23.093243,23.47896,0.0,0.011017888,-1.0,1.4379909,0.28290015,1.0733013,nan,6,3.91316,3.91316,3.91316,3.91316,3.91316,3.91316,0.0,0.0,0.0,0.0,0.0,0.0,0.0,0.0,0.0,0.0,0.0,0.0,0.0,0.0,0,0,0,0,0,0,0,0,0,0,0,1,0,0,1,0,1
874128944,22.906404,23.454794,0.0,0.010048999,-1.0,1.4384028,0.27283126,1.0744071,nan,6,3.9091322,3.9091322,3.9091322,3.9091322,3.9091322,3.9091322,0.0,0.0,0.0,0.0,0.0,0.0,0.0,0.0,0.0,0.0,0.0,0.0,0.0,0.0,0,0,0,0,0,0,0,0,0,0,0,1,0,0,1,0,1
874328964,23.86247,23.451359,0.0,0.010647169,-1.0,1.4391259,0.2713998,1.0745646,nan,6,3.9085598,3.9085598,3.9085598,3.9085598,3.9085598,3.9085598,0.0,0.0,0.0,0.0,0.0,0.0,0.0,0.0,0.0,0.0,0.0,0.0,0.0,0.0,0,0,0,0,0,0,0,0,0,0,0,1,0,0,1,0,1
874539302,23.2017,23.402449,0.0,0.007024745,-1.0,1.4391259,0.25102073,1.0768104,nan,6,3.900408,3.900408,3.900408,3.900408,3.900408,3.900408,0.0,0.0,0.0,0.0,0.0,0.0,0.0,0.0,0.0,0.0,0.0,0.0,0.0,0.0,0,0,0,0,0,0,0,0,0,0,0,1,0,0,1,0,1
874728877,23.260942,23.379793,0.0,0.016268453,-1.0,1.4409524,0.24158032,1.0778539,nan,6,3.8966322,3.8966322,3.8966322,3.8966322,3.8966322,3.8966322,0.0,0.0,0.0,0.0,0.0,0.0,0.0,0.0,0.0,0.0,0.0,0.0,0.0,0.0,0,0,0,0,0,0,0,0,0,0,0,1,0,0,1,0,1
874928878,23.743988,23.39164,0.032962497,0.015520181,-1.0,1.4417063,0.24651654,1.0773079,nan,6,3.8986065,3.8986065,3.8986065,3.8986065,3.8986065,3.8986065,0.0,0.0,0.0,0.0,0.0,0.0,0.0,0.0,0.0,0.0,0.0,0.0,0.0,0.0,0,0,0,0,0,0,0,0,0,0,0,1,0,0,1,0,1
875128878,24.214273,23.40081,0.83138746,0.042221796,-1.0,1.4465233,0.2503379,1.0768857,nan,6,3.900135,3.900135,3.900135,3.900135,3.900135,3.900135,0.0,0.0,0.0,0.0,0.0,0.0,0.0,0.0,0.0,0.0,0.0,0.0,0.0,0.0,0,0,0,0,0,0,0,0,0,0,0,1,0,0,1,0,1
875328917,23.9208,23.399231,0.1062125,0.030496659,-1.0,1.4468194,0.24967988,1.0769584,nan,6,3.8998718,3.8998718,3.8998718,3.8998718,3.8998718,3.8998718,0.0,0.0,0.0,0.0,0.0,0.0,0.0,0.0,0.0,0.0,0.0,0.0,0.0,0.0,0,0,0,0,0,0,0,0,0,0,0,1,0,0,1,0,1
875529163,22.964735,23.374634,0.0,0.02052338,-1.0,1.4468194,0.23943074,1.0780917,nan,6,3.8957722,3.8957722,3.8957722,3.8957722,3.8957722,3.8957722,0.0,0.0,0.0,0.0,0.0,0.0,0.0,0.0,0.0,0.0,0.0,0.0,0.0,0.0,0,0,0,0,0,0,0,0,0,0,0,1,0,0,1,0,1
875738877,23.805052,23.366974,0.0,0.021492252,-1.0,1.4480286,0.23623975,1.0784451,nan,6,3.8944957,3.8944957,3.8944957,3.8944957,3.8944957,3.8944957,0.0,0.0,0.0,0.0,0.0,0.0,0.0,0.0,0.0,0.0,0.0,0.0,0.0,0.0,0,0,0,0,0,0,0,0,0,0,0,1,0,0,1,0,1
876328879,23.601807,23.341545,0.0,0.014419086,-1.0,1.45016,0.22564442,1.07962,nan,6,3.8902576,3.8902576,3.8902576,3.8902576,3.8902576,3.8902576,0.0,0.0,0.0,0.0,0.0,0.0,0.0,0.0,0.0,0.0,0.0,0.0,0.0,0.0,0,0,0,0,0,0,0,0,0,0,0,1,0,0,1,0,1
876529088,23.276434,23.33454,0.0,0.014062999,-1.0,1.4510382,0.22272523,1.0799441,nan,6,3.8890898,3.8890898,3.8890898,3.8890898,3.8890898,3.8890898,0.0,0.0,0.0,0.0,0.0,0.0,0.0,0.0,0.0,0.0,0.0,0.0,0.0,0.0,0,0,0,0,0,0,0,0,0,0,0,1,0,0,1,0,1
876728895,23.819635,23.323843,0.0,0.009463994,-1.0,1.4510382,0.21826775,1.0804394,nan,6,3.8873072,3.8873072,3.8873072,3.8873072,3.8873072,3.8873072,0.0,0.0,0.0,0.0,0.0,0.0,0.0,0.0,0.0,0.0,0.0,0.0,0.0,0.0,0,0,0,0,0,0,0,0,0,0,0,1,0,0,1,0,1
876928897,23.083218,23.325363,0.0,0.019336699,-1.0,1.4534969,0.21890195,1.080369,nan,6,3.8875606,3.8875606,3.8875606,3.8875606,3.8875606,3.8875606,0.0,0.0,0.0,0.0,0.0,0.0,0.0,0.0,0.0,0.0,0.0,0.0,0.0,0.0,0,0,0,0,0,0,0,0,0,0,0,1,0,0,1,0,1
877138877,23.8488,23.308615,0.038456246,0.014074593,-1.0,1.4536953,0.21192296,1.0811453,nan,6,3.8847692,3.8847692,3.8847692,3.8847692,3.8847692,3.8847692,0.0,0.0,0.0,0.0,0.0,0.0,0.0,0.0,0.0,0.0,0.0,0.0,0.0,0.0,0,0,0,0,0,0,0,0,0,0,0,1,0,0,1,0,1
877338876,23.70115,23.31891,0.0,0.009471798,-1.0,1.4536953,0.21621259,1.080668,nan,6,3.886485,3.886485,3.886485,3.886485,3.886485,3.886485,0.0,0.0,0.0,0.0,0.0,0.0,0.0,0.0,0.0,0.0,0.0,0.0,0.0,0.0,0,0,0,0,0,0,0,0,0,0,0,1,0,0,1,0,1
877528876,23.270056,23.321905,0.0,0.016755018,-1.0,1.455534,0.21746095,1.0805291,nan,6,3.886984,3.886984,3.886984,3.886984,3.886984,3.886984,0.0,0.0,0.0,0.0,0.0,0.0,0.0,0.0,0.0,0.0,0.0,0.0,0.0,0.0,0,0,0,0,0,0,0,0,0,0,0,1,0,0,1,0,1
877728877,23.838774,23.303463,0.0,0.011275646,-1.0,1.455534,0.20977624,1.0813843,nan,6,3.8839104,3.8839104,3.8839104,3.8839104,3.8839104,3.8839104,0.0,0.0,0.0,0.0,0.0,0.0,0.0,0.0,0.0,0.0,0.0,0.0,0.0,0.0,0,0,0,0,0,0,0,0,0,0,0,1,0,0,1,0,1
877928878,23.75128,23.305717,0.0,0.0077994047,-1.0,1.4555645,0.2107156,1.0812798,nan,6,3.8842862,3.8842862,3.8842862,3.8842862,3.8842862,3.8842862,0.0,0.0,0.0,0.0,0.0,0.0,0.0,0.0,0.0,0.0,0.0,0.0,0.0,0.0,0,0,0,0,0,0,0,0,0,0,0,1,0,0,1,0,1
878129166,23.430464,23.287613,0.0,0.0052487757,-1.0,1.4555645,0.20317204,1.0821203,nan,6,3.8812687,3.8812687,3.8812687,3.8812687,3.8812687,3.8812687,0.0,0.0,0.0,0.0,0.0,0.0,0.0,0.0,0.0,0.0,0.0,0.0,0.0,0.0,0,0,0,0,0,0,0,0,0,0,0,1,0,0,1,0,1
878328900,23.0659,23.274157,0.0,0.0096611325,-1.0,1.4565548,0.19756539,1.0827459,nan,6,3.8790262,3.8790262,3.8790262,3.8790262,3.8790262,3.8790262,0.0,0.0,0.0,0.0,0.0,0.0,0.0,0.0,0.0,0.0,0.0,0.0,0.0,0.0,0,0,0,0,0,0,0,0,0,0,0,1,0,0,1,0,2
878540120,23.462362,23.255209,0.0,0.015902441,-1.0,1.4584717,0.18967088,1.083628,nan,6,3.875868,3.875868,3.875868,3.875868,3.875868,3.875868,0.0,0.0,0.0,0.0,0.0,0.0,0.0,0.0,0.0,0.0,0.0,0.0,0.0,0.0,0,0,0,0,0,0,0,0,0,0,0,1,0,0,1,0,2
878738877,23.729404,23.255112,0.0,0.010701889,-1.0,1.4584717,0.18962987,1.0836327,nan,6,3.8758519,3.8758519,3.8758519,3.8758519,3.8758519,3.8758519,0.0,0.0,0.0,0.0,0.0,0.0,0.0,0.0,0.0,0.0,0.0,0.0,0.0,0.0,0,0,0,0,0,0,0,0,0,0,0,1,0,0,1,0,2
878928877,22.598349,23.254324,0.0,0.009037249,-1.0,1.4587362,0.1893018,1.0836693,nan,6,3.8757207,3.8757207,3.8757207,3.8757207,3.8757207,3.8757207,0.0,0.0,0.0,0.0,0.0,0.0,0.0,0.0,0.0,0.0,0.0,0.0,0.0,0.0,0,0,0,0,0,0,0,0,0,0,0,1,0,0,1,0,2
879128891,22.839872,23.259304,0.0,0.0060818084,-1.0,1.4587362,0.191377,1.0834373,nan,6,3.8765507,3.8765507,3.8765507,3.8765507,3.8765507,3.8765507,0.0,0.0,0.0,0.0,0.0,0.0,0.0,0.0,0.0,0.0,0.0,0.0,0.0,0.0,0,0,0,0,0,0,0,0,0,0,0,1,0,0,1,0,2
879328879,22.574652,23.2744,0.0,0.016182244,-1.0,1.4609089,0.19766743,1.0827346,nan,6,3.8790667,3.8790667,3.8790667,3.8790667,3.8790667,3.8790667,0.0,0.0,0.0,0.0,0.0,0.0,0.0,0.0,0.0,0.0,0.0,0.0,0.0,0.0,0,0,0,0,0,0,0,0,0,0,0,1,0,0,1,0,2
879530030,23.440489,23.276983,0.0,0.016098076,-1.0,1.4616683,0.19874318,1.0826144,nan,6,3.8794973,3.8794973,3.8794973,3.8794973,3.8794973,3.8794973,0.0,0.0,0.0,0.0,0.0,0.0,0.0,0.0,0.0,0.0,0.0,0.0,0.0,0.0,0,0,0,0,0,0,0,0,0,0,0,1,0,0,1,0,2
879728910,23.70024,23.30487,0.0,0.0142504545,-1.0,1.4622587,0.21036275,1.081319,nan,6,3.884145,3.884145,3.884145,3.884145,3.884145,3.884145,0.0,0.0,0.0,0.0,0.0,0.0,0.0,0.0,0.0,0.0,0.0,0.0,0.0,0.0,0,0,0,0,0,0,0,0,0,0,0,1,0,0,1,0,1
879940899,23.517958,23.313984,0.0,0.012356251,-1.0,1.4627299,0.21416028,1.0808963,nan,6,3.885664,3.885664,3.885664,3.885664,3.885664,3.885664,0.0,0.0,0.0,0.0,0.0,0.0,0.0,0.0,0.0,0.0,0.0,0.0,0.0,0.0,0,0,0,0,0,0,0,0,0,0,0,1,0,0,1,0,1
880138878,23.230864,23.327562,0.0,0.010827722,-1.0,1.4631121,0.21981747,1.0802672,nan,6,3.887927,3.887927,3.887927,3.887927,3.887927,3.887927,0.0,0.0,0.0,0.0,0.0,0.0,0.0,0.0,0.0,0.0,0.0,0.0,0.0,0.0,0,0,0,0,0,0,0,0,0,0,0,1,0,0,1,0,1
880341073,23.18894,23.327084,0.0,0.007286748,-1.0,1.4631121,0.21961816,1.0802894,nan,6,3.8878472,3.8878472,3.8878472,3.8878472,3.8878472,3.8878472,0.0,0.0,0.0,0.0,0.0,0.0,0.0,0.0,0.0,0.0,0.0,0.0,0.0,0.0,0,0,0,0,0,0,0,0,0,0,0,1,0,0,1,0,1
880541262,23.043116,23.355782,0.0,0.0052152076,-1.0,1.4631561,0.23157628,1.0789618,nan,6,3.8926303,3.8926303,3.8926303,3.8926303,3.8926303,3.8926303,0.0,0.0,0.0,0.0,0.0,0.0,0.0,0.0,0.0,0.0,0.0,0.0,0.0,0.0,0,0,0,0,0,0,0,0,0,0,0,1,0,0,1,0,1
880732116,23.640997,23.378513,0.0,0.003648904,-1.0,1.463169,0.24104722,1.0779128,nan,6,3.8964188,3.8964188,3.8964188,3.8964188,3.8964188,3.8964188,0.0,0.0,0.0,0.0,0.0,0.0,0.0,0.0,0.0,0.0,0.0,0.0,0.0,0.0,0,0,0,0,0,0,0,0,0,0,0,1,0,0,1,0,1
880928877,23.409502,23.41121,0.0,0.0106283575,-1.0,1.4641905,0.25467044,1.0764074,nan,6,3.901868,3.901868,3.901868,3.901868,3.901868,3.901868,0.0,0.0,0.0,0.0,0.0,0.0,0.0,0.0,0.0,0.0,0.0,0.0,0.0,0.0,0,0,0,0,0,0,0,0,0,0,0,1,0,0,1,0,1
881128878,23.469654,23.43651,0.0,0.007152579,-1.0,1.4641905,0.26521236,1.0752454,nan,6,3.906085,3.906085,3.906085,3.906085,3.906085,3.906085,0.0,0.0,0.0,0.0,0.0,0.0,0.0,0.0,0.0,0.0,0.0,0.0,0.0,0.0,0,0,0,0,0,0,0,0,0,0,0,1,0,0,1,0,1
881338894,23.235422,23.428493,0.0,0.0083395345,-1.0,1.4647348,0.2618726,1.0756133,nan,6,3.904749,3.904749,3.904749,3.904749,3.904749,3.904749,0.0,0.0,0.0,0.0,0.0,0.0,0.0,0.0,0.0,0.0,0.0,0.0,0.0,0.0,0,0,0,0,0,0,0,0,0,0,0,1,0,0,1,0,1
881538878,23.651936,23.434723,0.0,0.0057953605,-1.0,1.4647704,0.2644685,1.0753274,nan,6,3.9057872,3.9057872,3.9057872,3.9057872,3.9057872,3.9057872,0.0,0.0,0.0,0.0,0.0,0.0,0.0,0.0,0.0,0.0,0.0,0.0,0.0,0.0,0,0,0,0,0,0,0,0,0,0,0,1,0,0,1,0,1
881728877,23.784088,23.461416,0.0,0.003978114,-1.0,1.4647704,0.27559024,1.0741038,nan,6,3.9102361,3.9102361,3.9102361,3.9102361,3.9102361,3.9102361,0.0,0.0,0.0,0.0,0.0,0.0,0.0,0.0,0.0,0.0,0.0,0.0,0.0,0.0,0,0,0,0,0,0,0,0,0,0,0,1,0,0,1,0,1
881928880,23.483324,23.507057,0.0,0.007254946,-1.0,1.4654722,0.29460746,1.0720184,nan,6,3.9178429,3.9178429,3.9178429,3.9178429,3.9178429,3.9178429,0.0,0.0,0.0,0.0,0.0,0.0,0.0,0.0,0.0,0.0,0.0,0.0,0.0,0.0,0,0,0,0,0,0,0,0,0,0,0,1,0,0,1,0,1
882128961,23.898928,23.525639,0.0,0.0048823706,-1.0,1.4654722,0.3023494,1.0711718,nan,6,3.9209397,3.9209397,3.9209397,3.9209397,3.9209397,3.9209397,0.0,0.0,0.0,0.0,0.0,0.0,0.0,0.0,0.0,0.0,0.0,0.0,0.0,0.0,0,0,0,0,0,0,0,0,0,0,0,1,0,0,1,0,0
882328902,23.593607,23.535864,0.0,0.010873397,-1.0,1.4668355,0.3066104,1.0707062,nan,6,3.922644,3.922644,3.922644,3.922644,3.922644,3.922644,0.0,0.0,0.0,0.0,0.0,0.0,0.0,0.0,0.0,0.0,0.0,0.0,0.0,0.0,0,0,0,0,0,0,0,0,0,0,0,1,0,0,1,0,0
882528879,23.809608,23.526163,0.0,0.0075395424,-1.0,1.4668761,0.30256778,1.0711479,nan,6,3.9210272,3.9210272,3.9210272,3.9210272,3.9210272,3.9210272,0.0,0.0,0.0,0.0,0.0,0.0,0.0,0.0,0.0,0.0,0.0,0.0,0.0,0.0,0,0,0,0,0,0,0,0,0,0,0,1,0,0,1,0,0
882738877,23.9126,23.56178,0.0,0.005784071,-1.0,1.4669931,0.31740886,1.0695286,nan,6,3.9269636,3.9269636,3.9269636,3.9269636,3.9269636,3.9269636,0.0,0.0,0.0,0.0,0.0,0.0,0.0,0.0,0.0,0.0,0.0,0.0,0.0,0.0,0,0,0,0,0,0,0,0,0,0,0,1,0,0,1,0,0
882938974,23.496996,23.600786,0.0,0.012129973,-1.0,1.468183,0.33366138,1.067761,nan,6,3.9334643,3.9334643,3.9334643,3.9334643,3.9334643,3.9334643,0.0,0.0,0.0,0.0,0.0,0.0,0.0,0.0,0.0,0.0,0.0,0.0,0.0,0.0,0,0,0,0,0,0,0,0,0,0,0,1,0,0,1,0,0
883138877,23.871586,23.59601,0.0,0.008163122,-1.0,1.468183,0.33167106,1.0679771,nan,6,3.9326684,3.9326684,3.9326684,3.9326684,3.9326684,3.9326684,0.0,0.0,0.0,0.0,0.0,0.0,0.0,0.0,0.0,0.0,0.0,0.0,0.0,0.0,0,0,0,0,0,0,0,0,0,0,0,1,0,0,1,0,0
883329361,23.477858,23.599266,0.0,0.024805097,-1.0,1.4715272,0.33302814,1.0678297,nan,6,3.933211,3.933211,3.933211,3.933211,3.933211,3.933211,0.0,0.0,0.0,0.0,0.0,0.0,0.0,0.0,0.0,0.0,0.0,0.0,0.0,0.0,0,0,0,0,0,0,0,0,0,0,0,1,0,0,1,0,0
883528876,23.413145,23.570982,0.0,0.020603986,-1.0,1.4722769,0.32124263,1.0691111,nan,6,3.928497,3.928497,3.928497,3.928497,3.928497,3.928497,0.0,0.0,0.0,0.0,0.0,0.0,0.0,0.0,0.0,0.0,0.0,0.0,0.0,0.0,0,0,0,0,0,0,0,0,0,0,0,1,0,0,1,0,0
883728876,23.569908,23.552427,0.0,0.015045611,-1.0,1.472465,0.3135112,1.0699534,nan,6,3.9254045,3.9254045,3.9254045,3.9254045,3.9254045,3.9254045,0.0,0.0,0.0,0.0,0.0,0.0,0.0,0.0,0.0,0.0,0.0,0.0,0.0,0.0,0,0,0,0,0,0,0,0,0,0,0,1,0,0,1,0,0
883928879,22.976583,23.532093,0.0,0.011249591,-1.0,1.4726527,0.30503875,1.0708779,nan,6,3.9220154,3.9220154,3.9220154,3.9220154,3.9220154,3.9220154,0.0,0.0,0.0,0.0,0.0,0.0,0.0,0.0,0.0,0.0,0.0,0.0,0.0,0.0,0,0,0,0,0,0,0,0,0,0,0,1,0,0,1,0,0
884138878,23.064077,23.515882,0.0,0.009448032,-1.0,1.4730545,0.29828483,1.071616,nan,6,3.9193137,3.9193137,3.9193137,3.9193137,3.9193137,3.9193137,0.0,0.0,0.0,0.0,0.0,0.0,0.0,0.0,0.0,0.0,0.0,0.0,0.0,0.0,0,0,0,0,0,0,0,0,0,0,0,1,0,0,1,0,1
884338905,22.917341,23.509237,0.0,0.017422216,-1.0,1.4750183,0.29551536,1.0719191,nan,6,3.9182062,3.9182062,3.9182062,3.9182062,3.9182062,3.9182062,0.0,0.0,0.0,0.0,0.0,0.0,0.0,0.0,0.0,0.0,0.0,0.0,0.0,0.0,0,0,0,0,0,0,0,0,0,0,0,1,0,0,1,0,1
884539657,23.637354,23.494347,0.0,0.011724653,-1.0,1.4750183,0.2893117,1.0725983,nan,6,3.9157245,3.9157245,3.9157245,3.9157245,3.9157245,3.9157245,0.0,0.0,0.0,0.0,0.0,0.0,0.0,0.0,0.0,0.0,0.0,0.0,0.0,0.0,0,0,0,0,0,0,0,0,0,0,0,1,0,0,1,0,1
884728989,23.692947,23.479237,0.0,0.00933033,-1.0,1.4752824,0.28301555,1.0732887,nan,6,3.913206,3.913206,3.913206,3.913206,3.913206,3.913206,0.0,0.0,0.0,0.0,0.0,0.0,0.0,0.0,0.0,0.0,0.0,0.0,0.0,0.0,0,0,0,0,0,0,0,0,0,0,0,1,0,0,1,0,1
884928877,23.723936,23.470894,0.0,0.035513192,-1.0,1.4796778,0.2795394,1.0736701,nan,6,3.9118156,3.9118156,3.9118156,3.9118156,3.9118156,3.9118156,0.0,0.0,0.0,0.0,0.0,0.0,0.0,0.0,0.0,0.0,0.0,0.0,0.0,0.0,0,0,0,0,0,0,0,0,0,0,0,1,0,0,1,0,1
885139337,23.549856,23.46445,0.0,0.023430746,-1.0,1.4796778,0.2768548,1.073965,nan,6,3.9107418,3.9107418,3.9107418,3.9107418,3.9107418,3.9107418,0.0,0.0,0.0,0.0,0.0,0.0,0.0,0.0,0.0,0.0,0.0,0.0,0.0,0.0,0,0,0,0,0,0,0,0,0,0,0,1,0,0,1,0,1
885328904,23.154306,23.45493,0.0,0.020363698,-1.0,1.4804164,0.27288753,1.074401,nan,6,3.909155,3.909155,3.909155,3.909155,3.909155,3.909155,0.0,0.0,0.0,0.0,0.0,0.0,0.0,0.0,0.0,0.0,0.0,0.0,0.0,0.0,0,0,0,0,0,0,0,0,0,0,0,1,0,0,1,0,1
885538877,23.078661,23.480833,0.0,0.024545744,-1.0,1.4825069,0.28368026,1.0732157,nan,6,3.9134722,3.9134722,3.9134722,3.9134722,3.9134722,3.9134722,0.0,0.0,0.0,0.0,0.0,0.0,0.0,0.0,0.0,0.0,0.0,0.0,0.0,0.0,0,0,0,0,0,0,0,0,0,0,0,1,0,0,1,0,1
885739534,23.784088,23.50203,0.0,0.016678661,-1.0,1.4825394,0.29251224,1.0722477,nan,6,3.9170048,3.9170048,3.9170048,3.9170048,3.9170048,3.9170048,0.0,0.0,0.0,0.0,0.0,0.0,0.0,0.0,0.0,0.0,0.0,0.0,0.0,0.0,0,0,0,0,0,0,0,0,0,0,0,1,0,0,1,0,1
885939169,23.363932,23.49023,0.0,0.012333404,-1.0,1.4827551,0.28759605,1.0727863,nan,6,3.9150383,3.9150383,3.9150383,3.9150383,3.9150383,3.9150383,0.0,0.0,0.0,0.0,0.0,0.0,0.0,0.0,0.0,0.0,0.0,0.0,0.0,0.0,0,0,0,0,0,0,0,0,0,0,0,1,0,0,1,0,1
886130310,22.848074,23.483912,0.0,0.014268889,-1.0,1.4837105,0.28496295,1.073075,nan,6,3.9139853,3.9139853,3.9139853,3.9139853,3.9139853,3.9139853,0.0,0.0,0.0,0.0,0.0,0.0,0.0,0.0,0.0,0.0,0.0,0.0,0.0,0.0,0,0,0,0,0,0,0,0,0,0,0,1,0,0,1,0,1
886328879,23.503376,23.483685,0.0,0.010779582,-1.0,1.4839762,0.28486854,1.0730854,nan,6,3.9139473,3.9139473,3.9139473,3.9139473,3.9139473,3.9139473,0.0,0.0,0.0,0.0,0.0,0.0,0.0,0.0,0.0,0.0,0.0,0.0,0.0,0.0,0,0,0,0,0,0,0,0,0,0,0,1,0,0,1,0,1
886532591,23.591784,23.465494,0.0,0.0072543505,-1.0,1.4839762,0.2772897,1.0739172,nan,6,3.9109156,3.9109156,3.9109156,3.9109156,3.9109156,3.9109156,0.0,0.0,0.0,0.0,0.0,0.0,0.0,0.0,0.0,0.0,0.0,0.0,0.0,0.0,0,0,0,0,0,0,0,0,0,0,0,1,0,0,1,0,1
886728877,23.616392,23.477674,0.0,0.012604259,-1.0,1.4849991,0.2823642,1.0733602,nan,6,3.9129457,3.9129457,3.9129457,3.9129457,3.9129457,3.9129457,0.0,0.0,0.0,0.0,0.0,0.0,0.0,0.0,0.0,0.0,0.0,0.0,0.0,0.0,0,0,0,0,0,0,0,0,0,0,0,1,0,0,1,0,1
886928879,23.264587,23.43785,0.0,0.008482306,-1.0,1.4849991,0.2657712,1.0751839,nan,6,3.9063084,3.9063084,3.9063084,3.9063084,3.9063084,3.9063084,0.0,0.0,0.0,0.0,0.0,0.0,0.0,0.0,0.0,0.0,0.0,0.0,0.0,0.0,0,0,0,0,0,0,0,0,0,0,0,1,0,0,1,0,1
887138880,23.14337,23.432978,0.0,0.010431858,-1.0,1.4859314,0.26374084,1.0754074,nan,6,3.9054964,3.9054964,3.9054964,3.9054964,3.9054964,3.9054964,0.0,0.0,0.0,0.0,0.0,0.0,0.0,0.0,0.0,0.0,0.0,0.0,0.0,0.0,0,0,0,0,0,0,0,0,0,0,0,1,0,0,1,0,1
887328971,23.411325,23.42626,0.0,0.017450493,-1.0,1.4876264,0.2609418,1.0757158,nan,6,3.9043767,3.9043767,3.9043767,3.9043767,3.9043767,3.9043767,0.0,0.0,0.0,0.0,0.0,0.0,0.0,0.0,0.0,0.0,0.0,0.0,0.0,0.0,0,0,0,0,0,0,0,0,0,0,0,1,0,0,1,0,1
887539233,23.527985,23.391886,0.0,0.012115005,-1.0,1.4877434,0.24661954,1.0772965,nan,6,3.8986475,3.8986475,3.8986475,3.8986475,3.8986475,3.8986475,0.0,0.0,0.0,0.0,0.0,0.0,0.0,0.0,0.0,0.0,0.0,0.0,0.0,0.0,0,0,0,0,0,0,0,0,0,0,0,1,0,0,1,0,1
887729940,22.732327,23.370783,0.0,0.010453126,-1.0,1.488117,0.23782666,1.0782694,nan,6,3.8951304,3.8951304,3.8951304,3.8951304,3.8951304,3.8951304,0.0,0.0,0.0,0.0,0.0,0.0,0.0,0.0,0.0,0.0,0.0,0.0,0.0,0.0,0,0,0,0,0,0,0,0,0,0,0,1,0,0,1,0,1
887929768,23.43593,23.346508,0.0,0.007947794,-1.0,1.4882545,0.22771199,1.0793905,nan,6,3.8910847,3.8910847,3.8910847,3.8910847,3.8910847,3.8910847,0.0,0.0,0.0,0.0,0.0,0.0,0.0,0.0,0.0,0.0,0.0,0.0,0.0,0.0,0,0,0,0,0,0,0,0,0,0,0,1,0,0,1,0,1
888128878,22.971113,23.34061,0.0,0.010721809,-1.0,1.4892646,0.22525437,1.0796633,nan,6,3.8901017,3.8901017,3.8901017,3.8901017,3.8901017,3.8901017,0.0,0.0,0.0,0.0,0.0,0.0,0.0,0.0,0.0,0.0,0.0,0.0,0.0,0.0,0,0,0,0,0,0,0,0,0,0,0,1,0,0,1,0,1
888338890,23.614569,23.329412,0.0,0.013626411,-1.0,1.4902773,0.220589,1.0801814,nan,6,3.8882353,3.8882353,3.8882353,3.8882353,3.8882353,3.8882353,0.0,0.0,0.0,0.0,0.0,0.0,0.0,0.0,0.0,0.0,0.0,0.0,0.0,0.0,0,0,0,0,0,0,0,0,0,0,0,1,0,0,1,0,1
888539309,23.840597,23.317348,0.11903125,0.015903905,-1.0,1.4913744,0.21556218,1.0807403,nan,6,3.8862247,3.8862247,3.8862247,3.8862247,3.8862247,3.8862247,0.0,0.0,0.0,0.0,0.0,0.0,0.0,0.0,0.0,0.0,0.0,0.0,0.0,0.0,0,0,0,0,0,0,0,0,0,0,0,1,0,0,1,0,1
888728880,22.891823,23.329971,0.0,0.011243757,-1.0,1.4914392,0.2208217,1.0801556,nan,6,3.8883286,3.8883286,3.8883286,3.8883286,3.8883286,3.8883286,0.0,0.0,0.0,0.0,0.0,0.0,0.0,0.0,0.0,0.0,0.0,0.0,0.0,0.0,0,0,0,0,0,0,0,0,0,0,0,1,0,0,1,0,1
888928877,23.262764,23.3338,0.0,0.04110437,-1.0,1.4972279,0.22241624,1.0799785,nan,6,3.8889666,3.8889666,3.8889666,3.8889666,3.8889666,3.8889666,0.0,0.0,0.0,0.0,0.0,0.0,0.0,0.0,0.0,0.0,0.0,0.0,0.0,0.0,0,0,0,0,0,0,0,0,0,0,0,1,0,0,1,0,1
889128879,23.685658,23.337145,0.0,0.027662063,-1.0,1.4972279,0.22381051,1.0798235,nan,6,3.8895242,3.8895242,3.8895242,3.8895242,3.8895242,3.8895242,0.0,0.0,0.0,0.0,0.0,0.0,0.0,0.0,0.0,0.0,0.0,0.0,0.0,0.0,0,0,0,0,0,0,0,0,0,0,0,1,0,0,1,0,1
889339244,22.76787,23.325632,0.0,0.018250762,-1.0,1.4972279,0.21901353,1.0803565,nan,6,3.8876054,3.8876054,3.8876054,3.8876054,3.8876054,3.8876054,0.0,0.0,0.0,0.0,0.0,0.0,0.0,0.0,0.0,0.0,0.0,0.0,0.0,0.0,0,0,0,0,0,0,0,0,0,0,0,1,0,0,1,0,1
889528876,23.749456,23.310186,0.0,0.016282566,-1.0,1.4978667,0.21257813,1.0810723,nan,6,3.885031,3.885031,3.885031,3.885031,3.885031,3.885031,0.0,0.0,0.0,0.0,0.0,0.0,0.0,0.0,0.0,0.0,0.0,0.0,0.0,0.0,0,0,0,0,0,0,0,0,0,0,0,1,0,0,1,0,1
889729915,23.153395,23.295948,0.0,0.010957698,-1.0,1.4978667,0.20664532,1.0817331,nan,6,3.882658,3.882658,3.882658,3.882658,3.882658,3.882658,0.0,0.0,0.0,0.0,0.0,0.0,0.0,0.0,0.0,0.0,0.0,0.0,0.0,0.0,0,0,0,0,0,0,0,0,0,0,0,1,0,0,1,0,1
889940334,23.204435,23.27739,0.0,0.007229625,-1.0,1.4978667,0.19891293,1.0825956,nan,6,3.879565,3.879565,3.879565,3.879565,3.879565,3.879565,0.0,0.0,0.0,0.0,0.0,0.0,0.0,0.0,0.0,0.0,0.0,0.0,0.0,0.0,0,0,0,0,0,0,0,0,0,0,0,1,0,0,1,0,2
890130613,22.962,23.270214,0.0,0.0049626366,-1.0,1.4978667,0.19592316,1.0829294,nan,6,3.878369,3.878369,3.878369,3.878369,3.878369,3.878369,0.0,0.0,0.0,0.0,0.0,0.0,0.0,0.0,0.0,0.0,0.0,0.0,0.0,0.0,0,0,0,0,0,0,0,0,0,0,0,1,0,0,1,0,2
890328914,23.332943,23.29966,0.0,0.01268861,-1.0,1.4995543,0.20819218,1.0815607,nan,6,3.8832767,3.8832767,3.8832767,3.8832767,3.8832767,3.8832767,0.0,0.0,0.0,0.0,0.0,0.0,0.0,0.0,0.0,0.0,0.0,0.0,0.0,0.0,0,0,0,0,0,0,0,0,0,0,0,1,0,0,1,0,1
890539901,23.634619,23.30472,0.0,0.008966195,-1.0,1.4996611,0.2102998,1.081326,nan,6,3.88412,3.88412,3.88412,3.88412,3.88412,3.88412,0.0,0.0,0.0,0.0,0.0,0.0,0.0,0.0,0.0,0.0,0.0,0.0,0.0,0.0,0,0,0,0,0,0,0,0,0,0,0,1,0,0,1,0,1
890730300,24.371946,23.322952,1.545575,0.036460064,-1.0,1.5045649,0.21789677,1.0804807,nan,6,3.8871586,3.8871586,3.8871586,3.8871586,3.8871586,3.8871586,0.0,0.0,0.0,0.0,0.0,0.0,0.0,0.0,0.0,0.0,0.0,0.0,0.0,0.0,0,0,0,0,0,0,0,0,0,0,0,1,0,0,1,0,1
890928941,23.696594,23.337059,0.0,0.02453658,-1.0,1.5045649,0.22377522,1.0798275,nan,6,3.88951,3.88951,3.88951,3.88951,3.88951,3.88951,0.0,0.0,0.0,0.0,0.0,0.0,0.0,0.0,0.0,0.0,0.0,0.0,0.0,0.0,0,0,0,0,0,0,0,0,0,0,0,1,0,0,1,0,1
891139869,23.231777,23.32756,0.0,0.016188642,-1.0,1.5045649,0.21981747,1.0802672,nan,6,3.8879268,3.8879268,3.8879268,3.8879268,3.8879268,3.8879268,0.0,0.0,0.0,0.0,0.0,0.0,0.0,0.0,0.0,0.0,0.0,0.0,0.0,0.0,0,0,0,0,0,0,0,0,0,0,0,1,0,0,1,0,1
891338883,23.035824,23.32405,0.0,0.010894491,-1.0,1.5045649,0.21835454,1.0804298,nan,6,3.8873417,3.8873417,3.8873417,3.8873417,3.8873417,3.8873417,0.0,0.0,0.0,0.0,0.0,0.0,0.0,0.0,0.0,0.0,0.0,0.0,0.0,0.0,0,0,0,0,0,0,0,0,0,0,0,1,0,0,1,0,1
891528877,23.55077,23.329296,0.0,0.0125205675,-1.0,1.505399,0.22054036,1.0801868,nan,6,3.888216,3.888216,3.888216,3.888216,3.888216,3.888216,0.0,0.0,0.0,0.0,0.0,0.0,0.0,0.0,0.0,0.0,0.0,0.0,0.0,0.0,0,0,0,0,0,0,0,0,0,0,0,1,0,0,1,0,1
891728877,23.325651,23.322325,0.0,0.01754881,-1.0,1.5068569,0.21763547,1.0805097,nan,6,3.8870542,3.8870542,3.8870542,3.8870542,3.8870542,3.8870542,0.0,0.0,0.0,0.0,0.0,0.0,0.0,0.0,0.0,0.0,0.0,0.0,0.0,0.0,0,0,0,0,0,0,0,0,0,0,0,1,0,0,1,0,1
891928877,23.541655,23.333761,0.0,0.02811993,-1.0,1.5093594,0.22240098,1.0799801,nan,6,3.8889601,3.8889601,3.8889601,3.8889601,3.8889601,3.8889601,0.0,0.0,0.0,0.0,0.0,0.0,0.0,0.0,0.0,0.0,0.0,0.0,0.0,0.0,0,0,0,0,0,0,0,0,0,0,0,1,0,0,1,0,1
892128883,23.845154,23.336378,0.00183125,0.036145978,-1.0,1.5119334,0.22349103,1.079859,nan,6,3.8893964,3.8893964,3.8893964,3.8893964,3.8893964,3.8893964,0.0,0.0,0.0,0.0,0.0,0.0,0.0,0.0,0.0,0.0,0.0,0.0,0.0,0.0,0,0,0,0,0,0,0,0,0,0,0,1,0,0,1,0,1
892328880,23.682924,23.328176,0.0,0.025094539,-1.0,1.5120658,0.22007401,1.0802387,nan,6,3.8880293,3.8880293,3.8880293,3.8880293,3.8880293,3.8880293,0.0,0.0,0.0,0.0,0.0,0.0,0.0,0.0,0.0,0.0,0.0,0.0,0.0,0.0,0,0,0,0,0,0,0,0,0,0,0,1,0,0,1,0,1
892538878,23.30469,23.326239,0.0,0.016689463,-1.0,1.5120859,0.21926625,1.0803285,nan,6,3.8877065,3.8877065,3.8877065,3.8877065,3.8877065,3.8877065,0.0,0.0,0.0,0.0,0.0,0.0,0.0,0.0,0.0,0.0,0.0,0.0,0.0,0.0,0,0,0,0,0,0,0,0,0,0,0,1,0,0,1,0,1
892738899,23.820545,23.296879,0.1574875,0.0143195195,-1.0,1.5125242,0.20703347,1.0816898,nan,6,3.8828132,3.8828132,3.8828132,3.8828132,3.8828132,3.8828132,0.0,0.0,0.0,0.0,0.0,0.0,0.0,0.0,0.0,0.0,0.0,0.0,0.0,0.0,0,0,0,0,0,0,0,0,0,0,0,1,0,0,1,0,1
892928877,23.742165,23.28416,0.0,0.012284036,-1.0,1.5129566,0.2017339,1.0822808,nan,6,3.8806934,3.8806934,3.8806934,3.8806934,3.8806934,3.8806934,0.0,0.0,0.0,0.0,0.0,0.0,0.0,0.0,0.0,0.0,0.0,0.0,0.0,0.0,0,0,0,0,0,0,0,0,0,0,0,1,0,0,1,0,1
893128931,23.698418,23.275824,0.0,0.008585646,-1.0,1.5130098,0.19825967,1.0826684,nan,6,3.879304,3.879304,3.879304,3.879304,3.879304,3.879304,0.0,0.0,0.0,0.0,0.0,0.0,0.0,0.0,0.0,0.0,0.0,0.0,0.0,0.0,0,0,0,0,0,0,0,0,0,0,0,1,0,0,1,0,2
893328879,23.726671,23.283218,0.19045,0.03194248,-1.0,1.5171083,0.20134099,1.0823246,nan,6,3.8805363,3.8805363,3.8805363,3.8805363,3.8805363,3.8805363,0.0,0.0,0.0,0.0,0.0,0.0,0.0,0.0,0.0,0.0,0.0,0.0,0.0,0.0,0,0,0,0,0,0,0,0,0,0,0,1,0,0,1,0,1
893529021,22.696781,23.269625,0.0,0.022782138,-1.0,1.5172877,0.19567712,1.0829568,nan,6,3.8782709,3.8782709,3.8782709,3.8782709,3.8782709,3.8782709,0.0,0.0,0.0,0.0,0.0,0.0,0.0,0.0,0.0,0.0,0.0,0.0,0.0,0.0,0,0,0,0,0,0,0,0,0,0,0,1,0,0,1,0,2
893729986,22.699514,23.270765,0.0,0.015331728,-1.0,1.5172877,0.19615205,1.0829039,nan,6,3.878461,3.878461,3.878461,3.878461,3.878461,3.878461,0.0,0.0,0.0,0.0,0.0,0.0,0.0,0.0,0.0,0.0,0.0,0.0,0.0,0.0,0,0,0,0,0,0,0,0,0,0,0,1,0,0,1,0,2
893938984,22.889086,23.264921,0.0,0.019684564,-1.0,1.5191786,0.19371732,1.0831758,nan,6,3.877487,3.877487,3.877487,3.877487,3.877487,3.877487,0.0,0.0,0.0,0.0,0.0,0.0,0.0,0.0,0.0,0.0,0.0,0.0,0.0,0.0,0,0,0,0,0,0,0,0,0,0,0,1,0,0,1,0,2
894139451,23.167067,23.27617,0.0,0.017017532,-1.0,1.5198305,0.19840463,1.0826522,nan,6,3.8793619,3.8793619,3.8793619,3.8793619,3.8793619,3.8793619,0.0,0.0,0.0,0.0,0.0,0.0,0.0,0.0,0.0,0.0,0.0,0.0,0.0,0.0,0,0,0,0,0,0,0,0,0,0,0,1,0,0,1,0,2
894329651,23.078661,23.254408,0.0,0.011681357,-1.0,1.5198305,0.18933709,1.0836654,nan,6,3.8757346,3.8757346,3.8757346,3.8757346,3.8757346,3.8757346,0.0,0.0,0.0,0.0,0.0,0.0,0.0,0.0,0.0,0.0,0.0,0.0,0.0,0.0,0,0,0,0,0,0,0,0,0,0,0,1,0,0,1,0,2
894529017,23.398563,23.265873,0.0,0.00786122,-1.0,1.5198305,0.19411404,1.0831314,nan,6,3.8776455,3.8776455,3.8776455,3.8776455,3.8776455,3.8776455,0.0,0.0,0.0,0.0,0.0,0.0,0.0,0.0,0.0,0.0,0.0,0.0,0.0,0.0,0,0,0,0,0,0,0,0,0,0,0,1,0,0,1,0,2
894728891,22.510853,23.291103,0.0,0.021708323,-1.0,1.5218017,0.2046264,1.0819582,nan,6,3.8818505,3.8818505,3.8818505,3.8818505,3.8818505,3.8818505,0.0,0.0,0.0,0.0,0.0,0.0,0.0,0.0,0.0,0.0,0.0,0.0,0.0,0.0,0,0,0,0,0,0,0,0,0,0,0,1,0,0,1,0,1
894928878,23.83695,23.299286,0.139175,0.026638996,-1.0,1.5240569,0.20803578,1.0815781,nan,6,3.8832142,3.8832142,3.8832142,3.8832142,3.8832142,3.8832142,0.0,0.0,0.0,0.0,0.0,0.0,0.0,0.0,0.0,0.0,0.0,0.0,0.0,0.0,0,0,0,0,0,0,0,0,0,0,0,1,0,0,1,0,1
895128877,23.335676,23.322733,0.0,0.020912796,-1.0,1.52451,0.21780522,1.080491,nan,6,3.8871222,3.8871222,3.8871222,3.8871222,3.8871222,3.8871222,0.0,0.0,0.0,0.0,0.0,0.0,0.0,0.0,0.0,0.0,0.0,0.0,0.0,0.0,0,0,0,0,0,0,0,0,0,0,0,1,0,0,1,0,1
895338876,23.768595,23.324135,0.34976876,0.02065597,-1.0,1.5254816,0.21838982,1.0804259,nan,6,3.8873558,3.8873558,3.8873558,3.8873558,3.8873558,3.8873558,0.0,0.0,0.0,0.0,0.0,0.0,0.0,0.0,0.0,0.0,0.0,0.0,0.0,0.0,0,0,0,0,0,0,0,0,0,0,0,1,0,0,1,0,1
895538877,22.611107,23.303246,0.0,0.027665716,-1.0,1.5280302,0.20968564,1.0813944,nan,6,3.8838742,3.8838742,3.8838742,3.8838742,3.8838742,3.8838742,0.0,0.0,0.0,0.0,0.0,0.0,0.0,0.0,0.0,0.0,0.0,0.0,0.0,0.0,0,0,0,0,0,0,0,0,0,0,0,1,0,0,1,0,1
895738919,23.029444,23.303146,0.0,0.01879425,-1.0,1.5280555,0.20964463,1.081399,nan,6,3.8838577,3.8838577,3.8838577,3.8838577,3.8838577,3.8838577,0.0,0.0,0.0,0.0,0.0,0.0,0.0,0.0,0.0,0.0,0.0,0.0,0.0,0.0,0,0,0,0,0,0,0,0,0,0,0,1,0,0,1,0,1
895939104,23.07319,23.307562,0.0,0.02511151,-1.0,1.5303657,0.21148427,1.081194,nan,6,3.8845937,3.8845937,3.8845937,3.8845937,3.8845937,3.8845937,0.0,0.0,0.0,0.0,0.0,0.0,0.0,0.0,0.0,0.0,0.0,0.0,0.0,0.0,0,0,0,0,0,0,0,0,0,0,0,1,0,0,1,0,1
896129686,23.923534,23.30906,0.0,0.02182747,-1.0,1.5312989,0.21210797,1.0811247,nan,6,3.884843,3.884843,3.884843,3.884843,3.884843,3.884843,0.0,0.0,0.0,0.0,0.0,0.0,0.0,0.0,0.0,0.0,0.0,0.0,0.0,0.0,0,0,0,0,0,0,0,0,0,0,0,1,0,0,1,0,1
896329329,23.116938,23.306122,0.0,0.019665543,-1.0,1.5321285,0.2108844,1.0812609,nan,6,3.8843536,3.8843536,3.8843536,3.8843536,3.8843536,3.8843536,0.0,0.0,0.0,0.0,0.0,0.0,0.0,0.0,0.0,0.0,0.0,0.0,0.0,0.0,0,0,0,0,0,0,0,0,0,0,0,1,0,0,1,0,1
896532666,23.942675,23.32389,0.1355125,0.02034133,-1.0,1.5334916,0.21828778,1.0804372,nan,6,3.887315,3.887315,3.887315,3.887315,3.887315,3.887315,0.0,0.0,0.0,0.0,0.0,0.0,0.0,0.0,0.0,0.0,0.0,0.0,0.0,0.0,0,0,0,0,0,0,0,0,0,0,0,1,0,0,1,0,1
896738878,23.4815,23.342854,0.0,0.042484883,-1.0,1.5400001,0.22618897,1.0795594,nan,6,3.8904755,3.8904755,3.8904755,3.8904755,3.8904755,3.8904755,0.0,0.0,0.0,0.0,0.0,0.0,0.0,0.0,0.0,0.0,0.0,0.0,0.0,0.0,0,0,0,0,0,0,0,0,0,0,0,1,0,0,1,0,1
896938877,23.115118,23.321218,0.0,0.03044486,-1.0,1.54029,0.21717484,1.0805609,nan,6,3.8868697,3.8868697,3.8868697,3.8868697,3.8868697,3.8868697,0.0,0.0,0.0,0.0,0.0,0.0,0.0,0.0,0.0,0.0,0.0,0.0,0.0,0.0,0,0,0,0,0,0,0,0,0,0,0,1,0,0,1,0,1
897128879,23.646467,23.320183,0.0,0.022869648,-1.0,1.5405749,0.21674283,1.080609,nan,6,3.886697,3.886697,3.886697,3.886697,3.886697,3.886697,0.0,0.0,0.0,0.0,0.0,0.0,0.0,0.0,0.0,0.0,0.0,0.0,0.0,0.0,0,0,0,0,0,0,0,0,0,0,0,1,0,0,1,0,1
897328879,22.738705,23.320171,0.0,0.019471802,-1.0,1.5412217,0.21673806,1.0806096,nan,6,3.8866951,3.8866951,3.8866951,3.8866951,3.8866951,3.8866951,0.0,0.0,0.0,0.0,0.0,0.0,0.0,0.0,0.0,0.0,0.0,0.0,0.0,0.0,0,0,0,0,0,0,0,0,0,0,0,1,0,0,1,0,1
897538877,23.31107,23.309057,0.0,0.022065217,-1.0,1.5431248,0.21210702,1.0811248,nan,6,3.8848429,3.8848429,3.8848429,3.8848429,3.8848429,3.8848429,0.0,0.0,0.0,0.0,0.0,0.0,0.0,0.0,0.0,0.0,0.0,0.0,0.0,0.0,0,0,0,0,0,0,0,0,0,0,0,1,0,0,1,0,1
897739674,23.1297,23.299412,0.0,0.015066964,-1.0,1.5431656,0.20808823,1.0815723,nan,6,3.8832352,3.8832352,3.8832352,3.8832352,3.8832352,3.8832352,0.0,0.0,0.0,0.0,0.0,0.0,0.0,0.0,0.0,0.0,0.0,0.0,0.0,0.0,0,0,0,0,0,0,0,0,0,0,0,1,0,0,1,0,1
897929967,23.40221,23.274176,0.0,0.0120948935,-1.0,1.543471,0.19757302,1.0827451,nan,6,3.8790293,3.8790293,3.8790293,3.8790293,3.8790293,3.8790293,0.0,0.0,0.0,0.0,0.0,0.0,0.0,0.0,0.0,0.0,0.0,0.0,0.0,0.0,0,0,0,0,0,0,0,0,0,0,0,1,0,0,1,0,2
898140405,22.723211,23.25942,0.0,0.010395319,-1.0,1.5439401,0.19142564,1.0834318,nan,6,3.87657,3.87657,3.87657,3.87657,3.87657,3.87657,0.0,0.0,0.0,0.0,0.0,0.0,0.0,0.0,0.0,0.0,0.0,0.0,0.0,0.0,0,0,0,0,0,0,0,0,0,0,0,1,0,0,1,0,2
898338879,23.074104,23.292084,0.0,0.028383873,-1.0,1.5473603,0.20503552,1.0819125,nan,6,3.882014,3.882014,3.882014,3.882014,3.882014,3.882014,0.0,0.0,0.0,0.0,0.0,0.0,0.0,0.0,0.0,0.0,0.0,0.0,0.0,0.0,0,0,0,0,0,0,0,0,0,0,0,1,0,0,1,0,1
898539174,23.503376,23.282553,0.0,0.01960116,-1.0,1.5474292,0.20106347,1.0823556,nan,6,3.8804255,3.8804255,3.8804255,3.8804255,3.8804255,3.8804255,0.0,0.0,0.0,0.0,0.0,0.0,0.0,0.0,0.0,0.0,0.0,0.0,0.0,0.0,0,0,0,0,0,0,0,0,0,0,0,1,0,0,1,0,1
898728957,22.919165,23.287025,0.0,0.015398174,-1.0,1.5477034,0.2029279,1.0821476,nan,6,3.881171,3.881171,3.881171,3.881171,3.881171,3.881171,0.0,0.0,0.0,0.0,0.0,0.0,0.0,0.0,0.0,0.0,0.0,0.0,0.0,0.0,0,0,0,0,0,0,0,0,0,0,0,1,0,0,1,0,1
898929099,23.140636,23.273104,0.0,0.01036253,-1.0,1.5477034,0.1971267,1.0827949,nan,6,3.8788507,3.8788507,3.8788507,3.8788507,3.8788507,3.8788507,0.0,0.0,0.0,0.0,0.0,0.0,0.0,0.0,0.0,0.0,0.0,0.0,0.0,0.0,0,0,0,0,0,0,0,0,0,0,0,1,0,0,1,0,2
899128900,23.111471,23.270008,0.0,0.010269756,-1.0,1.5482781,0.19583733,1.0829389,nan,6,3.8783348,3.8783348,3.8783348,3.8783348,3.8783348,3.8783348,0.0,0.0,0.0,0.0,0.0,0.0,0.0,0.0,0.0,0.0,0.0,0.0,0.0,0.0,0,0,0,0,0,0,0,0,0,0,0,1,0,0,1,0,2
899328877,22.6822,23.270203,0.0,0.019347554,-1.0,1.5506018,0.1959184,1.0829298,nan,6,3.8783672,3.8783672,3.8783672,3.8783672,3.8783672,3.8783672,0.0,0.0,0.0,0.0,0.0,0.0,0.0,0.0,0.0,0.0,0.0,0.0,0.0,0.0,0,0,0,0,0,0,0,0,0,0,0,1,0,0,1,0,2
899528878,23.851534,23.262102,0.0,0.014943246,-1.0,1.5509273,0.19254239,1.0833071,nan,6,3.877017,3.877017,3.877017,3.877017,3.877017,3.877017,0.0,0.0,0.0,0.0,0.0,0.0,0.0,0.0,0.0,0.0,0.0,0.0,0.0,0.0,0,0,0,0,0,0,0,0,0,0,0,1,0,0,1,0,2
899738876,23.403122,23.282793,0.0,0.01778848,-1.0,1.552077,0.2011636,1.0823444,nan,6,3.8804655,3.8804655,3.8804655,3.8804655,3.8804655,3.8804655,0.0,0.0,0.0,0.0,0.0,0.0,0.0,0.0,0.0,0.0,0.0,0.0,0.0,0.0,0,0,0,0,0,0,0,0,0,0,0,1,0,0,1,0,1
899938878,22.876328,23.272366,0.0,0.01418552,-1.0,1.5524987,0.19681962,1.0828292,nan,6,3.8787277,3.8787277,3.8787277,3.8787277,3.8787277,3.8787277,0.0,0.0,0.0,0.0,0.0,0.0,0.0,0.0,0.0,0.0,0.0,0.0,0.0,0.0,0,0,0,0,0,0,0,0,0,0,0,1,0,0,1,0,2
900129371,22.624779,23.296068,0.0,0.009737377,-1.0,1.5524987,0.20669492,1.0817276,nan,6,3.882678,3.882678,3.882678,3.882678,3.882678,3.882678,0.0,0.0,0.0,0.0,0.0,0.0,0.0,0.0,0.0,0.0,0.0,0.0,0.0,0.0,0,0,0,0,0,0,0,0,0,0,0,1,0,0,1,0,1
900329869,23.106915,23.302254,0.0,0.0065529756,-1.0,1.5524987,0.2092727,1.0814404,nan,6,3.883709,3.883709,3.883709,3.883709,3.883709,3.883709,0.0,0.0,0.0,0.0,0.0,0.0,0.0,0.0,0.0,0.0,0.0,0.0,0.0,0.0,0,0,0,0,0,0,0,0,0,0,0,1,0,0,1,0,1
900529129,23.185293,23.30391,0.0,0.0054440545,-1.0,1.5527178,0.2099622,1.0813636,nan,6,3.8839848,3.8839848,3.8839848,3.8839848,3.8839848,3.8839848,0.0,0.0,0.0,0.0,0.0,0.0,0.0,0.0,0.0,0.0,0.0,0.0,0.0,0.0,0,0,0,0,0,0,0,0,0,0,0,1,0,0,1,0,1
900728877,23.253649,23.311155,0.0,0.008529963,-1.0,1.5533925,0.21298154,1.0810274,nan,6,3.8851926,3.8851926,3.8851926,3.8851926,3.8851926,3.8851926,0.0,0.0,0.0,0.0,0.0,0.0,0.0,0.0,0.0,0.0,0.0,0.0,0.0,0.0,0,0,0,0,0,0,0,0,0,0,0,1,0,0,1,0,1
900938877,22.934656,23.316353,0.0,0.0056278636,-1.0,1.5533925,0.21514733,1.0807865,nan,6,3.8860588,3.8860588,3.8860588,3.8860588,3.8860588,3.8860588,0.0,0.0,0.0,0.0,0.0,0.0,0.0,0.0,0.0,0.0,0.0,0.0,0.0,0.0,0,0,0,0,0,0,0,0,0,0,0,1,0,0,1,0,1
901139173,23.669252,23.31521,0.0,0.010892917,-1.0,1.5544229,0.21467145,1.0808394,nan,6,3.8858683,3.8858683,3.8858683,3.8858683,3.8858683,3.8858683,0.0,0.0,0.0,0.0,0.0,0.0,0.0,0.0,0.0,0.0,0.0,0.0,0.0,0.0,0,0,0,0,0,0,0,0,0,0,0,1,0,0,1,0,1
901339046,23.087774,23.311361,0.0,0.012998272,-1.0,1.5552907,0.21306737,1.0810179,nan,6,3.885227,3.885227,3.885227,3.885227,3.885227,3.885227,0.0,0.0,0.0,0.0,0.0,0.0,0.0,0.0,0.0,0.0,0.0,0.0,0.0,0.0,0,0,0,0,0,0,0,0,0,0,0,1,0,0,1,0,1
901529442,23.236334,23.298292,0.0,0.008922414,-1.0,1.5552907,0.20762189,1.0816243,nan,6,3.8830488,3.8830488,3.8830488,3.8830488,3.8830488,3.8830488,0.0,0.0,0.0,0.0,0.0,0.0,0.0,0.0,0.0,0.0,0.0,0.0,0.0,0.0,0,0,0,0,0,0,0,0,0,0,0,1,0,0,1,0,1
901728879,23.210815,23.300562,0.0,0.01675405,-1.0,1.5570682,0.20856793,1.0815189,nan,6,3.883427,3.883427,3.883427,3.883427,3.883427,3.883427,0.0,0.0,0.0,0.0,0.0,0.0,0.0,0.0,0.0,0.0,0.0,0.0,0.0,0.0,0,0,0,0,0,0,0,0,0,0,0,1,0,0,1,0,1
901928879,23.68201,23.28595,0.0,0.017961537,-1.0,1.5582232,0.20247968,1.0821975,nan,6,3.8809917,3.8809917,3.8809917,3.8809917,3.8809917,3.8809917,0.0,0.0,0.0,0.0,0.0,0.0,0.0,0.0,0.0,0.0,0.0,0.0,0.0,0.0,0,0,0,0,0,0,0,0,0,0,0,1,0,0,1,0,1
902128877,23.37669,23.288042,0.0,0.022630846,-1.0,1.5597899,0.20335133,1.0821003,nan,6,3.8813403,3.8813403,3.8813403,3.8813403,3.8813403,3.8813403,0.0,0.0,0.0,0.0,0.0,0.0,0.0,0.0,0.0,0.0,0.0,0.0,0.0,0.0,0,0,0,0,0,0,0,0,0,0,0,1,0,0,1,0,1
902328879,23.445957,23.271475,0.0,0.02035788,-1.0,1.5606947,0.19644769,1.0828708,nan,6,3.8785791,3.8785791,3.8785791,3.8785791,3.8785791,3.8785791,0.0,0.0,0.0,0.0,0.0,0.0,0.0,0.0,0.0,0.0,0.0,0.0,0.0,0.0,0,0,0,0,0,0,0,0,0,0,0,1,0,0,1,0,2
902538879,23.38945,23.23862,0.0,0.013431638,-1.0,1.5606947,0.18275864,1.0844017,nan,6,3.8731034,3.8731034,3.8731034,3.8731034,3.8731034,3.8731034,0.0,0.0,0.0,0.0,0.0,0.0,0.0,0.0,0.0,0.0,0.0,0.0,0.0,0.0,0,0,0,0,0,0,0,0,0,0,0,1,0,0,1,0,2
902738878,22.721388,23.233524,0.0,0.009538737,-1.0,1.5607862,0.18063577,1.0846395,nan,6,3.8722541,3.8722541,3.8722541,3.8722541,3.8722541,3.8722541,0.0,0.0,0.0,0.0,0.0,0.0,0.0,0.0,0.0,0.0,0.0,0.0,0.0,0.0,0,0,0,0,0,0,0,0,0,0,0,1,0,0,1,0,2
902928878,23.18803,23.25525,0.0,0.025315315,-1.0,1.5639772,0.18968804,1.0836262,nan,6,3.8758752,3.8758752,3.8758752,3.8758752,3.8758752,3.8758752,0.0,0.0,0.0,0.0,0.0,0.0,0.0,0.0,0.0,0.0,0.0,0.0,0.0,0.0,0,0,0,0,0,0,0,0,0,0,0,1,0,0,1,0,2
903128878,22.87086,23.266455,0.0,0.021245202,-1.0,1.5646499,0.19435628,1.0831044,nan,6,3.8777425,3.8777425,3.8777425,3.8777425,3.8777425,3.8777425,0.0,0.0,0.0,0.0,0.0,0.0,0.0,0.0,0.0,0.0,0.0,0.0,0.0,0.0,0,0,0,0,0,0,0,0,0,0,0,1,0,0,1,0,2
903328878,22.907314,23.258558,0.0,0.019549718,-1.0,1.5654585,0.1910661,1.083472,nan,6,3.8764265,3.8764265,3.8764265,3.8764265,3.8764265,3.8764265,0.0,0.0,0.0,0.0,0.0,0.0,0.0,0.0,0.0,0.0,0.0,0.0,0.0,0.0,0,0,0,0,0,0,0,0,0,0,0,1,0,0,1,0,2
903528877,23.211725,23.23688,0.0,0.015397465,-1.0,1.5658858,0.1820329,1.084483,nan,6,3.8728132,3.8728132,3.8728132,3.8728132,3.8728132,3.8728132,0.0,0.0,0.0,0.0,0.0,0.0,0.0,0.0,0.0,0.0,0.0,0.0,0.0,0.0,0,0,0,0,0,0,0,0,0,0,0,1,0,0,1,0,2
903738877,23.84242,23.25972,0.0,0.016734818,-1.0,1.5671607,0.19155057,1.083418,nan,6,3.87662,3.87662,3.87662,3.87662,3.87662,3.87662,0.0,0.0,0.0,0.0,0.0,0.0,0.0,0.0,0.0,0.0,0.0,0.0,0.0,0.0,0,0,0,0,0,0,0,0,0,0,0,1,0,0,1,0,2
903939126,23.301956,23.270992,0.0,0.016531764,-1.0,1.5680073,0.19624741,1.0828931,nan,6,3.8784988,3.8784988,3.8784988,3.8784988,3.8784988,3.8784988,0.0,0.0,0.0,0.0,0.0,0.0,0.0,0.0,0.0,0.0,0.0,0.0,0.0,0.0,0,0,0,0,0,0,0,0,0,0,0,1,0,0,1,0,2
904128880,23.282814,23.277107,0.0,0.011374589,-1.0,1.5680124,0.19879468,1.0826087,nan,6,3.8795178,3.8795178,3.8795178,3.8795178,3.8795178,3.8795178,0.0,0.0,0.0,0.0,0.0,0.0,0.0,0.0,0.0,0.0,0.0,0.0,0.0,0.0,0,0,0,0,0,0,0,0,0,0,0,1,0,0,1,0,2
904328878,22.854454,23.264683,0.0,0.0076547735,-1.0,1.5680124,0.19361813,1.0831869,nan,6,3.8774471,3.8774471,3.8774471,3.8774471,3.8774471,3.8774471,0.0,0.0,0.0,0.0,0.0,0.0,0.0,0.0,0.0,0.0,0.0,0.0,0.0,0.0,0,0,0,0,0,0,0,0,0,0,0,1,0,0,1,0,2
904528963,23.371222,23.242672,0.0,0.03088791,-1.0,1.5719339,0.18444665,1.0842127,nan,6,3.8737786,3.8737786,3.8737786,3.8737786,3.8737786,3.8737786,0.0,0.0,0.0,0.0,0.0,0.0,0.0,0.0,0.0,0.0,0.0,0.0,0.0,0.0,0,0,0,0,0,0,0,0,0,0,0,1,0,0,1,0,2
904728896,23.15613,23.22502,0.0,0.028505936,-1.0,1.5733466,0.17709096,1.0850368,nan,6,3.8708365,3.8708365,3.8708365,3.8708365,3.8708365,3.8708365,0.0,0.0,0.0,0.0,0.0,0.0,0.0,0.0,0.0,0.0,0.0,0.0,0.0,0.0,0,0,0,0,0,0,0,0,0,0,0,1,0,0,1,0,2
904928878,23.2017,23.213621,0.0,0.022300636,-1.0,1.5738145,0.17234166,1.0855696,nan,6,3.8689368,3.8689368,3.8689368,3.8689368,3.8689368,3.8689368,0.0,0.0,0.0,0.0,0.0,0.0,0.0,0.0,0.0,0.0,0.0,0.0,0.0,0.0,0,0,0,0,0,0,0,0,0,0,0,1,0,0,1,0,2
905138878,22.393282,23.189928,0.0,0.018456658,-1.0,1.5744731,0.16247018,1.0866786,nan,6,3.864988,3.864988,3.864988,3.864988,3.864988,3.864988,0.0,0.0,0.0,0.0,0.0,0.0,0.0,0.0,0.0,0.0,0.0,0.0,0.0,0.0,0,0,0,0,0,0,0,0,0,0,0,1,0,0,1,0,2
905338895,22.584677,23.187555,0.0,0.04930777,-1.0,1.5805767,0.16148122,1.0867898,nan,6,3.8645926,3.8645926,3.8645926,3.8645926,3.8645926,3.8645926,0.0,0.0,0.0,0.0,0.0,0.0,0.0,0.0,0.0,0.0,0.0,0.0,0.0,0.0,0,0,0,0,0,0,0,0,0,0,0,1,0,0,1,0,2
905528878,23.439577,23.158848,0.18861875,0.037871607,-1.0,1.5811669,0.14952023,1.088137,nan,6,3.859808,3.859808,3.859808,3.859808,3.859808,3.859808,0.0,0.0,0.0,0.0,0.0,0.0,0.0,0.0,0.0,0.0,0.0,0.0,0.0,0.0,0,0,0,0,0,0,0,0,0,0,0,1,0,0,1,0,2
905728899,23.107824,23.165812,0.0,0.025486507,-1.0,1.5811669,0.15242131,1.0878099,nan,6,3.8609686,3.8609686,3.8609686,3.8609686,3.8609686,3.8609686,0.0,0.0,0.0,0.0,0.0,0.0,0.0,0.0,0.0,0.0,0.0,0.0,0.0,0.0,0,0,0,0,0,0,0,0,0,0,0,1,0,0,1,0,2
905928880,23.373045,23.144659,0.0,0.017711956,-1.0,1.5812737,0.14360745,1.0888041,nan,6,3.857443,3.857443,3.857443,3.857443,3.857443,3.857443,0.0,0.0,0.0,0.0,0.0,0.0,0.0,0.0,0.0,0.0,0.0,0.0,0.0,0.0,0,0,0,0,0,0,0,0,0,0,0,1,0,0,1,0,2
906128877,22.85081,23.140636,0.0,0.01422728,-1.0,1.5816298,0.14193185,1.0889933,nan,6,3.8567727,3.8567727,3.8567727,3.8567727,3.8567727,3.8567727,0.0,0.0,0.0,0.0,0.0,0.0,0.0,0.0,0.0,0.0,0.0,0.0,0.0,0.0,0,0,0,0,0,0,0,0,0,0,0,1,0,0,1,0,2
906328974,23.205345,23.129766,0.0,0.013266257,-1.0,1.5823144,0.13740285,1.0895051,nan,6,3.8549612,3.8549612,3.8549612,3.8549612,3.8549612,3.8549612,0.0,0.0,0.0,0.0,0.0,0.0,0.0,0.0,0.0,0.0,0.0,0.0,0.0,0.0,0,0,0,0,0,0,0,0,0,0,0,1,0,0,1,0,2
906539787,23.405855,23.133688,0.0,0.010431755,-1.0,1.5825812,0.13903649,1.0893205,nan,6,3.8556147,3.8556147,3.8556147,3.8556147,3.8556147,3.8556147,0.0,0.0,0.0,0.0,0.0,0.0,0.0,0.0,0.0,0.0,0.0,0.0,0.0,0.0,0,0,0,0,0,0,0,0,0,0,0,1,0,0,1,0,2
906738879,22.87268,23.144623,0.0,0.007020273,-1.0,1.5825812,0.14359315,1.0888058,nan,6,3.8574371,3.8574371,3.8574371,3.8574371,3.8574371,3.8574371,0.0,0.0,0.0,0.0,0.0,0.0,0.0,0.0,0.0,0.0,0.0,0.0,0.0,0.0,0,0,0,0,0,0,0,0,0,0,0,1,0,0,1,0,2
906928877,23.86247,23.18223,0.0,0.017838148,-1.0,1.5845444,0.15926202,1.0870396,nan,6,3.863705,3.863705,3.863705,3.863705,3.863705,3.863705,0.0,0.0,0.0,0.0,0.0,0.0,0.0,0.0,0.0,0.0,0.0,0.0,0.0,0.0,0,0,0,0,0,0,0,0,0,0,0,1,0,0,1,0,2
907128904,23.394007,23.162157,0.0,0.013389001,-1.0,1.5847826,0.1508983,1.0879816,nan,6,3.8603594,3.8603594,3.8603594,3.8603594,3.8603594,3.8603594,0.0,0.0,0.0,0.0,0.0,0.0,0.0,0.0,0.0,0.0,0.0,0.0,0.0,0.0,0,0,0,0,0,0,0,0,0,0,0,1,0,0,1,0,2
907328878,23.595427,23.186348,0.0,0.009010415,-1.0,1.5847826,0.16097863,1.0868464,nan,6,3.8643913,3.8643913,3.8643913,3.8643913,3.8643913,3.8643913,0.0,0.0,0.0,0.0,0.0,0.0,0.0,0.0,0.0,0.0,0.0,0.0,0.0,0.0,0,0,0,0,0,0,0,0,0,0,0,1,0,0,1,0,2
907528881,23.168888,23.20286,0.0,0.025104092,-1.0,1.5877781,0.16785844,1.0860729,nan,6,3.8671434,3.8671434,3.8671434,3.8671434,3.8671434,3.8671434,0.0,0.0,0.0,0.0,0.0,0.0,0.0,0.0,0.0,0.0,0.0,0.0,0.0,0.0,0,0,0,0,0,0,0,0,0,0,0,1,0,0,1,0,2
907728914,22.700426,23.185205,0.0,0.016894333,-1.0,1.5877781,0.1605018,1.0869,nan,6,3.8642008,3.8642008,3.8642008,3.8642008,3.8642008,3.8642008,0.0,0.0,0.0,0.0,0.0,0.0,0.0,0.0,0.0,0.0,0.0,0.0,0.0,0.0,0,0,0,0,0,0,0,0,0,0,0,1,0,0,1,0,2
907938924,23.34479,23.180834,0.0,0.024287665,-1.0,1.5899955,0.15868028,1.087105,nan,6,3.8634722,3.8634722,3.8634722,3.8634722,3.8634722,3.8634722,0.0,0.0,0.0,0.0,0.0,0.0,0.0,0.0,0.0,0.0,0.0,0.0,0.0,0.0,0,0,0,0,0,0,0,0,0,0,0,1,0,0,1,0,2
908138882,23.044939,23.208025,0.0,0.02302133,-1.0,1.5910791,0.17000993,1.0858313,nan,6,3.868004,3.868004,3.868004,3.868004,3.868004,3.868004,0.0,0.0,0.0,0.0,0.0,0.0,0.0,0.0,0.0,0.0,0.0,0.0,0.0,0.0,0,0,0,0,0,0,0,0,0,0,0,1,0,0,1,0,2
908328878,23.151573,23.243128,0.0,0.03232541,-1.0,1.5939958,0.18463643,1.0841914,nan,6,3.8738546,3.8738546,3.8738546,3.8738546,3.8738546,3.8738546,0.0,0.0,0.0,0.0,0.0,0.0,0.0,0.0,0.0,0.0,0.0,0.0,0.0,0.0,0,0,0,0,0,0,0,0,0,0,0,1,0,0,1,0,2
908529094,23.49882,23.268934,0.0,0.021754075,-1.0,1.5939958,0.1953891,1.082989,nan,6,3.8781557,3.8781557,3.8781557,3.8781557,3.8781557,3.8781557,0.0,0.0,0.0,0.0,0.0,0.0,0.0,0.0,0.0,0.0,0.0,0.0,0.0,0.0,0,0,0,0,0,0,0,0,0,0,0,1,0,0,1,0,2
908729486,22.629335,23.229788,0.0,0.014639871,-1.0,1.5939958,0.17907842,1.084814,nan,6,3.8716314,3.8716314,3.8716314,3.8716314,3.8716314,3.8716314,0.0,0.0,0.0,0.0,0.0,0.0,0.0,0.0,0.0,0.0,0.0,0.0,0.0,0.0,0,0,0,0,0,0,0,0,0,0,0,1,0,0,1,0,2
908928877,23.541655,23.233974,0.0,0.015231553,-1.0,1.5949624,0.18082269,1.0846186,nan,6,3.872329,3.872329,3.872329,3.872329,3.872329,3.872329,0.0,0.0,0.0,0.0,0.0,0.0,0.0,0.0,0.0,0.0,0.0,0.0,0.0,0.0,0,0,0,0,0,0,0,0,0,0,0,1,0,0,1,0,2
909128877,23.778622,23.232338,0.0,0.0102504,-1.0,1.5949624,0.18014081,1.084695,nan,6,3.8720562,3.8720562,3.8720562,3.8720562,3.8720562,3.8720562,0.0,0.0,0.0,0.0,0.0,0.0,0.0,0.0,0.0,0.0,0.0,0.0,0.0,0.0,0,0,0,0,0,0,0,0,0,0,0,1,0,0,1,0,2
909338878,23.785912,23.271132,0.0,0.014864909,-1.0,1.5963644,0.19630463,1.0828868,nan,6,3.878522,3.878522,3.878522,3.878522,3.878522,3.878522,0.0,0.0,0.0,0.0,0.0,0.0,0.0,0.0,0.0,0.0,0.0,0.0,0.0,0.0,0,0,0,0,0,0,0,0,0,0,0,1,0,0,1,0,2
909538877,23.522514,23.25074,0.0,0.010003658,-1.0,1.5963644,0.18780835,1.0838364,nan,6,3.8751233,3.8751233,3.8751233,3.8751233,3.8751233,3.8751233,0.0,0.0,0.0,0.0,0.0,0.0,0.0,0.0,0.0,0.0,0.0,0.0,0.0,0.0,0,0,0,0,0,0,0,0,0,0,0,1,0,0,1,0,2
909728910,23.485147,23.271656,0.0,0.0069943555,-1.0,1.5963848,0.19652398,1.0828623,nan,6,3.8786094,3.8786094,3.8786094,3.8786094,3.8786094,3.8786094,0.0,0.0,0.0,0.0,0.0,0.0,0.0,0.0,0.0,0.0,0.0,0.0,0.0,0.0,0,0,0,0,0,0,0,0,0,0,0,1,0,0,1,0,2
909928877,23.14975,23.30182,0.0,0.0047070007,-1.0,1.5963848,0.20909245,1.0814605,nan,6,3.8836367,3.8836367,3.8836367,3.8836367,3.8836367,3.8836367,0.0,0.0,0.0,0.0,0.0,0.0,0.0,0.0,0.0,0.0,0.0,0.0,0.0,0.0,0,0,0,0,0,0,0,0,0,0,0,1,0,0,1,0,1
910128909,22.88362,23.287622,0.0,0.0038060911,-1.0,1.5965017,0.20317586,1.08212,nan,6,3.8812704,3.8812704,3.8812704,3.8812704,3.8812704,3.8812704,0.0,0.0,0.0,0.0,0.0,0.0,0.0,0.0,0.0,0.0,0.0,0.0,0.0,0.0,0,0,0,0,0,0,0,0,0,0,0,1,0,0,1,0,1
910328890,23.828749,23.30156,0.0,0.00256139,-1.0,1.5965017,0.20898373,1.0814726,nan,6,3.8835933,3.8835933,3.8835933,3.8835933,3.8835933,3.8835933,0.0,0.0,0.0,0.0,0.0,0.0,0.0,0.0,0.0,0.0,0.0,0.0,0.0,0.0,0,0,0,0,0,0,0,0,0,0,0,1,0,0,1,0,1
910528931,23.713911,23.333765,0.0,0.0063577634,-1.0,1.5973259,0.22240193,1.07998,nan,6,3.8889608,3.8889608,3.8889608,3.8889608,3.8889608,3.8889608,0.0,0.0,0.0,0.0,0.0,0.0,0.0,0.0,0.0,0.0,0.0,0.0,0.0,0.0,0,0,0,0,0,0,0,0,0,0,0,1,0,0,1,0,1
910738901,23.124231,23.374554,0.0,0.017849285,-1.0,1.5995557,0.23939736,1.0780954,nan,6,3.8957589,3.8957589,3.8957589,3.8957589,3.8957589,3.8957589,0.0,0.0,0.0,0.0,0.0,0.0,0.0,0.0,0.0,0.0,0.0,0.0,0.0,0.0,0,0,0,0,0,0,0,0,0,0,0,1,0,0,1,0,1
910938878,23.84333,23.39651,0.0842375,0.023841405,-1.0,1.6016878,0.24854596,1.0770837,nan,6,3.899418,3.899418,3.899418,3.899418,3.899418,3.899418,0.0,0.0,0.0,0.0,0.0,0.0,0.0,0.0,0.0,0.0,0.0,0.0,0.0,0.0,0,0,0,0,0,0,0,0,0,0,0,1,0,0,1,0,1
911128879,23.743988,23.445086,0.0,0.026665788,-1.0,1.6034421,0.26878577,1.0748521,nan,6,3.9075143,3.9075143,3.9075143,3.9075143,3.9075143,3.9075143,0.0,0.0,0.0,0.0,0.0,0.0,0.0,0.0,0.0,0.0,0.0,0.0,0.0,0.0,0,0,0,0,0,0,0,0,0,0,0,1,0,0,1,0,1
911328889,23.88161,23.475084,0.0,0.017945314,-1.0,1.6034421,0.28128558,1.0734785,nan,6,3.912514,3.912514,3.912514,3.912514,3.912514,3.912514,0.0,0.0,0.0,0.0,0.0,0.0,0.0,0.0,0.0,0.0,0.0,0.0,0.0,0.0,0,0,0,0,0,0,0,0,0,0,0,1,0,0,1,0,1
911528878,23.546213,23.519798,0.0,0.012076681,-1.0,1.6034421,0.29991657,1.0714377,nan,6,3.9199665,3.9199665,3.9199665,3.9199665,3.9199665,3.9199665,0.0,0.0,0.0,0.0,0.0,0.0,0.0,0.0,0.0,0.0,0.0,0.0,0.0,0.0,0,0,0,0,0,0,0,0,0,0,0,1,0,0,1,0,1
911729213,23.361197,23.560484,0.0,0.008127259,-1.0,1.6034421,0.31686813,1.0695876,nan,6,3.9267473,3.9267473,3.9267473,3.9267473,3.9267473,3.9267473,0.0,0.0,0.0,0.0,0.0,0.0,0.0,0.0,0.0,0.0,0.0,0.0,0.0,0.0,0,0,0,0,0,0,0,0,0,0,0,1,0,0,1,0,0
911928878,23.617302,23.56993,0.0,0.005469413,-1.0,1.6034421,0.32080394,1.0691588,nan,6,3.9283216,3.9283216,3.9283216,3.9283216,3.9283216,3.9283216,0.0,0.0,0.0,0.0,0.0,0.0,0.0,0.0,0.0,0.0,0.0,0.0,0.0,0.0,0,0,0,0,0,0,0,0,0,0,0,1,0,0,1,0,0
912138876,23.252739,23.57815,0.0,0.0037042387,-1.0,1.6034573,0.32422954,1.068786,nan,6,3.9296916,3.9296916,3.9296916,3.9296916,3.9296916,3.9296916,0.0,0.0,0.0,0.0,0.0,0.0,0.0,0.0,0.0,0.0,0.0,0.0,0.0,0.0,0,0,0,0,0,0,0,0,0,0,0,1,0,0,1,0,0
912338878,23.371222,23.586658,0.0,0.008397532,-1.0,1.604363,0.32777435,1.0684006,nan,6,3.9311097,3.9311097,3.9311097,3.9311097,3.9311097,3.9311097,0.0,0.0,0.0,0.0,0.0,0.0,0.0,0.0,0.0,0.0,0.0,0.0,0.0,0.0,0,0,0,0,0,0,0,0,0,0,0,1,0,0,1,0,0
912538878,23.526161,23.550251,0.0,0.005651298,-1.0,1.604363,0.3126052,1.0700523,nan,6,3.925042,3.925042,3.925042,3.925042,3.925042,3.925042,0.0,0.0,0.0,0.0,0.0,0.0,0.0,0.0,0.0,0.0,0.0,0.0,0.0,0.0,0,0,0,0,0,0,0,0,0,0,0,1,0,0,1,0,0
912729231,23.613655,23.513687,0.0,0.0055793775,-1.0,1.6047031,0.29737025,1.0717162,nan,6,3.918948,3.918948,3.918948,3.918948,3.918948,3.918948,0.0,0.0,0.0,0.0,0.0,0.0,0.0,0.0,0.0,0.0,0.0,0.0,0.0,0.0,0,0,0,0,0,0,0,0,0,0,0,1,0,0,1,0,1
912928877,23.421349,23.50885,0.0,0.003754761,-1.0,1.6047031,0.2953542,1.0719367,nan,6,3.9181416,3.9181416,3.9181416,3.9181416,3.9181416,3.9181416,0.0,0.0,0.0,0.0,0.0,0.0,0.0,0.0,0.0,0.0,0.0,0.0,0.0,0.0,0,0,0,0,0,0,0,0,0,0,0,1,0,0,1,0,1
913128982,23.061344,23.48165,0.0,0.0027867537,-1.0,1.6047488,0.28402072,1.0731784,nan,6,3.9136083,3.9136083,3.9136083,3.9136083,3.9136083,3.9136083,0.0,0.0,0.0,0.0,0.0,0.0,0.0,0.0,0.0,0.0,0.0,0.0,0.0,0.0,0,0,0,0,0,0,0,0,0,0,0,1,0,0,1,0,1
913328899,23.584492,23.493132,0.0,0.0018754053,-1.0,1.6047488,0.2888053,1.0726539,nan,6,3.9155219,3.9155219,3.9155219,3.9155219,3.9155219,3.9155219,0.0,0.0,0.0,0.0,0.0,0.0,0.0,0.0,0.0,0.0,0.0,0.0,0.0,0.0,0,0,0,0,0,0,0,0,0,0,0,1,0,0,1,0,1
913538878,23.9208,23.534616,0.0,0.0012373469,-1.0,1.6047488,0.30609065,1.0707631,nan,6,3.922436,3.922436,3.922436,3.922436,3.922436,3.922436,0.0,0.0,0.0,0.0,0.0,0.0,0.0,0.0,0.0,0.0,0.0,0.0,0.0,0.0,0,0,0,0,0,0,0,0,0,0,0,1,0,0,1,0,0
913738896,23.68201,23.557003,0.0,0.0008326992,-1.0,1.6047488,0.31541854,1.0697455,nan,6,3.9261672,3.9261672,3.9261672,3.9261672,3.9261672,3.9261672,0.0,0.0,0.0,0.0,0.0,0.0,0.0,0.0,0.0,0.0,0.0,0.0,0.0,0.0,0,0,0,0,0,0,0,0,0,0,0,1,0,0,1,0,0
913928878,23.323828,23.56638,0.0,0.0005715904,-1.0,1.6047488,0.3193248,1.06932,nan,6,3.9277298,3.9277298,3.9277298,3.9277298,3.9277298,3.9277298,0.0,0.0,0.0,0.0,0.0,0.0,0.0,0.0,0.0,0.0,0.0,0.0,0.0,0.0,0,0,0,0,0,0,0,0,0,0,0,1,0,0,1,0,0
914128878,23.383982,23.572388,0.0,0.00038466396,-1.0,1.6047488,0.3218282,1.0690473,nan,6,3.9287312,3.9287312,3.9287312,3.9287312,3.9287312,3.9287312,0.0,0.0,0.0,0.0,0.0,0.0,0.0,0.0,0.0,0.0,0.0,0.0,0.0,0.0,0,0,0,0,0,0,0,0,0,0,0,1,0,0,1,0,0
914329235,23.899837,23.580795,0.0,0.0002588678,-1.0,1.6047488,0.325332,1.0686662,nan,6,3.9301326,3.9301326,3.9301326,3.9301326,3.9301326,3.9301326,0.0,0.0,0.0,0.0,0.0,0.0,0.0,0.0,0.0,0.0,0.0,0.0,0.0,0.0,0,0,0,0,0,0,0,0,0,0,0,1,0,0,1,0,0
914528880,23.756746,23.61038,0.0,0.031845324,-1.0,1.6105053,0.33765823,1.0673271,nan,6,3.9350634,3.9350634,3.9350634,3.9350634,3.9350634,3.9350634,0.0,0.0,0.0,0.0,0.0,0.0,0.0,0.0,0.0,0.0,0.0,0.0,0.0,0.0,0,0,0,0,0,0,0,0,0,0,0,1,0,0,1,0,0
914728958,23.458715,23.588348,0.0,0.021430992,-1.0,1.6105053,0.3284791,1.068324,nan,6,3.9313915,3.9313915,3.9313915,3.9313915,3.9313915,3.9313915,0.0,0.0,0.0,0.0,0.0,0.0,0.0,0.0,0.0,0.0,0.0,0.0,0.0,0.0,0,0,0,0,0,0,0,0,0,0,0,1,0,0,1,0,0
914938877,23.899837,23.589437,0.0,0.01413965,-1.0,1.6105053,0.3289321,1.0682747,nan,6,3.931573,3.931573,3.931573,3.931573,3.931573,3.931573,0.0,0.0,0.0,0.0,0.0,0.0,0.0,0.0,0.0,0.0,0.0,0.0,0.0,0.0,0,0,0,0,0,0,0,0,0,0,0,1,0,0,1,0,0
915138877,23.523428,23.604536,0.0,0.00951558,-1.0,1.6105053,0.3352235,1.0675914,nan,6,3.9340894,3.9340894,3.9340894,3.9340894,3.9340894,3.9340894,0.0,0.0,0.0,0.0,0.0,0.0,0.0,0.0,0.0,0.0,0.0,0.0,0.0,0.0,0,0,0,0,0,0,0,0,0,0,0,1,0,0,1,0,0
915328877,23.770418,23.632374,0.0,0.0065317866,-1.0,1.6105053,0.34682304,1.0663338,nan,6,3.938729,3.938729,3.938729,3.938729,3.938729,3.938729,0.0,0.0,0.0,0.0,0.0,0.0,0.0,0.0,0.0,0.0,0.0,0.0,0.0,0.0,0,0,0,0,0,0,0,0,0,0,0,1,0,0,1,0,0
915528878,23.754923,23.653635,0.0,0.0043957056,-1.0,1.6105053,0.35568172,1.0653753,nan,6,3.9422724,3.9422724,3.9422724,3.9422724,3.9422724,3.9422724,0.0,0.0,0.0,0.0,0.0,0.0,0.0,0.0,0.0,0.0,0.0,0.0,0.0,0.0,0,0,0,0,0,0,0,0,0,0,0,1,0,0,1,0,0
915728985,23.373045,23.661716,0.0,0.0029581834,-1.0,1.6105053,0.35904914,1.0650114,nan,6,3.9436195,3.9436195,3.9436195,3.9436195,3.9436195,3.9436195,0.0,0.0,0.0,0.0,0.0,0.0,0.0,0.0,0.0,0.0,0.0,0.0,0.0,0.0,0,0,0,0,0,0,0,0,0,0,0,1,0,0,1,0,0
915928914,23.332031,23.661777,0.0,0.002261896,-1.0,1.6105632,0.35907394,1.0650088,nan,6,3.9436295,3.9436295,3.9436295,3.9436295,3.9436295,3.9436295,0.0,0.0,0.0,0.0,0.0,0.0,0.0,0.0,0.0,0.0,0.0,0.0,0.0,0.0,0,0,0,0,0,0,0,0,0,0,0,1,0,0,1,0,0
916128878,23.49244,23.631859,0.0,0.0015221911,-1.0,1.6105632,0.34660846,1.066357,nan,6,3.9386432,3.9386432,3.9386432,3.9386432,3.9386432,3.9386432,0.0,0.0,0.0,0.0,0.0,0.0,0.0,0.0,0.0,0.0,0.0,0.0,0.0,0.0,0,0,0,0,0,0,0,0,0,0,0,1,0,0,1,0,0
916338877,23.113295,23.624062,0.0,0.0041071484,-1.0,1.6111789,0.3433593,1.066709,nan,6,3.9373436,3.9373436,3.9373436,3.9373436,3.9373436,3.9373436,0.0,0.0,0.0,0.0,0.0,0.0,0.0,0.0,0.0,0.0,0.0,0.0,0.0,0.0,0,0,0,0,0,0,0,0,0,0,0,1,0,0,1,0,0
916539160,23.925358,23.626493,0.0,0.0053178407,-1.0,1.6116278,0.3443721,1.0665992,nan,6,3.937749,3.937749,3.937749,3.937749,3.937749,3.937749,0.0,0.0,0.0,0.0,0.0,0.0,0.0,0.0,0.0,0.0,0.0,0.0,0.0,0.0,0,0,0,0,0,0,0,0,0,0,0,1,0,0,1,0,0
916739421,23.438667,23.627789,0.0,0.004992759,-1.0,1.6119026,0.34491187,1.0665407,nan,6,3.9379647,3.9379647,3.9379647,3.9379647,3.9379647,3.9379647,0.0,0.0,0.0,0.0,0.0,0.0,0.0,0.0,0.0,0.0,0.0,0.0,0.0,0.0,0,0,0,0,0,0,0,0,0,0,0,1,0,0,1,0,0
916929260,24.013763,23.641361,0.0,0.0034271835,-1.0,1.6119026,0.35056716,1.0659285,nan,6,3.9402268,3.9402268,3.9402268,3.9402268,3.9402268,3.9402268,0.0,0.0,0.0,0.0,0.0,0.0,0.0,0.0,0.0,0.0,0.0,0.0,0.0,0.0,0,0,0,0,0,0,0,0,0,0,0,1,0,0,1,0,0
917128877,23.86703,23.624516,0.0,0.0023063966,-1.0,1.6119026,0.34354812,1.0666885,nan,6,3.9374192,3.9374192,3.9374192,3.9374192,3.9374192,3.9374192,0.0,0.0,0.0,0.0,0.0,0.0,0.0,0.0,0.0,0.0,0.0,0.0,0.0,0.0,0,0,0,0,0,0,0,0,0,0,0,1,0,0,1,0,0
917328876,23.776798,23.65097,0.0,0.004371792,-1.0,1.612335,0.35457164,1.0654954,nan,6,3.9418285,3.9418285,3.9418285,3.9418285,3.9418285,3.9418285,0.0,0.0,0.0,0.0,0.0,0.0,0.0,0.0,0.0,0.0,0.0,0.0,0.0,0.0,0,0,0,0,0,0,0,0,0,0,0,1,0,0,1,0,0
917528899,23.845154,23.663279,0.0,0.0029420909,-1.0,1.612335,0.35969955,1.0649412,nan,6,3.9438798,3.9438798,3.9438798,3.9438798,3.9438798,3.9438798,0.0,0.0,0.0,0.0,0.0,0.0,0.0,0.0,0.0,0.0,0.0,0.0,0.0,0.0,0,0,0,0,0,0,0,0,0,0,0,1,0,0,1,0,0
917738888,23.808697,23.681938,0.0,0.0019411205,-1.0,1.612335,0.36747485,1.064102,nan,6,3.9469898,3.9469898,3.9469898,3.9469898,3.9469898,3.9469898,0.0,0.0,0.0,0.0,0.0,0.0,0.0,0.0,0.0,0.0,0.0,0.0,0.0,0.0,0,0,0,0,0,0,0,0,0,0,0,1,0,0,1,0,0
917938877,23.815989,23.71027,0.0,0.0013063186,-1.0,1.612335,0.37927943,1.0628306,nan,6,3.9517117,3.9517117,3.9517117,3.9517117,3.9517117,3.9517117,0.0,0.0,0.0,0.0,0.0,0.0,0.0,0.0,0.0,0.0,0.0,0.0,0.0,0.0,0,0,0,0,0,0,0,0,0,0,0,1,0,0,1,0,0
918128877,23.671986,23.733356,0.0,0.0008966971,-1.0,1.612335,0.38889915,1.0617967,nan,6,3.9555595,3.9555595,3.9555595,3.9555595,3.9555595,3.9555595,0.0,0.0,0.0,0.0,0.0,0.0,0.0,0.0,0.0,0.0,0.0,0.0,0.0,0.0,0,0,0,0,0,0,0,0,0,0,0,1,0,0,1,0,0
918328972,23.658316,23.743982,0.0,0.0006034515,-1.0,1.612335,0.3933261,1.0613215,nan,6,3.9573305,3.9573305,3.9573305,3.9573305,3.9573305,3.9573305,0.0,0.0,0.0,0.0,0.0,0.0,0.0,0.0,0.0,0.0,0.0,0.0,0.0,0.0,0,0,0,0,0,0,0,0,0,0,0,1,0,0,1,0,0
918528900,23.766773,23.728266,0.0,0.0004061056,-1.0,1.612335,0.38677722,1.0620245,nan,6,3.954711,3.954711,3.954711,3.954711,3.954711,3.954711,0.0,0.0,0.0,0.0,0.0,0.0,0.0,0.0,0.0,0.0,0.0,0.0,0.0,0.0,0,0,0,0,0,0,0,0,0,0,0,1,0,0,1,0,0
918728922,23.554415,23.707653,0.0,0.0041808095,-1.0,1.6129016,0.37818938,1.0629479,nan,6,3.9512756,3.9512756,3.9512756,3.9512756,3.9512756,3.9512756,0.0,0.0,0.0,0.0,0.0,0.0,0.0,0.0,0.0,0.0,0.0,0.0,0.0,0.0,0,0,0,0,0,0,0,0,0,0,0,1,0,0,1,0,0
918928878,23.817812,23.699944,0.0,0.006399165,-1.0,1.6134986,0.37497646,1.0632937,nan,6,3.9499905,3.9499905,3.9499905,3.9499905,3.9499905,3.9499905,0.0,0.0,0.0,0.0,0.0,0.0,0.0,0.0,0.0,0.0,0.0,0.0,0.0,0.0,0,0,0,0,0,0,0,0,0,0,0,1,0,0,1,0,0
919138878,23.863382,23.701582,0.0,0.0049423566,-1.0,1.6136363,0.3756593,1.0632201,nan,6,3.9502637,3.9502637,3.9502637,3.9502637,3.9502637,3.9502637,0.0,0.0,0.0,0.0,0.0,0.0,0.0,0.0,0.0,0.0,0.0,0.0,0.0,0.0,0,0,0,0,0,0,0,0,0,0,0,1,0,0,1,0,0
919338882,23.811432,23.702393,0.0,0.006480954,-1.0,1.6142874,0.3759969,1.0631838,nan,6,3.9503987,3.9503987,3.9503987,3.9503987,3.9503987,3.9503987,0.0,0.0,0.0,0.0,0.0,0.0,0.0,0.0,0.0,0.0,0.0,0.0,0.0,0.0,0,0,0,0,0,0,0,0,0,0,0,1,0,0,1,0,0
919539101,23.943584,23.70851,0.0,0.0043614963,-1.0,1.6142874,0.37854606,1.0629094,nan,6,3.9514182,3.9514182,3.9514182,3.9514182,3.9514182,3.9514182,0.0,0.0,0.0,0.0,0.0,0.0,0.0,0.0,0.0,0.0,0.0,0.0,0.0,0.0,0,0,0,0,0,0,0,0,0,0,0,1,0,0,1,0,0
919728877,23.977308,23.724052,0.0,0.0030221776,-1.0,1.6142925,0.38502246,1.0622131,nan,6,3.9540088,3.9540088,3.9540088,3.9540088,3.9540088,3.9540088,0.0,0.0,0.0,0.0,0.0,0.0,0.0,0.0,0.0,0.0,0.0,0.0,0.0,0.0,0,0,0,0,0,0,0,0,0,0,0,1,0,0,1,0,0
919938879,23.854267,23.744461,0.0,0.0019939595,-1.0,1.6142925,0.39352542,1.0613002,nan,6,3.95741,3.95741,3.95741,3.95741,3.95741,3.95741,0.0,0.0,0.0,0.0,0.0,0.0,0.0,0.0,0.0,0.0,0.0,0.0,0.0,0.0,0,0,0,0,0,0,0,0,0,0,0,1,0,0,1,0,0
920128879,23.504286,23.747404,0.0,0.0013687153,-1.0,1.6142925,0.39475185,1.0611687,nan,6,3.9579008,3.9579008,3.9579008,3.9579008,3.9579008,3.9579008,0.0,0.0,0.0,0.0,0.0,0.0,0.0,0.0,0.0,0.0,0.0,0.0,0.0,0.0,0,0,0,0,0,0,0,0,0,0,0,1,0,0,1,0,0
920328893,23.440489,23.73273,0.0,0.0009211059,-1.0,1.6142925,0.38863784,1.0618247,nan,6,3.955455,3.955455,3.955455,3.955455,3.955455,3.955455,0.0,0.0,0.0,0.0,0.0,0.0,0.0,0.0,0.0,0.0,0.0,0.0,0.0,0.0,0,0,0,0,0,0,0,0,0,0,0,1,0,0,1,0,0
920529392,23.599073,23.717812,0.0,0.00061987794,-1.0,1.6142925,0.3824218,1.0624926,nan,6,3.9529686,3.9529686,3.9529686,3.9529686,3.9529686,3.9529686,0.0,0.0,0.0,0.0,0.0,0.0,0.0,0.0,0.0,0.0,0.0,0.0,0.0,0.0,0,0,0,0,0,0,0,0,0,0,0,1,0,0,1,0,0
920739347,23.66652,23.663353,0.0,0.014680344,-1.0,1.6169039,0.35973102,1.0649378,nan,6,3.9438922,3.9438922,3.9438922,3.9438922,3.9438922,3.9438922,0.0,0.0,0.0,0.0,0.0,0.0,0.0,0.0,0.0,0.0,0.0,0.0,0.0,0.0,0,0,0,0,0,0,0,0,0,0,0,1,0,0,1,0,0
920928976,23.910776,23.600662,0.0,0.01007704,-1.0,1.6169039,0.33360988,1.0677665,nan,6,3.9334438,3.9334438,3.9334438,3.9334438,3.9334438,3.9334438,0.0,0.0,0.0,0.0,0.0,0.0,0.0,0.0,0.0,0.0,0.0,0.0,0.0,0.0,0,0,0,0,0,0,0,0,0,0,0,1,0,0,1,0,0
921128900,23.743988,23.551044,0.0,0.0067815576,-1.0,1.6169039,0.31293517,1.0700163,nan,6,3.925174,3.925174,3.925174,3.925174,3.925174,3.925174,0.0,0.0,0.0,0.0,0.0,0.0,0.0,0.0,0.0,0.0,0.0,0.0,0.0,0.0,0,0,0,0,0,0,0,0,0,0,0,1,0,0,1,0,0
921328877,23.589048,23.48942,0.0,0.004887812,-1.0,1.6169599,0.28725845,1.0728234,nan,6,3.9149034,3.9149034,3.9149034,3.9149034,3.9149034,3.9149034,0.0,0.0,0.0,0.0,0.0,0.0,0.0,0.0,0.0,0.0,0.0,0.0,0.0,0.0,0,0,0,0,0,0,0,0,0,0,0,1,0,0,1,0,1
921528877,22.511765,23.427948,0.0,0.0074189925,-1.0,1.6176875,0.26164562,1.0756383,nan,6,3.904658,3.904658,3.904658,3.904658,3.904658,3.904658,0.0,0.0,0.0,0.0,0.0,0.0,0.0,0.0,0.0,0.0,0.0,0.0,0.0,0.0,0,0,0,0,0,0,0,0,0,0,0,1,0,0,1,0,1
921728877,23.553503,23.423883,0.0,0.0049927696,-1.0,1.6176875,0.2599519,1.075825,nan,6,3.9039805,3.9039805,3.9039805,3.9039805,3.9039805,3.9039805,0.0,0.0,0.0,0.0,0.0,0.0,0.0,0.0,0.0,0.0,0.0,0.0,0.0,0.0,0,0,0,0,0,0,0,0,0,0,0,1,0,0,1,0,1
921938882,23.879787,23.417416,0.0,0.016623534,-1.0,1.6203877,0.2572568,1.0761222,nan,6,3.9029026,3.9029026,3.9029026,3.9029026,3.9029026,3.9029026,0.0,0.0,0.0,0.0,0.0,0.0,0.0,0.0,0.0,0.0,0.0,0.0,0.0,0.0,0,0,0,0,0,0,0,0,0,0,0,1,0,0,1,0,1
922139283,23.462362,23.387047,0.0,0.011187163,-1.0,1.6203877,0.24460347,1.0775194,nan,6,3.8978412,3.8978412,3.8978412,3.8978412,3.8978412,3.8978412,0.0,0.0,0.0,0.0,0.0,0.0,0.0,0.0,0.0,0.0,0.0,0.0,0.0,0.0,0,0,0,0,0,0,0,0,0,0,0,1,0,0,1,0,1
922342007,23.411325,23.39595,0.0,0.011077692,-1.0,1.6208489,0.24831326,1.0771095,nan,6,3.8993251,3.8993251,3.8993251,3.8993251,3.8993251,3.8993251,0.0,0.0,0.0,0.0,0.0,0.0,0.0,0.0,0.0,0.0,0.0,0.0,0.0,0.0,0,0,0,0,0,0,0,0,0,0,0,1,0,0,1,0,1
922532413,23.049496,23.38479,0.0,0.007604069,-1.0,1.6208489,0.24366315,1.0776234,nan,6,3.897465,3.897465,3.897465,3.897465,3.897465,3.897465,0.0,0.0,0.0,0.0,0.0,0.0,0.0,0.0,0.0,0.0,0.0,0.0,0.0,0.0,0,0,0,0,0,0,0,0,0,0,0,1,0,0,1,0,1
922732461,23.039469,23.402576,0.0,0.020635763,-1.0,1.623842,0.25107414,1.0768044,nan,6,3.9004295,3.9004295,3.9004295,3.9004295,3.9004295,3.9004295,0.0,0.0,0.0,0.0,0.0,0.0,0.0,0.0,0.0,0.0,0.0,0.0,0.0,0.0,0,0,0,0,0,0,0,0,0,0,0,1,0,0,1,0,1
922928877,23.911686,23.3938,0.0,0.016509376,-1.0,1.6241915,0.24741681,1.0772085,nan,6,3.8989668,3.8989668,3.8989668,3.8989668,3.8989668,3.8989668,0.0,0.0,0.0,0.0,0.0,0.0,0.0,0.0,0.0,0.0,0.0,0.0,0.0,0.0,0,0,0,0,0,0,0,0,0,0,0,1,0,0,1,0,1
923128877,23.65558,23.401682,0.0,0.020433975,-1.0,1.6258745,0.25070125,1.0768455,nan,6,3.9002802,3.9002802,3.9002802,3.9002802,3.9002802,3.9002802,0.0,0.0,0.0,0.0,0.0,0.0,0.0,0.0,0.0,0.0,0.0,0.0,0.0,0.0,0,0,0,0,0,0,0,0,0,0,0,1,0,0,1,0,1
923338885,22.948328,23.407928,0.0,0.013481842,-1.0,1.6258745,0.25330383,1.0765582,nan,6,3.9013214,3.9013214,3.9013214,3.9013214,3.9013214,3.9013214,0.0,0.0,0.0,0.0,0.0,0.0,0.0,0.0,0.0,0.0,0.0,0.0,0.0,0.0,0,0,0,0,0,0,0,0,0,0,0,1,0,0,1,0,1
923538977,23.853357,23.414389,0.0,0.020686334,-1.0,1.6277026,0.2559951,1.0762613,nan,6,3.902398,3.902398,3.902398,3.902398,3.902398,3.902398,0.0,0.0,0.0,0.0,0.0,0.0,0.0,0.0,0.0,0.0,0.0,0.0,0.0,0.0,0,0,0,0,0,0,0,0,0,0,0,1,0,0,1,0,1
923728914,23.812344,23.434208,0.0,0.0141997365,-1.0,1.6277026,0.2642539,1.075351,nan,6,3.9057014,3.9057014,3.9057014,3.9057014,3.9057014,3.9057014,0.0,0.0,0.0,0.0,0.0,0.0,0.0,0.0,0.0,0.0,0.0,0.0,0.0,0.0,0,0,0,0,0,0,0,0,0,0,0,1,0,0,1,0,1
923928876,23.553503,23.432014,0.0,0.011307329,-1.0,1.6280125,0.26333934,1.0754517,nan,6,3.9053357,3.9053357,3.9053357,3.9053357,3.9053357,3.9053357,0.0,0.0,0.0,0.0,0.0,0.0,0.0,0.0,0.0,0.0,0.0,0.0,0.0,0.0,0,0,0,0,0,0,0,0,0,0,0,1,0,0,1,0,1
924140744,22.799768,23.402992,0.0,0.016149864,-1.0,1.629513,0.25124675,1.0767853,nan,6,3.9004986,3.9004986,3.9004986,3.9004986,3.9004986,3.9004986,0.0,0.0,0.0,0.0,0.0,0.0,0.0,0.0,0.0,0.0,0.0,0.0,0.0,0.0,0,0,0,0,0,0,0,0,0,0,0,1,0,0,1,0,1
924330868,23.5052,23.395895,0.0,0.011085763,-1.0,1.629513,0.24828942,1.0771121,nan,6,3.8993158,3.8993158,3.8993158,3.8993158,3.8993158,3.8993158,0.0,0.0,0.0,0.0,0.0,0.0,0.0,0.0,0.0,0.0,0.0,0.0,0.0,0.0,0,0,0,0,0,0,0,0,0,0,0,1,0,0,1,0,1
924531407,22.803415,23.41867,0.0,0.012160055,-1.0,1.6302799,0.25777942,1.0760645,nan,6,3.9031117,3.9031117,3.9031117,3.9031117,3.9031117,3.9031117,0.0,0.0,0.0,0.0,0.0,0.0,0.0,0.0,0.0,0.0,0.0,0.0,0.0,0.0,0,0,0,0,0,0,0,0,0,0,0,1,0,0,1,0,1
924742177,22.822554,23.370848,0.0,0.015161594,-1.0,1.6313258,0.23785336,1.0782664,nan,6,3.8951414,3.8951414,3.8951414,3.8951414,3.8951414,3.8951414,0.0,0.0,0.0,0.0,0.0,0.0,0.0,0.0,0.0,0.0,0.0,0.0,0.0,0.0,0,0,0,0,0,0,0,0,0,0,0,1,0,0,1,0,1
924938879,23.000278,23.36507,0.0,0.011127964,-1.0,1.6314733,0.23544629,1.0785329,nan,6,3.8941784,3.8941784,3.8941784,3.8941784,3.8941784,3.8941784,0.0,0.0,0.0,0.0,0.0,0.0,0.0,0.0,0.0,0.0,0.0,0.0,0.0,0.0,0,0,0,0,0,0,0,0,0,0,0,1,0,0,1,0,1
925128877,23.524338,23.36765,0.0,0.012404123,-1.0,1.6323435,0.23652108,1.078414,nan,6,3.8946083,3.8946083,3.8946083,3.8946083,3.8946083,3.8946083,0.0,0.0,0.0,0.0,0.0,0.0,0.0,0.0,0.0,0.0,0.0,0.0,0.0,0.0,0,0,0,0,0,0,0,0,0,0,0,1,0,0,1,0,1
925328880,23.280993,23.37225,0.0,0.020202072,-1.0,1.6342918,0.23843797,1.0782017,nan,6,3.895375,3.895375,3.895375,3.895375,3.895375,3.895375,0.0,0.0,0.0,0.0,0.0,0.0,0.0,0.0,0.0,0.0,0.0,0.0,0.0,0.0,0,0,0,0,0,0,0,0,0,0,0,1,0,0,1,0,1
925528878,23.440489,23.38529,0.0,0.016645977,-1.0,1.6347649,0.24387105,1.0776004,nan,6,3.8975484,3.8975484,3.8975484,3.8975484,3.8975484,3.8975484,0.0,0.0,0.0,0.0,0.0,0.0,0.0,0.0,0.0,0.0,0.0,0.0,0.0,0.0,0,0,0,0,0,0,0,0,0,0,0,1,0,0,1,0,1
925728877,23.667429,23.397963,0.0,0.020569822,-1.0,1.6365004,0.24915154,1.0770167,nan,6,3.8996603,3.8996603,3.8996603,3.8996603,3.8996603,3.8996603,0.0,0.0,0.0,0.0,0.0,0.0,0.0,0.0,0.0,0.0,0.0,0.0,0.0,0.0,0,0,0,0,0,0,0,0,0,0,0,1,0,0,1,0,1
925928877,22.791567,23.401876,0.0,0.014398096,-1.0,1.6365919,0.2507823,1.0768366,nan,6,3.9003127,3.9003127,3.9003127,3.9003127,3.9003127,3.9003127,0.0,0.0,0.0,0.0,0.0,0.0,0.0,0.0,0.0,0.0,0.0,0.0,0.0,0.0,0,0,0,0,0,0,0,0,0,0,0,1,0,0,1,0,1
926138973,23.303778,23.401085,0.0,0.014848314,-1.0,1.6375898,0.25045234,1.0768731,nan,6,3.9001808,3.9001808,3.9001808,3.9001808,3.9001808,3.9001808,0.0,0.0,0.0,0.0,0.0,0.0,0.0,0.0,0.0,0.0,0.0,0.0,0.0,0.0,0,0,0,0,0,0,0,0,0,0,0,1,0,0,1,0,1
926338878,23.18803,23.386797,0.0,0.009992491,-1.0,1.6375898,0.24449857,1.0775311,nan,6,3.8977995,3.8977995,3.8977995,3.8977995,3.8977995,3.8977995,0.0,0.0,0.0,0.0,0.0,0.0,0.0,0.0,0.0,0.0,0.0,0.0,0.0,0.0,0,0,0,0,0,0,0,0,0,0,0,1,0,0,1,0,1
926539886,23.763126,23.380293,0.0,0.0067246626,-1.0,1.6375898,0.24178918,1.0778307,nan,6,3.8967154,3.8967154,3.8967154,3.8967154,3.8967154,3.8967154,0.0,0.0,0.0,0.0,0.0,0.0,0.0,0.0,0.0,0.0,0.0,0.0,0.0,0.0,0,0,0,0,0,0,0,0,0,0,0,1,0,0,1,0,1
926730599,23.854267,23.38384,0.0,0.0046160156,-1.0,1.6375898,0.24326737,1.0776672,nan,6,3.8973067,3.8973067,3.8973067,3.8973067,3.8973067,3.8973067,0.0,0.0,0.0,0.0,0.0,0.0,0.0,0.0,0.0,0.0,0.0,0.0,0.0,0.0,0,0,0,0,0,0,0,0,0,0,0,1,0,0,1,0,1
926928877,23.58996,23.382275,0.0,0.015129136,-1.0,1.6394331,0.24261506,1.0777394,nan,6,3.8970459,3.8970459,3.8970459,3.8970459,3.8970459,3.8970459,0.0,0.0,0.0,0.0,0.0,0.0,0.0,0.0,0.0,0.0,0.0,0.0,0.0,0.0,0,0,0,0,0,0,0,0,0,0,0,1,0,0,1,0,1
927128912,23.424084,23.40644,0.0,0.010181476,-1.0,1.6394331,0.25268394,1.0766267,nan,6,3.9010735,3.9010735,3.9010735,3.9010735,3.9010735,3.9010735,0.0,0.0,0.0,0.0,0.0,0.0,0.0,0.0,0.0,0.0,0.0,0.0,0.0,0.0,0,0,0,0,0,0,0,0,0,0,0,1,0,0,1,0,1
927329787,23.70662,23.444954,0.0,0.006851842,-1.0,1.6394331,0.26873142,1.0748581,nan,6,3.9074924,3.9074924,3.9074924,3.9074924,3.9074924,3.9074924,0.0,0.0,0.0,0.0,0.0,0.0,0.0,0.0,0.0,0.0,0.0,0.0,0.0,0.0,0,0,0,0,0,0,0,0,0,0,0,1,0,0,1,0,1
927538880,23.775888,23.490028,0.0,0.012652106,-1.0,1.640919,0.28751212,1.0727956,nan,6,3.9150047,3.9150047,3.9150047,3.9150047,3.9150047,3.9150047,0.0,0.0,0.0,0.0,0.0,0.0,0.0,0.0,0.0,0.0,0.0,0.0,0.0,0.0,0,0,0,0,0,0,0,0,0,0,0,1,0,0,1,0,1
927738878,23.205345,23.511417,0.0,0.0151866535,-1.0,1.6421509,0.2964242,1.0718197,nan,6,3.9185696,3.9185696,3.9185696,3.9185696,3.9185696,3.9185696,0.0,0.0,0.0,0.0,0.0,0.0,0.0,0.0,0.0,0.0,0.0,0.0,0.0,0.0,0,0,0,0,0,0,0,0,0,0,0,1,0,0,1,0,1
927928878,23.748545,23.530716,0.0,0.020656642,-1.0,1.6440647,0.3044656,1.0709406,nan,6,3.921786,3.921786,3.921786,3.921786,3.921786,3.921786,0.0,0.0,0.0,0.0,0.0,0.0,0.0,0.0,0.0,0.0,0.0,0.0,0.0,0.0,0,0,0,0,0,0,0,0,0,0,0,1,0,0,1,0,0
928128906,23.949055,23.543657,0.0,0.013901331,-1.0,1.6440647,0.30985767,1.0703518,nan,6,3.9239428,3.9239428,3.9239428,3.9239428,3.9239428,3.9239428,0.0,0.0,0.0,0.0,0.0,0.0,0.0,0.0,0.0,0.0,0.0,0.0,0.0,0.0,0,0,0,0,0,0,0,0,0,0,0,1,0,0,1,0,0
928339452,23.877964,23.570824,0.0,0.01003264,-1.0,1.644193,0.32117683,1.0691183,nan,6,3.9284706,3.9284706,3.9284706,3.9284706,3.9284706,3.9284706,0.0,0.0,0.0,0.0,0.0,0.0,0.0,0.0,0.0,0.0,0.0,0.0,0.0,0.0,0,0,0,0,0,0,0,0,0,0,0,1,0,0,1,0,0
928529870,23.627327,23.58527,0.0,0.009567219,-1.0,1.6446055,0.32719642,1.0684634,nan,6,3.9308784,3.9308784,3.9308784,3.9308784,3.9308784,3.9308784,0.0,0.0,0.0,0.0,0.0,0.0,0.0,0.0,0.0,0.0,0.0,0.0,0.0,0.0,0,0,0,0,0,0,0,0,0,0,0,1,0,0,1,0,0
928728992,23.716646,23.621572,0.0,0.010130169,-1.0,1.6453352,0.3423217,1.0668215,nan,6,3.9369287,3.9369287,3.9369287,3.9369287,3.9369287,3.9369287,0.0,0.0,0.0,0.0,0.0,0.0,0.0,0.0,0.0,0.0,0.0,0.0,0.0,0.0,0,0,0,0,0,0,0,0,0,0,0,1,0,0,1,0,0
928938877,23.765862,23.639568,0.0,0.006683641,-1.0,1.6453352,0.34982044,1.0660093,nan,6,3.939928,3.939928,3.939928,3.939928,3.939928,3.939928,0.0,0.0,0.0,0.0,0.0,0.0,0.0,0.0,0.0,0.0,0.0,0.0,0.0,0.0,0,0,0,0,0,0,0,0,0,0,0,1,0,0,1,0,0
929138878,24.326376,23.623238,0.71601874,0.024505274,-1.0,1.6483223,0.34301597,1.0667462,nan,6,3.9372063,3.9372063,3.9372063,3.9372063,3.9372063,3.9372063,0.0,0.0,0.0,0.0,0.0,0.0,0.0,0.0,0.0,0.0,0.0,0.0,0.0,0.0,0,0,0,0,0,0,0,0,0,0,0,1,0,0,1,0,0
929328877,23.326563,23.61021,0.0,0.016821174,-1.0,1.6483223,0.33758765,1.0673348,nan,6,3.935035,3.935035,3.935035,3.935035,3.935035,3.935035,0.0,0.0,0.0,0.0,0.0,0.0,0.0,0.0,0.0,0.0,0.0,0.0,0.0,0.0,0,0,0,0,0,0,0,0,0,0,0,1,0,0,1,0,0
929539000,23.002102,23.601727,0.0,0.020676745,-1.0,1.6502604,0.33405334,1.0677184,nan,6,3.9336212,3.9336212,3.9336212,3.9336212,3.9336212,3.9336212,0.0,0.0,0.0,0.0,0.0,0.0,0.0,0.0,0.0,0.0,0.0,0.0,0.0,0.0,0,0,0,0,0,0,0,0,0,0,0,1,0,0,1,0,0
929729527,23.691126,23.598293,0.0,0.014193153,-1.0,1.6502604,0.33262283,1.0678737,nan,6,3.933049,3.933049,3.933049,3.933049,3.933049,3.933049,0.0,0.0,0.0,0.0,0.0,0.0,0.0,0.0,0.0,0.0,0.0,0.0,0.0,0.0,0,0,0,0,0,0,0,0,0,0,0,1,0,0,1,0,0
929929413,23.827837,23.607681,0.0,0.013167375,-1.0,1.6507903,0.33653384,1.0674491,nan,6,3.9346135,3.9346135,3.9346135,3.9346135,3.9346135,3.9346135,0.0,0.0,0.0,0.0,0.0,0.0,0.0,0.0,0.0,0.0,0.0,0.0,0.0,0.0,0,0,0,0,0,0,0,0,0,0,0,1,0,0,1,0,0
930128879,23.71938,23.585527,0.0,0.019043848,-1.0,1.6522913,0.32730323,1.0684518,nan,6,3.9309213,3.9309213,3.9309213,3.9309213,3.9309213,3.9309213,0.0,0.0,0.0,0.0,0.0,0.0,0.0,0.0,0.0,0.0,0.0,0.0,0.0,0.0,0,0,0,0,0,0,0,0,0,0,0,1,0,0,1,0,0
930338878,22.769693,23.57005,0.0,0.012911214,-1.0,1.6523376,0.32085449,1.0691534,nan,6,3.9283416,3.9283416,3.9283416,3.9283416,3.9283416,3.9283416,0.0,0.0,0.0,0.0,0.0,0.0,0.0,0.0,0.0,0.0,0.0,0.0,0.0,0.0,0,0,0,0,0,0,0,0,0,0,0,1,0,0,1,0,0
930539407,23.469654,23.548317,0.0,0.0091052335,-1.0,1.6524138,0.31179935,1.0701401,nan,6,3.9247196,3.9247196,3.9247196,3.9247196,3.9247196,3.9247196,0.0,0.0,0.0,0.0,0.0,0.0,0.0,0.0,0.0,0.0,0.0,0.0,0.0,0.0,0,0,0,0,0,0,0,0,0,0,0,1,0,0,1,0,0
930740881,23.607277,23.53817,0.0,0.020564763,-1.0,1.6553684,0.30757076,1.0706015,nan,6,3.9230282,3.9230282,3.9230282,3.9230282,3.9230282,3.9230282,0.0,0.0,0.0,0.0,0.0,0.0,0.0,0.0,0.0,0.0,0.0,0.0,0.0,0.0,0,0,0,0,0,0,0,0,0,0,0,1,0,0,1,0,0
930928877,23.584492,23.561026,0.0,0.014116286,-1.0,1.6553684,0.31709415,1.0695629,nan,6,3.9268377,3.9268377,3.9268377,3.9268377,3.9268377,3.9268377,0.0,0.0,0.0,0.0,0.0,0.0,0.0,0.0,0.0,0.0,0.0,0.0,0.0,0.0,0,0,0,0,0,0,0,0,0,0,0,1,0,0,1,0,0
931128881,23.682924,23.575073,0.0,0.009499856,-1.0,1.6553684,0.3229478,1.0689255,nan,6,3.929179,3.929179,3.929179,3.929179,3.929179,3.929179,0.0,0.0,0.0,0.0,0.0,0.0,0.0,0.0,0.0,0.0,0.0,0.0,0.0,0.0,0,0,0,0,0,0,0,0,0,0,0,1,0,0,1,0,0
931328878,23.58358,23.585272,0.0,0.0063931304,-1.0,1.6553684,0.32719642,1.0684634,nan,6,3.9308786,3.9308786,3.9308786,3.9308786,3.9308786,3.9308786,0.0,0.0,0.0,0.0,0.0,0.0,0.0,0.0,0.0,0.0,0.0,0.0,0.0,0.0,0,0,0,0,0,0,0,0,0,0,0,1,0,0,1,0,0
931528877,23.645555,23.591486,0.0,0.0058865193,-1.0,1.6555973,0.32978565,1.068182,nan,6,3.9319143,3.9319143,3.9319143,3.9319143,3.9319143,3.9319143,0.0,0.0,0.0,0.0,0.0,0.0,0.0,0.0,0.0,0.0,0.0,0.0,0.0,0.0,0,0,0,0,0,0,0,0,0,0,0,1,0,0,1,0,0
931738878,23.923534,23.566658,0.2344,0.015578788,-1.0,1.6574743,0.31944114,1.0693073,nan,6,3.9277763,3.9277763,3.9277763,3.9277763,3.9277763,3.9277763,0.0,0.0,0.0,0.0,0.0,0.0,0.0,0.0,0.0,0.0,0.0,0.0,0.0,0.0,0,0,0,0,0,0,0,0,0,0,0,1,0,0,1,0,0
931938878,23.365755,23.55279,0.0,0.019639656,-1.0,1.6588778,0.31366283,1.0699369,nan,6,3.9254649,3.9254649,3.9254649,3.9254649,3.9254649,3.9254649,0.0,0.0,0.0,0.0,0.0,0.0,0.0,0.0,0.0,0.0,0.0,0.0,0.0,0.0,0,0,0,0,0,0,0,0,0,0,0,1,0,0,1,0,0
932129208,23.985512,23.536522,0.0,0.0140334675,-1.0,1.6589609,0.3068841,1.0706764,nan,6,3.9227536,3.9227536,3.9227536,3.9227536,3.9227536,3.9227536,0.0,0.0,0.0,0.0,0.0,0.0,0.0,0.0,0.0,0.0,0.0,0.0,0.0,0.0,0,0,0,0,0,0,0,0,0,0,0,1,0,0,1,0,0
932328878,23.49973,23.536963,0.0,0.009444121,-1.0,1.6589609,0.30706817,1.0706563,nan,6,3.922827,3.922827,3.922827,3.922827,3.922827,3.922827,0.0,0.0,0.0,0.0,0.0,0.0,0.0,0.0,0.0,0.0,0.0,0.0,0.0,0.0,0,0,0,0,0,0,0,0,0,0,0,1,0,0,1,0,0
932529812,24.124956,23.564722,0.0,0.0063556237,-1.0,1.6589609,0.31863433,1.0693951,nan,6,3.9274538,3.9274538,3.9274538,3.9274538,3.9274538,3.9274538,0.0,0.0,0.0,0.0,0.0,0.0,0.0,0.0,0.0,0.0,0.0,0.0,0.0,0.0,0,0,0,0,0,0,0,0,0,0,0,1,0,0,1,0,0
932732111,23.585403,23.574406,0.0,0.008751493,-1.0,1.6595896,0.32266933,1.0689559,nan,6,3.9290676,3.9290676,3.9290676,3.9290676,3.9290676,3.9290676,0.0,0.0,0.0,0.0,0.0,0.0,0.0,0.0,0.0,0.0,0.0,0.0,0.0,0.0,0,0,0,0,0,0,0,0,0,0,0,1,0,0,1,0,0
932928877,23.576288,23.621952,0.0,0.01799474,-1.0,1.6614562,0.34248,1.0668043,nan,6,3.936992,3.936992,3.936992,3.936992,3.936992,3.936992,0.0,0.0,0.0,0.0,0.0,0.0,0.0,0.0,0.0,0.0,0.0,0.0,0.0,0.0,0,0,0,0,0,0,0,0,0,0,0,1,0,0,1,0,0
933138877,23.865206,23.624838,0.1501625,0.015687669,-1.0,1.6620361,0.3436826,1.066674,nan,6,3.937473,3.937473,3.937473,3.937473,3.937473,3.937473,0.0,0.0,0.0,0.0,0.0,0.0,0.0,0.0,0.0,0.0,0.0,0.0,0.0,0.0,0,0,0,0,0,0,0,0,0,0,0,1,0,0,1,0,0
933338878,23.216282,23.626995,0.0,0.020372264,-1.0,1.6636486,0.3445819,1.0665765,nan,6,3.9378326,3.9378326,3.9378326,3.9378326,3.9378326,3.9378326,0.0,0.0,0.0,0.0,0.0,0.0,0.0,0.0,0.0,0.0,0.0,0.0,0.0,0.0,0,0,0,0,0,0,0,0,0,0,0,1,0,0,1,0,0
933528877,23.63553,23.596348,0.0,0.021232102,-1.0,1.6649531,0.3318122,1.0679618,nan,6,3.9327247,3.9327247,3.9327247,3.9327247,3.9327247,3.9327247,0.0,0.0,0.0,0.0,0.0,0.0,0.0,0.0,0.0,0.0,0.0,0.0,0.0,0.0,0,0,0,0,0,0,0,0,0,0,0,1,0,0,1,0,0
933728880,23.692038,23.58287,0.0,0.015391258,-1.0,1.665172,0.326196,1.0685722,nan,6,3.9304783,3.9304783,3.9304783,3.9304783,3.9304783,3.9304783,0.0,0.0,0.0,0.0,0.0,0.0,0.0,0.0,0.0,0.0,0.0,0.0,0.0,0.0,0,0,0,0,0,0,0,0,0,0,0,1,0,0,1,0,0
933928879,22.951975,23.536682,0.0,0.011751118,-1.0,1.6653942,0.30695087,1.0706692,nan,6,3.9227803,3.9227803,3.9227803,3.9227803,3.9227803,3.9227803,0.0,0.0,0.0,0.0,0.0,0.0,0.0,0.0,0.0,0.0,0.0,0.0,0.0,0.0,0,0,0,0,0,0,0,0,0,0,0,1,0,0,1,0,0
934139744,23.394918,23.538738,0.0,0.008171605,-1.0,1.665471,0.30780822,1.0705756,nan,6,3.9231231,3.9231231,3.9231231,3.9231231,3.9231231,3.9231231,0.0,0.0,0.0,0.0,0.0,0.0,0.0,0.0,0.0,0.0,0.0,0.0,0.0,0.0,0,0,0,0,0,0,0,0,0,0,0,1,0,0,1,0,0
934329239,23.278257,23.509598,0.0,0.012892697,-1.0,1.66686,0.29566604,1.0719026,nan,6,3.9182663,3.9182663,3.9182663,3.9182663,3.9182663,3.9182663,0.0,0.0,0.0,0.0,0.0,0.0,0.0,0.0,0.0,0.0,0.0,0.0,0.0,0.0,0,0,0,0,0,0,0,0,0,0,0,1,0,0,1,0,1
934539005,23.076838,23.475416,0.0,0.013327538,-1.0,1.6678296,0.28142387,1.0734633,nan,6,3.9125693,3.9125693,3.9125693,3.9125693,3.9125693,3.9125693,0.0,0.0,0.0,0.0,0.0,0.0,0.0,0.0,0.0,0.0,0.0,0.0,0.0,0.0,0,0,0,0,0,0,0,0,0,0,0,1,0,0,1,0,1
934739992,23.69933,23.476343,0.0,0.014548812,-1.0,1.6688774,0.2818101,1.0734209,nan,6,3.9127238,3.9127238,3.9127238,3.9127238,3.9127238,3.9127238,0.0,0.0,0.0,0.0,0.0,0.0,0.0,0.0,0.0,0.0,0.0,0.0,0.0,0.0,0,0,0,0,0,0,0,0,0,0,0,1,0,0,1,0,1
934938884,23.44778,23.468147,0.0,0.014097153,-1.0,1.6697255,0.278395,1.0737958,nan,6,3.9113579,3.9113579,3.9113579,3.9113579,3.9113579,3.9113579,0.0,0.0,0.0,0.0,0.0,0.0,0.0,0.0,0.0,0.0,0.0,0.0,0.0,0.0,0,0,0,0,0,0,0,0,0,0,0,1,0,0,1,0,1
935131170,23.645555,23.460447,0.0,0.00967672,-1.0,1.6697255,0.27518684,1.0741482,nan,6,3.9100745,3.9100745,3.9100745,3.9100745,3.9100745,3.9100745,0.0,0.0,0.0,0.0,0.0,0.0,0.0,0.0,0.0,0.0,0.0,0.0,0.0,0.0,0,0,0,0,0,0,0,0,0,0,0,1,0,0,1,0,1
935328879,23.628239,23.436674,0.0,0.00900156,-1.0,1.6701422,0.26528102,1.0752379,nan,6,3.9061124,3.9061124,3.9061124,3.9061124,3.9061124,3.9061124,0.0,0.0,0.0,0.0,0.0,0.0,0.0,0.0,0.0,0.0,0.0,0.0,0.0,0.0,0,0,0,0,0,0,0,0,0,0,0,1,0,0,1,0,1
935528920,23.504286,23.424822,0.0,0.0063029616,-1.0,1.6701828,0.2603429,1.0757818,nan,6,3.904137,3.904137,3.904137,3.904137,3.904137,3.904137,0.0,0.0,0.0,0.0,0.0,0.0,0.0,0.0,0.0,0.0,0.0,0.0,0.0,0.0,0,0,0,0,0,0,0,0,0,0,0,1,0,0,1,0,1
935728877,23.625505,23.441069,0.0,0.004241713,-1.0,1.6701828,0.26711208,1.0750363,nan,6,3.9068449,3.9068449,3.9068449,3.9068449,3.9068449,3.9068449,0.0,0.0,0.0,0.0,0.0,0.0,0.0,0.0,0.0,0.0,0.0,0.0,0.0,0.0,0,0,0,0,0,0,0,0,0,0,0,1,0,0,1,0,1
935938877,23.380337,23.412203,0.0,0.0027985799,-1.0,1.6701828,0.25508434,1.0763618,nan,6,3.9020338,3.9020338,3.9020338,3.9020338,3.9020338,3.9020338,0.0,0.0,0.0,0.0,0.0,0.0,0.0,0.0,0.0,0.0,0.0,0.0,0.0,0.0,0,0,0,0,0,0,0,0,0,0,0,1,0,0,1,0,1
936128876,23.259119,23.428902,0.0,0.007328852,-1.0,1.6710626,0.26204234,1.0755945,nan,6,3.9048169,3.9048169,3.9048169,3.9048169,3.9048169,3.9048169,0.0,0.0,0.0,0.0,0.0,0.0,0.0,0.0,0.0,0.0,0.0,0.0,0.0,0.0,0,0,0,0,0,0,0,0,0,0,0,1,0,0,1,0,1
936328902,23.934471,23.411688,0.0,0.007818738,-1.0,1.6714795,0.25486976,1.0763855,nan,6,3.901948,3.901948,3.901948,3.901948,3.901948,3.901948,0.0,0.0,0.0,0.0,0.0,0.0,0.0,0.0,0.0,0.0,0.0,0.0,0.0,0.0,0,0,0,0,0,0,0,0,0,0,0,1,0,0,1,0,1
936539980,23.60272,23.394606,0.0,0.015782455,-1.0,1.6733524,0.2477525,1.0771713,nan,6,3.899101,3.899101,3.899101,3.899101,3.899101,3.899101,0.0,0.0,0.0,0.0,0.0,0.0,0.0,0.0,0.0,0.0,0.0,0.0,0.0,0.0,0,0,0,0,0,0,0,0,0,0,0,1,0,0,1,0,1
936730474,23.450514,23.409351,0.0,0.011170671,-1.0,1.6734163,0.253897,1.0764928,nan,6,3.9015586,3.9015586,3.9015586,3.9015586,3.9015586,3.9015586,0.0,0.0,0.0,0.0,0.0,0.0,0.0,0.0,0.0,0.0,0.0,0.0,0.0,0.0,0,0,0,0,0,0,0,0,0,0,0,1,0,0,1,0,1
936928878,23.087774,23.40826,0.0,0.012425114,-1.0,1.6743946,0.2534421,1.076543,nan,6,3.9013767,3.9013767,3.9013767,3.9013767,3.9013767,3.9013767,0.0,0.0,0.0,0.0,0.0,0.0,0.0,0.0,0.0,0.0,0.0,0.0,0.0,0.0,0,0,0,0,0,0,0,0,0,0,0,1,0,0,1,0,1
937128877,23.851534,23.420176,0.0,0.008361747,-1.0,1.6743946,0.25840694,1.0759952,nan,6,3.9033625,3.9033625,3.9033625,3.9033625,3.9033625,3.9033625,0.0,0.0,0.0,0.0,0.0,0.0,0.0,0.0,0.0,0.0,0.0,0.0,0.0,0.0,0,0,0,0,0,0,0,0,0,0,0,1,0,0,1,0,1
937338877,23.457806,23.458456,0.0,0.012706469,-1.0,1.6755712,0.27435714,1.0742394,nan,6,3.9097426,3.9097426,3.9097426,3.9097426,3.9097426,3.9097426,0.0,0.0,0.0,0.0,0.0,0.0,0.0,0.0,0.0,0.0,0.0,0.0,0.0,0.0,0,0,0,0,0,0,0,0,0,0,0,1,0,0,1,0,1
937539108,23.918066,23.501947,0.0,0.016038347,-1.0,1.6769508,0.2924779,1.0722516,nan,6,3.9169912,3.9169912,3.9169912,3.9169912,3.9169912,3.9169912,0.0,0.0,0.0,0.0,0.0,0.0,0.0,0.0,0.0,0.0,0.0,0.0,0.0,0.0,0,0,0,0,0,0,0,0,0,0,0,1,0,0,1,0,1
937729354,24.10764,23.529823,0.0,0.011009214,-1.0,1.6769508,0.30409366,1.0709811,nan,6,3.9216373,3.9216373,3.9216373,3.9216373,3.9216373,3.9216373,0.0,0.0,0.0,0.0,0.0,0.0,0.0,0.0,0.0,0.0,0.0,0.0,0.0,0.0,0,0,0,0,0,0,0,0,0,0,0,1,0,0,1,0,0
937928878,23.783178,23.55558,0.0,0.00747929,-1.0,1.676961,0.31482536,1.0698102,nan,6,3.92593,3.92593,3.92593,3.92593,3.92593,3.92593,0.0,0.0,0.0,0.0,0.0,0.0,0.0,0.0,0.0,0.0,0.0,0.0,0.0,0.0,0,0,0,0,0,0,0,0,0,0,0,1,0,0,1,0,0
938128892,23.44231,23.582802,0.0,0.02511656,-1.0,1.6803235,0.3261674,1.0685753,nan,6,3.930467,3.930467,3.930467,3.930467,3.930467,3.930467,0.0,0.0,0.0,0.0,0.0,0.0,0.0,0.0,0.0,0.0,0.0,0.0,0.0,0.0,0,0,0,0,0,0,0,0,0,0,0,1,0,0,1,0,0
938328877,23.739431,23.595758,0.0,0.018179692,-1.0,1.6805129,0.33156615,1.0679885,nan,6,3.9326265,3.9326265,3.9326265,3.9326265,3.9326265,3.9326265,0.0,0.0,0.0,0.0,0.0,0.0,0.0,0.0,0.0,0.0,0.0,0.0,0.0,0.0,0,0,0,0,0,0,0,0,0,0,0,1,0,0,1,0,0
938529930,23.685658,23.585352,0.0,0.01316872,-1.0,1.6806691,0.3272298,1.0684597,nan,6,3.930892,3.930892,3.930892,3.930892,3.930892,3.930892,0.0,0.0,0.0,0.0,0.0,0.0,0.0,0.0,0.0,0.0,0.0,0.0,0.0,0.0,0,0,0,0,0,0,0,0,0,0,0,1,0,0,1,0,0
938739144,24.16688,23.565348,0.2344,0.013284481,-1.0,1.6812972,0.31889468,1.0693668,nan,6,3.927558,3.927558,3.927558,3.927558,3.927558,3.927558,0.0,0.0,0.0,0.0,0.0,0.0,0.0,0.0,0.0,0.0,0.0,0.0,0.0,0.0,0,0,0,0,0,0,0,0,0,0,0,1,0,0,1,0,0
938938880,23.089596,23.523458,0.0,0.009837591,-1.0,1.6814765,0.3014415,1.071271,nan,6,3.9205763,3.9205763,3.9205763,3.9205763,3.9205763,3.9205763,0.0,0.0,0.0,0.0,0.0,0.0,0.0,0.0,0.0,0.0,0.0,0.0,0.0,0.0,0,0,0,0,0,0,0,0,0,0,0,1,0,0,1,0,0
939128877,22.998455,23.483082,0.0,0.0067528267,-1.0,1.6814765,0.28461772,1.073113,nan,6,3.913847,3.913847,3.913847,3.913847,3.913847,3.913847,0.0,0.0,0.0,0.0,0.0,0.0,0.0,0.0,0.0,0.0,0.0,0.0,0.0,0.0,0,0,0,0,0,0,0,0,0,0,0,1,0,0,1,0,1
939328878,24.00465,23.484077,0.13184999,0.01286781,-1.0,1.6826719,0.28503257,1.0730674,nan,6,3.914013,3.914013,3.914013,3.914013,3.914013,3.914013,0.0,0.0,0.0,0.0,0.0,0.0,0.0,0.0,0.0,0.0,0.0,0.0,0.0,0.0,0,0,0,0,0,0,0,0,0,0,0,1,0,0,1,0,1
939528877,23.245447,23.490002,0.0,0.015014641,-1.0,1.6836895,0.28750068,1.0727968,nan,6,3.9150002,3.9150002,3.9150002,3.9150002,3.9150002,3.9150002,0.0,0.0,0.0,0.0,0.0,0.0,0.0,0.0,0.0,0.0,0.0,0.0,0.0,0.0,0,0,0,0,0,0,0,0,0,0,0,1,0,0,1,0,1
939728878,23.409502,23.477589,0.0,0.024596367,-1.0,1.6862831,0.2823289,1.073364,nan,6,3.9129314,3.9129314,3.9129314,3.9129314,3.9129314,3.9129314,0.0,0.0,0.0,0.0,0.0,0.0,0.0,0.0,0.0,0.0,0.0,0.0,0.0,0.0,0,0,0,0,0,0,0,0,0,0,0,1,0,0,1,0,1
939928891,23.431374,23.492838,0.0,0.016552651,-1.0,1.6862831,0.28868228,1.0726674,nan,6,3.915473,3.915473,3.915473,3.915473,3.915473,3.915473,0.0,0.0,0.0,0.0,0.0,0.0,0.0,0.0,0.0,0.0,0.0,0.0,0.0,0.0,0,0,0,0,0,0,0,0,0,0,0,1,0,0,1,0,1
940139551,23.743988,23.526491,0.0,0.012036992,-1.0,1.6864483,0.3027051,1.0711329,nan,6,3.9210818,3.9210818,3.9210818,3.9210818,3.9210818,3.9210818,0.0,0.0,0.0,0.0,0.0,0.0,0.0,0.0,0.0,0.0,0.0,0.0,0.0,0.0,0,0,0,0,0,0,0,0,0,0,0,1,0,0,1,0,0
940339188,23.609098,23.549652,0.0,0.00810055,-1.0,1.6864483,0.31235534,1.0700794,nan,6,3.924942,3.924942,3.924942,3.924942,3.924942,3.924942,0.0,0.0,0.0,0.0,0.0,0.0,0.0,0.0,0.0,0.0,0.0,0.0,0.0,0.0,0,0,0,0,0,0,0,0,0,0,0,1,0,0,1,0,0
940528883,23.503376,23.553106,0.0,0.0055604666,-1.0,1.6864483,0.31379443,1.0699224,nan,6,3.9255178,3.9255178,3.9255178,3.9255178,3.9255178,3.9255178,0.0,0.0,0.0,0.0,0.0,0.0,0.0,0.0,0.0,0.0,0.0,0.0,0.0,0.0,0,0,0,0,0,0,0,0,0,0,0,1,0,0,1,0,0
940728877,23.829659,23.590546,0.0,0.005767585,-1.0,1.6868131,0.32939464,1.0682244,nan,6,3.9317577,3.9317577,3.9317577,3.9317577,3.9317577,3.9317577,0.0,0.0,0.0,0.0,0.0,0.0,0.0,0.0,0.0,0.0,0.0,0.0,0.0,0.0,0,0,0,0,0,0,0,0,0,0,0,1,0,0,1,0,0
940928877,23.656492,23.606085,0.0,0.0038814184,-1.0,1.6868131,0.33586913,1.0675213,nan,6,3.9343474,3.9343474,3.9343474,3.9343474,3.9343474,3.9343474,0.0,0.0,0.0,0.0,0.0,0.0,0.0,0.0,0.0,0.0,0.0,0.0,0.0,0.0,0,0,0,0,0,0,0,0,0,0,0,1,0,0,1,0,0
941128879,23.846977,23.623642,0.0,0.0038441813,-1.0,1.686992,0.34318477,1.0667279,nan,6,3.9372737,3.9372737,3.9372737,3.9372737,3.9372737,3.9372737,0.0,0.0,0.0,0.0,0.0,0.0,0.0,0.0,0.0,0.0,0.0,0.0,0.0,0.0,0,0,0,0,0,0,0,0,0,0,0,1,0,0,1,0,0
941328878,23.411325,23.620398,0.0,0.009527478,-1.0,1.6881671,0.34183246,1.0668745,nan,6,3.936733,3.936733,3.936733,3.936733,3.936733,3.936733,0.0,0.0,0.0,0.0,0.0,0.0,0.0,0.0,0.0,0.0,0.0,0.0,0.0,0.0,0,0,0,0,0,0,0,0,0,0,0,1,0,0,1,0,0
941528882,23.484238,23.63042,0.0,0.0064117196,-1.0,1.6881671,0.3460086,1.066422,nan,6,3.9384034,3.9384034,3.9384034,3.9384034,3.9384034,3.9384034,0.0,0.0,0.0,0.0,0.0,0.0,0.0,0.0,0.0,0.0,0.0,0.0,0.0,0.0,0,0,0,0,0,0,0,0,0,0,0,1,0,0,1,0,0
941738878,24.214273,23.628979,0.4504875,0.013063385,-1.0,1.6892933,0.34540778,1.0664871,nan,6,3.938163,3.938163,3.938163,3.938163,3.938163,3.938163,0.0,0.0,0.0,0.0,0.0,0.0,0.0,0.0,0.0,0.0,0.0,0.0,0.0,0.0,0,0,0,0,0,0,0,0,0,0,0,1,0,0,1,0,0
941938910,24.220654,23.622948,0.3223,0.015110892,-1.0,1.6901914,0.34289485,1.0667593,nan,6,3.9371579,3.9371579,3.9371579,3.9371579,3.9371579,3.9371579,0.0,0.0,0.0,0.0,0.0,0.0,0.0,0.0,0.0,0.0,0.0,0.0,0.0,0.0,0,0,0,0,0,0,0,0,0,0,0,1,0,0,1,0,0
942130058,23.527071,23.613192,0.0,0.010372583,-1.0,1.6901914,0.3388303,1.0672,nan,6,3.9355319,3.9355319,3.9355319,3.9355319,3.9355319,3.9355319,0.0,0.0,0.0,0.0,0.0,0.0,0.0,0.0,0.0,0.0,0.0,0.0,0.0,0.0,0,0,0,0,0,0,0,0,0,0,0,1,0,0,1,0,0
942340573,23.853357,23.60442,0.04211875,0.0084853,-1.0,1.6904632,0.33517486,1.0675967,nan,6,3.9340699,3.9340699,3.9340699,3.9340699,3.9340699,3.9340699,0.0,0.0,0.0,0.0,0.0,0.0,0.0,0.0,0.0,0.0,0.0,0.0,0.0,0.0,0,0,0,0,0,0,0,0,0,0,0,1,0,0,1,0,0
942529094,23.012127,23.55859,0.0,0.0063954312,-1.0,1.6905591,0.31607944,1.0696735,nan,6,3.9264317,3.9264317,3.9264317,3.9264317,3.9264317,3.9264317,0.0,0.0,0.0,0.0,0.0,0.0,0.0,0.0,0.0,0.0,0.0,0.0,0.0,0.0,0,0,0,0,0,0,0,0,0,0,0,1,0,0,1,0,0
942731153,23.70662,23.539146,0.0,0.004303942,-1.0,1.6905591,0.30797797,1.070557,nan,6,3.923191,3.923191,3.923191,3.923191,3.923191,3.923191,0.0,0.0,0.0,0.0,0.0,0.0,0.0,0.0,0.0,0.0,0.0,0.0,0.0,0.0,0,0,0,0,0,0,0,0,0,0,0,1,0,0,1,0,0
942941657,23.567175,23.527773,0.0,0.0080373045,-1.0,1.6914676,0.30323917,1.0710745,nan,6,3.9212954,3.9212954,3.9212954,3.9212954,3.9212954,3.9212954,0.0,0.0,0.0,0.0,0.0,0.0,0.0,0.0,0.0,0.0,0.0,0.0,0.0,0.0,0,0,0,0,0,0,0,0,0,0,0,1,0,0,1,0,0
943138879,23.438667,23.554909,0.0,0.0054088756,-1.0,1.6914676,0.31454593,1.0698407,nan,6,3.9258182,3.9258182,3.9258182,3.9258182,3.9258182,3.9258182,0.0,0.0,0.0,0.0,0.0,0.0,0.0,0.0,0.0,0.0,0.0,0.0,0.0,0.0,0,0,0,0,0,0,0,0,0,0,0,1,0,0,1,0,0
943328877,23.769506,23.591446,0.0,0.0037128187,-1.0,1.6914676,0.32976943,1.0681838,nan,6,3.9319077,3.9319077,3.9319077,3.9319077,3.9319077,3.9319077,0.0,0.0,0.0,0.0,0.0,0.0,0.0,0.0,0.0,0.0,0.0,0.0,0.0,0.0,0,0,0,0,0,0,0,0,0,0,0,1,0,0,1,0,0
943528890,23.345703,23.603441,0.0,0.0024986202,-1.0,1.6914676,0.33476764,1.0676408,nan,6,3.9339068,3.9339068,3.9339068,3.9339068,3.9339068,3.9339068,0.0,0.0,0.0,0.0,0.0,0.0,0.0,0.0,0.0,0.0,0.0,0.0,0.0,0.0,0,0,0,0,0,0,0,0,0,0,0,1,0,0,1,0,0
943728877,23.614569,23.60768,0.0,0.0016815001,-1.0,1.6914676,0.3365329,1.0674493,nan,6,3.9346132,3.9346132,3.9346132,3.9346132,3.9346132,3.9346132,0.0,0.0,0.0,0.0,0.0,0.0,0.0,0.0,0.0,0.0,0.0,0.0,0.0,0.0,0,0,0,0,0,0,0,0,0,0,0,1,0,0,1,0,0
943928898,23.746721,23.607592,0.0,0.020961877,-1.0,1.694571,0.33649665,1.0674533,nan,6,3.9345987,3.9345987,3.9345987,3.9345987,3.9345987,3.9345987,0.0,0.0,0.0,0.0,0.0,0.0,0.0,0.0,0.0,0.0,0.0,0.0,0.0,0.0,0,0,0,0,0,0,0,0,0,0,0,1,0,0,1,0,0
944128884,22.971113,23.555437,0.0,0.014106741,-1.0,1.694571,0.31476527,1.0698167,nan,6,3.9259062,3.9259062,3.9259062,3.9259062,3.9259062,3.9259062,0.0,0.0,0.0,0.0,0.0,0.0,0.0,0.0,0.0,0.0,0.0,0.0,0.0,0.0,0,0,0,0,0,0,0,0,0,0,0,1,0,0,1,0,0
944338878,23.363932,23.511467,0.0,0.0093072895,-1.0,1.694571,0.2964452,1.0718174,nan,6,3.918578,3.918578,3.918578,3.918578,3.918578,3.918578,0.0,0.0,0.0,0.0,0.0,0.0,0.0,0.0,0.0,0.0,0.0,0.0,0.0,0.0,0,0,0,0,0,0,0,0,0,0,0,1,0,0,1,0,1
944538878,23.48059,23.500015,0.0,0.007457746,-1.0,1.6947352,0.291673,1.0723397,nan,6,3.9166691,3.9166691,3.9166691,3.9166691,3.9166691,3.9166691,0.0,0.0,0.0,0.0,0.0,0.0,0.0,0.0,0.0,0.0,0.0,0.0,0.0,0.0,0,0,0,0,0,0,0,0,0,0,0,1,0,0,1,0,1
944740309,23.089596,23.460798,0.0,0.009585127,-1.0,1.6955777,0.27533275,1.0741322,nan,6,3.9101331,3.9101331,3.9101331,3.9101331,3.9101331,3.9101331,0.0,0.0,0.0,0.0,0.0,0.0,0.0,0.0,0.0,0.0,0.0,0.0,0.0,0.0,0,0,0,0,0,0,0,0,0,0,0,1,0,0,1,0,1
944928899,23.189852,23.46687,0.0,0.0065795262,-1.0,1.6955777,0.27786285,1.0738543,nan,6,3.911145,3.911145,3.911145,3.911145,3.911145,3.911145,0.0,0.0,0.0,0.0,0.0,0.0,0.0,0.0,0.0,0.0,0.0,0.0,0.0,0.0,0,0,0,0,0,0,0,0,0,0,0,1,0,0,1,0,1
945129128,23.713911,23.48568,0.0,0.009884362,-1.0,1.6964598,0.28570014,1.0729942,nan,6,3.91428,3.91428,3.91428,3.91428,3.91428,3.91428,0.0,0.0,0.0,0.0,0.0,0.0,0.0,0.0,0.0,0.0,0.0,0.0,0.0,0.0,0,0,0,0,0,0,0,0,0,0,0,1,0,0,1,0,1
945328975,23.627327,23.519766,0.0,0.012200983,-1.0,1.6973832,0.29990226,1.0714393,nan,6,3.919961,3.919961,3.919961,3.919961,3.919961,3.919961,0.0,0.0,0.0,0.0,0.0,0.0,0.0,0.0,0.0,0.0,0.0,0.0,0.0,0.0,0,0,0,0,0,0,0,0,0,0,0,1,0,0,1,0,1
945529396,23.763126,23.550236,0.0,0.008210911,-1.0,1.6973832,0.31259853,1.070053,nan,6,3.9250393,3.9250393,3.9250393,3.9250393,3.9250393,3.9250393,0.0,0.0,0.0,0.0,0.0,0.0,0.0,0.0,0.0,0.0,0.0,0.0,0.0,0.0,0,0,0,0,0,0,0,0,0,0,0,1,0,0,1,0,0
945738877,24.156855,23.585094,0.42301875,0.025344972,-1.0,1.7002616,0.327123,1.0684714,nan,6,3.930849,3.930849,3.930849,3.930849,3.930849,3.930849,0.0,0.0,0.0,0.0,0.0,0.0,0.0,0.0,0.0,0.0,0.0,0.0,0.0,0.0,0,0,0,0,0,0,0,0,0,0,0,1,0,0,1,0,0
945938897,23.264587,23.576174,0.0,0.017056441,-1.0,1.7002616,0.32340556,1.0688758,nan,6,3.9293623,3.9293623,3.9293623,3.9293623,3.9293623,3.9293623,0.0,0.0,0.0,0.0,0.0,0.0,0.0,0.0,0.0,0.0,0.0,0.0,0.0,0.0,0,0,0,0,0,0,0,0,0,0,0,1,0,0,1,0,0
946128876,23.17618,23.580254,0.0,0.019247022,-1.0,1.7015129,0.32510597,1.0686908,nan,6,3.9300423,3.9300423,3.9300423,3.9300423,3.9300423,3.9300423,0.0,0.0,0.0,0.0,0.0,0.0,0.0,0.0,0.0,0.0,0.0,0.0,0.0,0.0,0,0,0,0,0,0,0,0,0,0,0,1,0,0,1,0,0
946328877,23.746721,23.581127,0.0,0.01578284,-1.0,1.7020419,0.32547027,1.0686511,nan,6,3.930188,3.930188,3.930188,3.930188,3.930188,3.930188,0.0,0.0,0.0,0.0,0.0,0.0,0.0,0.0,0.0,0.0,0.0,0.0,0.0,0.0,0,0,0,0,0,0,0,0,0,0,0,1,0,0,1,0,0
946528881,23.663782,23.612146,0.0,0.016811006,-1.0,1.7032222,0.33839446,1.0672473,nan,6,3.9353578,3.9353578,3.9353578,3.9353578,3.9353578,3.9353578,0.0,0.0,0.0,0.0,0.0,0.0,0.0,0.0,0.0,0.0,0.0,0.0,0.0,0.0,0,0,0,0,0,0,0,0,0,0,0,1,0,0,1,0,0
946729388,23.398563,23.62316,0.0,0.013826311,-1.0,1.703634,0.34298354,1.0667497,nan,6,3.9371932,3.9371932,3.9371932,3.9371932,3.9371932,3.9371932,0.0,0.0,0.0,0.0,0.0,0.0,0.0,0.0,0.0,0.0,0.0,0.0,0.0,0.0,0,0,0,0,0,0,0,0,0,0,0,1,0,0,1,0,0
946928877,23.609098,23.639635,0.0,0.009304712,-1.0,1.703634,0.3498481,1.0660063,nan,6,3.9399393,3.9399393,3.9399393,3.9399393,3.9399393,3.9399393,0.0,0.0,0.0,0.0,0.0,0.0,0.0,0.0,0.0,0.0,0.0,0.0,0.0,0.0,0,0,0,0,0,0,0,0,0,0,0,1,0,0,1,0,0
947138877,23.371222,23.644129,0.0,0.006139024,-1.0,1.703634,0.35172015,1.0658038,nan,6,3.9406881,3.9406881,3.9406881,3.9406881,3.9406881,3.9406881,0.0,0.0,0.0,0.0,0.0,0.0,0.0,0.0,0.0,0.0,0.0,0.0,0.0,0.0,0,0,0,0,0,0,0,0,0,0,0,1,0,0,1,0,0
947338878,23.692947,23.64979,0.0,0.004131388,-1.0,1.703634,0.35407954,1.0655485,nan,6,3.9416316,3.9416316,3.9416316,3.9416316,3.9416316,3.9416316,0.0,0.0,0.0,0.0,0.0,0.0,0.0,0.0,0.0,0.0,0.0,0.0,0.0,0.0,0,0,0,0,0,0,0,0,0,0,0,1,0,0,1,0,0
947528878,23.289196,23.626955,0.0,0.002835912,-1.0,1.703634,0.34456474,1.0665784,nan,6,3.937826,3.937826,3.937826,3.937826,3.937826,3.937826,0.0,0.0,0.0,0.0,0.0,0.0,0.0,0.0,0.0,0.0,0.0,0.0,0.0,0.0,0,0,0,0,0,0,0,0,0,0,0,1,0,0,1,0,0
947728879,23.823278,23.598995,0.0,0.0043973993,-1.0,1.7041396,0.33291465,1.067842,nan,6,3.9331658,3.9331658,3.9331658,3.9331658,3.9331658,3.9331658,0.0,0.0,0.0,0.0,0.0,0.0,0.0,0.0,0.0,0.0,0.0,0.0,0.0,0.0,0,0,0,0,0,0,0,0,0,0,0,1,0,0,1,0,0
947929183,22.998455,23.575829,0.0,0.0029593233,-1.0,1.7041396,0.3232625,1.0688913,nan,6,3.9293048,3.9293048,3.9293048,3.9293048,3.9293048,3.9293048,0.0,0.0,0.0,0.0,0.0,0.0,0.0,0.0,0.0,0.0,0.0,0.0,0.0,0.0,0,0,0,0,0,0,0,0,0,0,0,1,0,0,1,0,0
948129004,23.825102,23.59263,0.0,0.0050863414,-1.0,1.7047464,0.33026248,1.0681301,nan,6,3.932105,3.932105,3.932105,3.932105,3.932105,3.932105,0.0,0.0,0.0,0.0,0.0,0.0,0.0,0.0,0.0,0.0,0.0,0.0,0.0,0.0,0,0,0,0,0,0,0,0,0,0,0,1,0,0,1,0,0
948328877,23.821459,23.617302,0.0,0.0069062137,-1.0,1.7053982,0.3405431,1.0670142,nan,6,3.936217,3.936217,3.936217,3.936217,3.936217,3.936217,0.0,0.0,0.0,0.0,0.0,0.0,0.0,0.0,0.0,0.0,0.0,0.0,0.0,0.0,0,0,0,0,0,0,0,0,0,0,0,1,0,0,1,0,0
948538878,23.823278,23.626196,0.0,0.011684938,-1.0,1.7066292,0.34424812,1.0666127,nan,6,3.9376993,3.9376993,3.9376993,3.9376993,3.9376993,3.9376993,0.0,0.0,0.0,0.0,0.0,0.0,0.0,0.0,0.0,0.0,0.0,0.0,0.0,0.0,0,0,0,0,0,0,0,0,0,0,0,1,0,0,1,0,0
948738877,23.652847,23.639595,0.0,0.008085455,-1.0,1.7066749,0.34983188,1.0660081,nan,6,3.9399326,3.9399326,3.9399326,3.9399326,3.9399326,3.9399326,0.0,0.0,0.0,0.0,0.0,0.0,0.0,0.0,0.0,0.0,0.0,0.0,0.0,0.0,0,0,0,0,0,0,0,0,0,0,0,1,0,0,1,0,0
948929289,23.708443,23.639849,0.0,0.0073909787,-1.0,1.7070161,0.34993678,1.0659966,nan,6,3.9399748,3.9399748,3.9399748,3.9399748,3.9399748,3.9399748,0.0,0.0,0.0,0.0,0.0,0.0,0.0,0.0,0.0,0.0,0.0,0.0,0.0,0.0,0,0,0,0,0,0,0,0,0,0,0,1,0,0,1,0,0
949128903,23.86247,23.646767,0.0,0.004973916,-1.0,1.7070161,0.35281974,1.0656848,nan,6,3.9411278,3.9411278,3.9411278,3.9411278,3.9411278,3.9411278,0.0,0.0,0.0,0.0,0.0,0.0,0.0,0.0,0.0,0.0,0.0,0.0,0.0,0.0,0,0,0,0,0,0,0,0,0,0,0,1,0,0,1,0,0
949328880,23.657404,23.64098,0.0,0.006079147,-1.0,1.7074435,0.35040885,1.0659456,nan,6,3.9401634,3.9401634,3.9401634,3.9401634,3.9401634,3.9401634,0.0,0.0,0.0,0.0,0.0,0.0,0.0,0.0,0.0,0.0,0.0,0.0,0.0,0.0,0,0,0,0,0,0,0,0,0,0,0,1,0,0,1,0,0
949528877,22.341331,23.553936,0.0,0.0055798683,-1.0,1.7076675,0.31414062,1.0698848,nan,6,3.925656,3.925656,3.925656,3.925656,3.925656,3.925656,0.0,0.0,0.0,0.0,0.0,0.0,0.0,0.0,0.0,0.0,0.0,0.0,0.0,0.0,0,0,0,0,0,0,0,0,0,0,0,1,0,0,1,0,0
949728937,23.707533,23.546474,0.0,0.0070072873,-1.0,1.7081863,0.31103164,1.0702238,nan,6,3.9244125,3.9244125,3.9244125,3.9244125,3.9244125,3.9244125,0.0,0.0,0.0,0.0,0.0,0.0,0.0,0.0,0.0,0.0,0.0,0.0,0.0,0.0,0,0,0,0,0,0,0,0,0,0,0,1,0,0,1,0,0
949938891,23.617302,23.515854,0.0,0.0103860395,-1.0,1.7091681,0.29827243,1.0716175,nan,6,3.919309,3.919309,3.919309,3.919309,3.919309,3.919309,0.0,0.0,0.0,0.0,0.0,0.0,0.0,0.0,0.0,0.0,0.0,0.0,0.0,0.0,0,0,0,0,0,0,0,0,0,0,0,1,0,0,1,0,1
950138878,23.948143,23.480864,0.00549375,0.007097228,-1.0,1.7091833,0.2836936,1.0732143,nan,6,3.9134772,3.9134772,3.9134772,3.9134772,3.9134772,3.9134772,0.0,0.0,0.0,0.0,0.0,0.0,0.0,0.0,0.0,0.0,0.0,0.0,0.0,0.0,0,0,0,0,0,0,0,0,0,0,0,1,0,0,1,0,1
950328879,23.371222,23.456861,0.0,0.004871756,-1.0,1.7091833,0.27369243,1.0743124,nan,6,3.909477,3.909477,3.909477,3.909477,3.909477,3.909477,0.0,0.0,0.0,0.0,0.0,0.0,0.0,0.0,0.0,0.0,0.0,0.0,0.0,0.0,0,0,0,0,0,0,0,0,0,0,0,1,0,0,1,0,1
950529131,22.978407,23.456903,0.0,0.0033386431,-1.0,1.7091935,0.2737096,1.0743107,nan,6,3.909484,3.909484,3.909484,3.909484,3.909484,3.909484,0.0,0.0,0.0,0.0,0.0,0.0,0.0,0.0,0.0,0.0,0.0,0.0,0.0,0.0,0,0,0,0,0,0,0,0,0,0,0,1,0,0,1,0,1
951128877,22.880884,23.4732,0.0,0.003124441,-1.0,1.7099049,0.28049976,1.0735648,nan,6,3.9122,3.9122,3.9122,3.9122,3.9122,3.9122,0.0,0.0,0.0,0.0,0.0,0.0,0.0,0.0,0.0,0.0,0.0,0.0,0.0,0.0,0,0,0,0,0,0,0,0,0,0,0,1,0,0,1,0,1
951338876,23.767685,23.451996,0.0,0.005476385,-1.0,1.7105558,0.27166492,1.0745354,nan,6,3.908666,3.908666,3.908666,3.908666,3.908666,3.908666,0.0,0.0,0.0,0.0,0.0,0.0,0.0,0.0,0.0,0.0,0.0,0.0,0.0,0.0,0,0,0,0,0,0,0,0,0,0,0,1,0,0,1,0,1
951538877,23.45963,23.449123,0.0,0.0036854497,-1.0,1.7105558,0.27046806,1.074667,nan,6,3.9081872,3.9081872,3.9081872,3.9081872,3.9081872,3.9081872,0.0,0.0,0.0,0.0,0.0,0.0,0.0,0.0,0.0,0.0,0.0,0.0,0.0,0.0,0,0,0,0,0,0,0,0,0,0,0,1,0,0,1,0,1
951728877,23.754013,23.43412,0.0,0.0033347644,-1.0,1.7107033,0.26421672,1.075355,nan,6,3.9056866,3.9056866,3.9056866,3.9056866,3.9056866,3.9056866,0.0,0.0,0.0,0.0,0.0,0.0,0.0,0.0,0.0,0.0,0.0,0.0,0.0,0.0,0,0,0,0,0,0,0,0,0,0,0,1,0,0,1,0,1
951928880,24.00374,23.459896,0.0,0.011769665,-1.0,1.7121078,0.274957,1.0741735,nan,6,3.9099827,3.9099827,3.9099827,3.9099827,3.9099827,3.9099827,0.0,0.0,0.0,0.0,0.0,0.0,0.0,0.0,0.0,0.0,0.0,0.0,0.0,0.0,0,0,0,0,0,0,0,0,0,0,0,1,0,0,1,0,1
952128879,23.35664,23.488464,0.0,0.007920648,-1.0,1.7121078,0.28686076,1.072867,nan,6,3.9147441,3.9147441,3.9147441,3.9147441,3.9147441,3.9147441,0.0,0.0,0.0,0.0,0.0,0.0,0.0,0.0,0.0,0.0,0.0,0.0,0.0,0.0,0,0,0,0,0,0,0,0,0,0,0,1,0,0,1,0,1
952328878,23.654669,23.533512,0.0,0.009194209,-1.0,1.7126777,0.30563003,1.0708134,nan,6,3.922252,3.922252,3.922252,3.922252,3.922252,3.922252,0.0,0.0,0.0,0.0,0.0,0.0,0.0,0.0,0.0,0.0,0.0,0.0,0.0,0.0,0,0,0,0,0,0,0,0,0,0,0,1,0,0,1,0,0
952528878,23.626415,23.50739,0.0,0.006215752,-1.0,1.7126828,0.29474574,1.0720034,nan,6,3.9178982,3.9178982,3.9178982,3.9178982,3.9178982,3.9178982,0.0,0.0,0.0,0.0,0.0,0.0,0.0,0.0,0.0,0.0,0.0,0.0,0.0,0.0,0,0,0,0,0,0,0,0,0,0,0,1,0,0,1,0,1
952739015,23.076838,23.486702,0.0,0.012750368,-1.0,1.7143056,0.28612643,1.0729475,nan,6,3.9144504,3.9144504,3.9144504,3.9144504,3.9144504,3.9144504,0.0,0.0,0.0,0.0,0.0,0.0,0.0,0.0,0.0,0.0,0.0,0.0,0.0,0.0,0,0,0,0,0,0,0,0,0,0,0,1,0,0,1,0,1
952939375,23.860647,23.49267,0.10804375,0.011010572,-1.0,1.7146493,0.28861266,1.072675,nan,6,3.915445,3.915445,3.915445,3.915445,3.915445,3.915445,0.0,0.0,0.0,0.0,0.0,0.0,0.0,0.0,0.0,0.0,0.0,0.0,0.0,0.0,0,0,0,0,0,0,0,0,0,0,0,1,0,0,1,0,1
953138883,23.507933,23.459208,0.0,0.009942393,-1.0,1.7150463,0.27466995,1.074205,nan,6,3.909868,3.909868,3.909868,3.909868,3.909868,3.909868,0.0,0.0,0.0,0.0,0.0,0.0,0.0,0.0,0.0,0.0,0.0,0.0,0.0,0.0,0,0,0,0,0,0,0,0,0,0,0,1,0,0,1,0,1
953329266,23.444134,23.418587,0.0,0.0068536424,-1.0,1.7150514,0.2577451,1.0760683,nan,6,3.9030979,3.9030979,3.9030979,3.9030979,3.9030979,3.9030979,0.0,0.0,0.0,0.0,0.0,0.0,0.0,0.0,0.0,0.0,0.0,0.0,0.0,0.0,0,0,0,0,0,0,0,0,0,0,0,1,0,0,1,0,1
953528880,23.05952,23.385036,0.0,0.0046435636,-1.0,1.7150565,0.24376519,1.0776122,nan,6,3.897506,3.897506,3.897506,3.897506,3.897506,3.897506,0.0,0.0,0.0,0.0,0.0,0.0,0.0,0.0,0.0,0.0,0.0,0.0,0.0,0.0,0,0,0,0,0,0,0,0,0,0,0,1,0,0,1,0,1
953728877,23.846064,23.378231,0.0,0.011903891,-1.0,1.716664,0.24092992,1.0779258,nan,6,3.8963718,3.8963718,3.8963718,3.8963718,3.8963718,3.8963718,0.0,0.0,0.0,0.0,0.0,0.0,0.0,0.0,0.0,0.0,0.0,0.0,0.0,0.0,0,0,0,0,0,0,0,0,0,0,0,1,0,0,1,0,1
953928877,22.973848,23.372728,0.0,0.008010977,-1.0,1.716664,0.23863728,1.0781796,nan,6,3.8954546,3.8954546,3.8954546,3.8954546,3.8954546,3.8954546,0.0,0.0,0.0,0.0,0.0,0.0,0.0,0.0,0.0,0.0,0.0,0.0,0.0,0.0,0,0,0,0,0,0,0,0,0,0,0,1,0,0,1,0,1
954138877,23.086863,23.336239,0.0,0.0076478305,-1.0,1.7170862,0.22343285,1.0798655,nan,6,3.889373,3.889373,3.889373,3.889373,3.889373,3.889373,0.0,0.0,0.0,0.0,0.0,0.0,0.0,0.0,0.0,0.0,0.0,0.0,0.0,0.0,0,0,0,0,0,0,0,0,0,0,0,1,0,0,1,0,1
954338877,22.848986,23.334845,0.0,0.018119285,-1.0,1.7197113,0.22285207,1.07993,nan,6,3.8891408,3.8891408,3.8891408,3.8891408,3.8891408,3.8891408,0.0,0.0,0.0,0.0,0.0,0.0,0.0,0.0,0.0,0.0,0.0,0.0,0.0,0.0,0,0,0,0,0,0,0,0,0,0,0,1,0,0,1,0,1
954528880,24.167793,23.31698,0.48894376,0.022024764,-1.0,1.7210695,0.21540864,1.0807574,nan,6,3.8861635,3.8861635,3.8861635,3.8861635,3.8861635,3.8861635,0.0,0.0,0.0,0.0,0.0,0.0,0.0,0.0,0.0,0.0,0.0,0.0,0.0,0.0,0,0,0,0,0,0,0,0,0,0,0,1,0,0,1,0,1
954728878,23.579935,23.299122,0.0,0.024870344,-1.0,1.7227954,0.20796807,1.0815858,nan,6,3.883187,3.883187,3.883187,3.883187,3.883187,3.883187,0.0,0.0,0.0,0.0,0.0,0.0,0.0,0.0,0.0,0.0,0.0,0.0,0.0,0.0,0,0,0,0,0,0,0,0,0,0,0,1,0,0,1,0,1
954929460,23.730318,23.304323,0.0,0.017281286,-1.0,1.7228918,0.21013482,1.0813444,nan,6,3.884054,3.884054,3.884054,3.884054,3.884054,3.884054,0.0,0.0,0.0,0.0,0.0,0.0,0.0,0.0,0.0,0.0,0.0,0.0,0.0,0.0,0,0,0,0,0,0,0,0,0,0,0,1,0,0,1,0,1
955128877,23.523428,23.28338,0.0,0.039073437,-1.0,1.7274599,0.2014087,1.082317,nan,6,3.8805635,3.8805635,3.8805635,3.8805635,3.8805635,3.8805635,0.0,0.0,0.0,0.0,0.0,0.0,0.0,0.0,0.0,0.0,0.0,0.0,0.0,0.0,0,0,0,0,0,0,0,0,0,0,0,1,0,0,1,0,1
955328878,22.571007,23.265446,0.0,0.034537412,-1.0,1.728851,0.1939357,1.0831513,nan,6,3.8775742,3.8775742,3.8775742,3.8775742,3.8775742,3.8775742,0.0,0.0,0.0,0.0,0.0,0.0,0.0,0.0,0.0,0.0,0.0,0.0,0.0,0.0,0,0,0,0,0,0,0,0,0,0,0,1,0,0,1,0,2
955538878,23.476034,23.272146,0.0,0.049207393,-1.0,1.7334294,0.19672807,1.0828395,nan,6,3.878691,3.878691,3.878691,3.878691,3.878691,3.878691,0.0,0.0,0.0,0.0,0.0,0.0,0.0,0.0,0.0,0.0,0.0,0.0,0.0,0.0,0,0,0,0,0,0,0,0,0,0,0,1,0,0,1,0,2
955738877,22.73506,23.238846,0.0,0.043431222,-1.0,1.7352664,0.18285306,1.0843911,nan,6,3.873141,3.873141,3.873141,3.873141,3.873141,3.873141,0.0,0.0,0.0,0.0,0.0,0.0,0.0,0.0,0.0,0.0,0.0,0.0,0.0,0.0,0,0,0,0,0,0,0,0,0,0,0,1,0,0,1,0,2
955939437,22.891823,23.205412,0.0,0.029227966,-1.0,1.7352664,0.16892178,1.0859535,nan,6,3.8675687,3.8675687,3.8675687,3.8675687,3.8675687,3.8675687,0.0,0.0,0.0,0.0,0.0,0.0,0.0,0.0,0.0,0.0,0.0,0.0,0.0,0.0,0,0,0,0,0,0,0,0,0,0,0,1,0,0,1,0,2
956128880,23.391273,23.205652,0.0,0.021210188,-1.0,1.735484,0.16902192,1.0859423,nan,6,3.8676088,3.8676088,3.8676088,3.8676088,3.8676088,3.8676088,0.0,0.0,0.0,0.0,0.0,0.0,0.0,0.0,0.0,0.0,0.0,0.0,0.0,0.0,0,0,0,0,0,0,0,0,0,0,0,1,0,0,1,0,2
956328876,23.332031,23.210081,0.0,0.020289775,-1.0,1.7366552,0.17086728,1.0857351,nan,6,3.868347,3.868347,3.868347,3.868347,3.868347,3.868347,0.0,0.0,0.0,0.0,0.0,0.0,0.0,0.0,0.0,0.0,0.0,0.0,0.0,0.0,0,0,0,0,0,0,0,0,0,0,0,1,0,0,1,0,2
956528895,23.542566,23.217163,0.0,0.015799247,-1.0,1.7370718,0.17381795,1.0854039,nan,6,3.869527,3.869527,3.869527,3.869527,3.869527,3.869527,0.0,0.0,0.0,0.0,0.0,0.0,0.0,0.0,0.0,0.0,0.0,0.0,0.0,0.0,0,0,0,0,0,0,0,0,0,0,0,1,0,0,1,0,2
956728878,23.526161,23.230906,0.0,0.019230377,-1.0,1.7385962,0.17954381,1.0847619,nan,6,3.8718176,3.8718176,3.8718176,3.8718176,3.8718176,3.8718176,0.0,0.0,0.0,0.0,0.0,0.0,0.0,0.0,0.0,0.0,0.0,0.0,0.0,0.0,0,0,0,0,0,0,0,0,0,0,0,1,0,0,1,0,2
956939210,23.80323,23.26573,0.3699125,0.062141523,-1.0,1.7458444,0.19405396,1.0831382,nan,6,3.8776217,3.8776217,3.8776217,3.8776217,3.8776217,3.8776217,0.0,0.0,0.0,0.0,0.0,0.0,0.0,0.0,0.0,0.0,0.0,0.0,0.0,0.0,0,0,0,0,0,0,0,0,0,0,0,1,0,0,1,0,2
957138882,23.905306,23.261528,0.3699125,0.049072653,-1.0,1.746872,0.19230397,1.0833337,nan,6,3.8769214,3.8769214,3.8769214,3.8769214,3.8769214,3.8769214,0.0,0.0,0.0,0.0,0.0,0.0,0.0,0.0,0.0,0.0,0.0,0.0,0.0,0.0,0,0,0,0,0,0,0,0,0,0,0,1,0,0,1,0,2
957328877,23.49882,23.288557,0.0,0.033710122,-1.0,1.7468771,0.20356591,1.0820764,nan,6,3.881426,3.881426,3.881426,3.881426,3.881426,3.881426,0.0,0.0,0.0,0.0,0.0,0.0,0.0,0.0,0.0,0.0,0.0,0.0,0.0,0.0,0,0,0,0,0,0,0,0,0,0,0,1,0,0,1,0,1
957528877,23.001192,23.25278,0.0,0.022685949,-1.0,1.7468771,0.18865903,1.0837413,nan,6,3.8754635,3.8754635,3.8754635,3.8754635,3.8754635,3.8754635,0.0,0.0,0.0,0.0,0.0,0.0,0.0,0.0,0.0,0.0,0.0,0.0,0.0,0.0,0,0,0,0,0,0,0,0,0,0,0,1,0,0,1,0,2
957728878,23.732138,23.275373,0.0402875,0.037074994,-1.0,1.7510992,0.19807275,1.0826893,nan,6,3.8792288,3.8792288,3.8792288,3.8792288,3.8792288,3.8792288,0.0,0.0,0.0,0.0,0.0,0.0,0.0,0.0,0.0,0.0,0.0,0.0,0.0,0.0,0,0,0,0,0,0,0,0,0,0,0,1,0,0,1,0,2
957928902,22.591059,23.271276,0.0,0.029618902,-1.0,1.7518368,0.19636567,1.0828799,nan,6,3.878546,3.878546,3.878546,3.878546,3.878546,3.878546,0.0,0.0,0.0,0.0,0.0,0.0,0.0,0.0,0.0,0.0,0.0,0.0,0.0,0.0,0,0,0,0,0,0,0,0,0,0,0,1,0,0,1,0,2
958128879,24.156855,23.252758,0.75996876,0.034834024,-1.0,1.7539482,0.18864949,1.0837424,nan,6,3.8754597,3.8754597,3.8754597,3.8754597,3.8754597,3.8754597,0.0,0.0,0.0,0.0,0.0,0.0,0.0,0.0,0.0,0.0,0.0,0.0,0.0,0.0,0,0,0,0,0,0,0,0,0,0,0,1,0,0,1,0,2
958338878,22.837137,23.26613,0.0,0.025389597,-1.0,1.7543399,0.19422086,1.0831195,nan,6,3.8776884,3.8776884,3.8776884,3.8776884,3.8776884,3.8776884,0.0,0.0,0.0,0.0,0.0,0.0,0.0,0.0,0.0,0.0,0.0,0.0,0.0,0.0,0,0,0,0,0,0,0,0,0,0,0,1,0,0,1,0,2
958539299,22.879972,23.263733,0.0,0.024844043,-1.0,1.7557135,0.19322236,1.0832311,nan,6,3.8772888,3.8772888,3.8772888,3.8772888,3.8772888,3.8772888,0.0,0.0,0.0,0.0,0.0,0.0,0.0,0.0,0.0,0.0,0.0,0.0,0.0,0.0,0,0,0,0,0,0,0,0,0,0,0,1,0,0,1,0,2
958728879,23.431374,23.277363,0.0,0.01798724,-1.0,1.7558771,0.19890149,1.0825968,nan,6,3.8795605,3.8795605,3.8795605,3.8795605,3.8795605,3.8795605,0.0,0.0,0.0,0.0,0.0,0.0,0.0,0.0,0.0,0.0,0.0,0.0,0.0,0.0,0,0,0,0,0,0,0,0,0,0,0,1,0,0,1,0,2
958929048,23.378513,23.28977,0.0,0.017012192,-1.0,1.7567753,0.20407136,1.08202,nan,6,3.8816283,3.8816283,3.8816283,3.8816283,3.8816283,3.8816283,0.0,0.0,0.0,0.0,0.0,0.0,0.0,0.0,0.0,0.0,0.0,0.0,0.0,0.0,0,0,0,0,0,0,0,0,0,0,0,1,0,0,1,0,1
959128878,23.513401,23.26942,0.0,0.011584782,-1.0,1.7567976,0.19559224,1.0829663,nan,6,3.8782368,3.8782368,3.8782368,3.8782368,3.8782368,3.8782368,0.0,0.0,0.0,0.0,0.0,0.0,0.0,0.0,0.0,0.0,0.0,0.0,0.0,0.0,0,0,0,0,0,0,0,0,0,0,0,1,0,0,1,0,2
959328876,22.73506,23.273327,0.0,0.013435122,-1.0,1.7577336,0.19722016,1.0827845,nan,6,3.878888,3.878888,3.878888,3.878888,3.878888,3.878888,0.0,0.0,0.0,0.0,0.0,0.0,0.0,0.0,0.0,0.0,0.0,0.0,0.0,0.0,0,0,0,0,0,0,0,0,0,0,0,1,0,0,1,0,2
959528876,22.92281,23.278715,0.0,0.016538413,-1.0,1.7588829,0.19946511,1.0825338,nan,6,3.8797858,3.8797858,3.8797858,3.8797858,3.8797858,3.8797858,0.0,0.0,0.0,0.0,0.0,0.0,0.0,0.0,0.0,0.0,0.0,0.0,0.0,0.0,0,0,0,0,0,0,0,0,0,0,0,1,0,0,1,0,2
959738880,23.824192,23.288307,0.0,0.012708514,-1.0,1.7592089,0.20346196,1.082088,nan,6,3.8813846,3.8813846,3.8813846,3.8813846,3.8813846,3.8813846,0.0,0.0,0.0,0.0,0.0,0.0,0.0,0.0,0.0,0.0,0.0,0.0,0.0,0.0,0,0,0,0,0,0,0,0,0,0,0,1,0,0,1,0,1
959938877,23.39674,23.267778,0.0,0.008552466,-1.0,1.7592089,0.1949075,1.0830429,nan,6,3.877963,3.877963,3.877963,3.877963,3.877963,3.877963,0.0,0.0,0.0,0.0,0.0,0.0,0.0,0.0,0.0,0.0,0.0,0.0,0.0,0.0,0,0,0,0,0,0,0,0,0,0,0,1,0,0,1,0,2
960128878,23.169802,23.276882,0.0,0.008547431,-1.0,1.7596565,0.19870122,1.0826192,nan,6,3.8794804,3.8794804,3.8794804,3.8794804,3.8794804,3.8794804,0.0,0.0,0.0,0.0,0.0,0.0,0.0,0.0,0.0,0.0,0.0,0.0,0.0,0.0,0,0,0,0,0,0,0,0,0,0,0,1,0,0,1,0,2
960328877,22.902758,23.276016,0.0,0.005752176,-1.0,1.7596565,0.19834073,1.0826595,nan,6,3.879336,3.879336,3.879336,3.879336,3.879336,3.879336,0.0,0.0,0.0,0.0,0.0,0.0,0.0,0.0,0.0,0.0,0.0,0.0,0.0,0.0,0,0,0,0,0,0,0,0,0,0,0,1,0,0,1,0,2
960528878,23.315626,23.289618,0.0,0.0038710495,-1.0,1.7596565,0.20400746,1.0820272,nan,6,3.881603,3.881603,3.881603,3.881603,3.881603,3.881603,0.0,0.0,0.0,0.0,0.0,0.0,0.0,0.0,0.0,0.0,0.0,0.0,0.0,0.0,0,0,0,0,0,0,0,0,0,0,0,1,0,0,1,0,1
960729341,22.821644,23.283144,0.0,0.011025092,-1.0,1.76114,0.20131047,1.082328,nan,6,3.880524,3.880524,3.880524,3.880524,3.880524,3.880524,0.0,0.0,0.0,0.0,0.0,0.0,0.0,0.0,0.0,0.0,0.0,0.0,0.0,0.0,0,0,0,0,0,0,0,0,0,0,0,1,0,0,1,0,1
960929401,23.087774,23.252401,0.0,0.00741957,-1.0,1.76114,0.18850072,1.083759,nan,6,3.8754003,3.8754003,3.8754003,3.8754003,3.8754003,3.8754003,0.0,0.0,0.0,0.0,0.0,0.0,0.0,0.0,0.0,0.0,0.0,0.0,0.0,0.0,0,0,0,0,0,0,0,0,0,0,0,1,0,0,1,0,2
961139895,22.770603,23.25269,0.0,0.004895253,-1.0,1.76114,0.18862088,1.0837456,nan,6,3.8754482,3.8754482,3.8754482,3.8754482,3.8754482,3.8754482,0.0,0.0,0.0,0.0,0.0,0.0,0.0,0.0,0.0,0.0,0.0,0.0,0.0,0.0,0,0,0,0,0,0,0,0,0,0,0,1,0,0,1,0,2
961338892,23.591784,23.251278,0.0,0.003294365,-1.0,1.76114,0.18803246,1.0838114,nan,6,3.875213,3.875213,3.875213,3.875213,3.875213,3.875213,0.0,0.0,0.0,0.0,0.0,0.0,0.0,0.0,0.0,0.0,0.0,0.0,0.0,0.0,0,0,0,0,0,0,0,0,0,0,0,1,0,0,1,0,2
961528877,23.06681,23.265862,0.0,0.0070553203,-1.0,1.7620047,0.19410928,1.083132,nan,6,3.8776436,3.8776436,3.8776436,3.8776436,3.8776436,3.8776436,0.0,0.0,0.0,0.0,0.0,0.0,0.0,0.0,0.0,0.0,0.0,0.0,0.0,0.0,0,0,0,0,0,0,0,0,0,0,0,1,0,0,1,0,2
961728877,23.361197,23.299679,0.0,0.023526918,-1.0,1.764828,0.20819981,1.0815599,nan,6,3.8832798,3.8832798,3.8832798,3.8832798,3.8832798,3.8832798,0.0,0.0,0.0,0.0,0.0,0.0,0.0,0.0,0.0,0.0,0.0,0.0,0.0,0.0,0,0,0,0,0,0,0,0,0,0,0,1,0,0,1,0,1
961928878,23.75857,23.31313,0.0,0.0190716,-1.0,1.765296,0.21380456,1.0809358,nan,6,3.8855217,3.8855217,3.8855217,3.8855217,3.8855217,3.8855217,0.0,0.0,0.0,0.0,0.0,0.0,0.0,0.0,0.0,0.0,0.0,0.0,0.0,0.0,0,0,0,0,0,0,0,0,0,0,0,1,0,0,1,0,1
962129009,23.526161,23.329288,0.0,0.012834637,-1.0,1.765296,0.2205375,1.0801872,nan,6,3.8882148,3.8882148,3.8882148,3.8882148,3.8882148,3.8882148,0.0,0.0,0.0,0.0,0.0,0.0,0.0,0.0,0.0,0.0,0.0,0.0,0.0,0.0,0,0,0,0,0,0,0,0,0,0,0,1,0,0,1,0,1
962328891,23.524338,23.38738,0.0,0.0086373435,-1.0,1.765296,0.24474175,1.0775042,nan,6,3.8978968,3.8978968,3.8978968,3.8978968,3.8978968,3.8978968,0.0,0.0,0.0,0.0,0.0,0.0,0.0,0.0,0.0,0.0,0.0,0.0,0.0,0.0,0,0,0,0,0,0,0,0,0,0,0,1,0,0,1,0,1
962540204,23.405855,23.414845,0.0,0.006185934,-1.0,1.765401,0.25618583,1.0762403,nan,6,3.9024742,3.9024742,3.9024742,3.9024742,3.9024742,3.9024742,0.0,0.0,0.0,0.0,0.0,0.0,0.0,0.0,0.0,0.0,0.0,0.0,0.0,0.0,0,0,0,0,0,0,0,0,0,0,0,1,0,0,1,0,1
962738877,23.659225,23.44716,0.0,0.004162956,-1.0,1.765401,0.26965076,1.0747569,nan,6,3.90786,3.90786,3.90786,3.90786,3.90786,3.90786,0.0,0.0,0.0,0.0,0.0,0.0,0.0,0.0,0.0,0.0,0.0,0.0,0.0,0.0,0,0,0,0,0,0,0,0,0,0,0,1,0,0,1,0,1
962939894,23.190763,23.483604,0.0,0.008424086,-1.0,1.7663761,0.28483516,1.0730891,nan,6,3.913934,3.913934,3.913934,3.913934,3.913934,3.913934,0.0,0.0,0.0,0.0,0.0,0.0,0.0,0.0,0.0,0.0,0.0,0.0,0.0,0.0,0,0,0,0,0,0,0,0,0,0,0,1,0,0,1,0,1
963138878,23.869762,23.444963,0.01281875,0.033913147,-1.0,1.7713472,0.26873523,1.0748576,nan,6,3.9074938,3.9074938,3.9074938,3.9074938,3.9074938,3.9074938,0.0,0.0,0.0,0.0,0.0,0.0,0.0,0.0,0.0,0.0,0.0,0.0,0.0,0.0,0,0,0,0,0,0,0,0,0,0,0,1,0,0,1,0,1
963329260,23.319271,23.421019,0.0,0.027749078,-1.0,1.7720746,0.2587579,1.0759566,nan,6,3.9035032,3.9035032,3.9035032,3.9035032,3.9035032,3.9035032,0.0,0.0,0.0,0.0,0.0,0.0,0.0,0.0,0.0,0.0,0.0,0.0,0.0,0.0,0,0,0,0,0,0,0,0,0,0,0,1,0,0,1,0,1
963528878,22.77334,23.406364,0.0,0.021195782,-1.0,1.7725244,0.25265247,1.0766302,nan,6,3.9010608,3.9010608,3.9010608,3.9010608,3.9010608,3.9010608,0.0,0.0,0.0,0.0,0.0,0.0,0.0,0.0,0.0,0.0,0.0,0.0,0.0,0.0,0,0,0,0,0,0,0,0,0,0,0,1,0,0,1,0,1
963729325,23.043116,23.375696,0.0,0.014264157,-1.0,1.7725244,0.23987325,1.0780427,nan,6,3.8959494,3.8959494,3.8959494,3.8959494,3.8959494,3.8959494,0.0,0.0,0.0,0.0,0.0,0.0,0.0,0.0,0.0,0.0,0.0,0.0,0.0,0.0,0,0,0,0,0,0,0,0,0,0,0,1,0,0,1,0,1
963938878,23.579935,23.383299,0.0,0.009411143,-1.0,1.7725244,0.24304135,1.0776922,nan,6,3.8972166,3.8972166,3.8972166,3.8972166,3.8972166,3.8972166,0.0,0.0,0.0,0.0,0.0,0.0,0.0,0.0,0.0,0.0,0.0,0.0,0.0,0.0,0,0,0,0,0,0,0,0,0,0,0,1,0,0,1,0,1
964138881,23.202612,23.370876,0.0,0.006333429,-1.0,1.7725244,0.23786576,1.0782651,nan,6,3.8951461,3.8951461,3.8951461,3.8951461,3.8951461,3.8951461,0.0,0.0,0.0,0.0,0.0,0.0,0.0,0.0,0.0,0.0,0.0,0.0,0.0,0.0,0,0,0,0,0,0,0,0,0,0,0,1,0,0,1,0,1
964329266,23.346613,23.386341,0.0,0.0043474603,-1.0,1.7725244,0.24430878,1.0775521,nan,6,3.8977234,3.8977234,3.8977234,3.8977234,3.8977234,3.8977234,0.0,0.0,0.0,0.0,0.0,0.0,0.0,0.0,0.0,0.0,0.0,0.0,0.0,0.0,0,0,0,0,0,0,0,0,0,0,0,1,0,0,1,0,1
964529733,23.555326,23.384674,0.0,0.006042055,-1.0,1.7730399,0.24361451,1.0776289,nan,6,3.8974457,3.8974457,3.8974457,3.8974457,3.8974457,3.8974457,0.0,0.0,0.0,0.0,0.0,0.0,0.0,0.0,0.0,0.0,0.0,0.0,0.0,0.0,0,0,0,0,0,0,0,0,0,0,0,1,0,0,1,0,1
964728882,23.031267,23.373533,0.0,0.006698833,-1.0,1.7734896,0.23897202,1.0781425,nan,6,3.8955889,3.8955889,3.8955889,3.8955889,3.8955889,3.8955889,0.0,0.0,0.0,0.0,0.0,0.0,0.0,0.0,0.0,0.0,0.0,0.0,0.0,0.0,0,0,0,0,0,0,0,0,0,0,0,1,0,0,1,0,1
964929083,23.513401,23.35791,0.0,0.004508123,-1.0,1.7734896,0.2324632,1.0788636,nan,6,3.892985,3.892985,3.892985,3.892985,3.892985,3.892985,0.0,0.0,0.0,0.0,0.0,0.0,0.0,0.0,0.0,0.0,0.0,0.0,0.0,0.0,0,0,0,0,0,0,0,0,0,0,0,1,0,0,1,0,1
965128979,23.353905,23.363932,0.0,0.007060302,-1.0,1.7740262,0.23497136,1.0785856,nan,6,3.8939886,3.8939886,3.8939886,3.8939886,3.8939886,3.8939886,0.0,0.0,0.0,0.0,0.0,0.0,0.0,0.0,0.0,0.0,0.0,0.0,0.0,0.0,0,0,0,0,0,0,0,0,0,0,0,1,0,0,1,0,1
965338877,23.528894,23.350641,0.0,0.0052672606,-1.0,1.7741177,0.22943433,1.0791994,nan,6,3.8917735,3.8917735,3.8917735,3.8917735,3.8917735,3.8917735,0.0,0.0,0.0,0.0,0.0,0.0,0.0,0.0,0.0,0.0,0.0,0.0,0.0,0.0,0,0,0,0,0,0,0,0,0,0,0,1,0,0,1,0,1
965538877,23.161598,23.325336,0.0,0.028228952,-1.0,1.7783817,0.2188905,1.0803702,nan,6,3.887556,3.887556,3.887556,3.887556,3.887556,3.887556,0.0,0.0,0.0,0.0,0.0,0.0,0.0,0.0,0.0,0.0,0.0,0.0,0.0,0.0,0,0,0,0,0,0,0,0,0,0,0,1,0,0,1,0,1
965728878,23.541655,23.323797,0.0,0.024323039,-1.0,1.7793589,0.21824868,1.0804416,nan,6,3.8872995,3.8872995,3.8872995,3.8872995,3.8872995,3.8872995,0.0,0.0,0.0,0.0,0.0,0.0,0.0,0.0,0.0,0.0,0.0,0.0,0.0,0.0,0,0,0,0,0,0,0,0,0,0,0,1,0,0,1,0,1
965928876,22.733236,23.283545,0.0,0.016368706,-1.0,1.7793589,0.20147736,1.0823094,nan,6,3.8805907,3.8805907,3.8805907,3.8805907,3.8805907,3.8805907,0.0,0.0,0.0,0.0,0.0,0.0,0.0,0.0,0.0,0.0,0.0,0.0,0.0,0.0,0,0,0,0,0,0,0,0,0,0,0,1,0,0,1,0,1
966128879,23.17527,23.268248,0.0,0.012936582,-1.0,1.7797114,0.195103,1.0830209,nan,6,3.8780413,3.8780413,3.8780413,3.8780413,3.8780413,3.8780413,0.0,0.0,0.0,0.0,0.0,0.0,0.0,0.0,0.0,0.0,0.0,0.0,0.0,0.0,0,0,0,0,0,0,0,0,0,0,0,1,0,0,1,0,2
966329883,23.730318,23.282125,0.0,0.011325217,-1.0,1.7802166,0.20088609,1.0823753,nan,6,3.8803542,3.8803542,3.8803542,3.8803542,3.8803542,3.8803542,0.0,0.0,0.0,0.0,0.0,0.0,0.0,0.0,0.0,0.0,0.0,0.0,0.0,0.0,0,0,0,0,0,0,0,0,0,0,0,1,0,0,1,0,1
966528877,23.663782,23.307882,0.0,0.012994719,-1.0,1.781241,0.21161778,1.0811793,nan,6,3.8846471,3.8846471,3.8846471,3.8846471,3.8846471,3.8846471,0.0,0.0,0.0,0.0,0.0,0.0,0.0,0.0,0.0,0.0,0.0,0.0,0.0,0.0,0,0,0,0,0,0,0,0,0,0,0,1,0,0,1,0,1
966738877,23.217194,23.308302,0.0,0.01194789,-1.0,1.7818313,0.2117923,1.0811598,nan,6,3.884717,3.884717,3.884717,3.884717,3.884717,3.884717,0.0,0.0,0.0,0.0,0.0,0.0,0.0,0.0,0.0,0.0,0.0,0.0,0.0,0.0,0,0,0,0,0,0,0,0,0,0,0,1,0,0,1,0,1
966938914,22.939215,23.323347,0.0,0.018748501,-1.0,1.7836132,0.21806176,1.0804623,nan,6,3.8872244,3.8872244,3.8872244,3.8872244,3.8872244,3.8872244,0.0,0.0,0.0,0.0,0.0,0.0,0.0,0.0,0.0,0.0,0.0,0.0,0.0,0.0,0,0,0,0,0,0,0,0,0,0,0,1,0,0,1,0,1
967128878,22.56007,23.299028,0.0,0.018289477,-1.0,1.7846916,0.20792897,1.08159,nan,6,3.8831713,3.8831713,3.8831713,3.8831713,3.8831713,3.8831713,0.0,0.0,0.0,0.0,0.0,0.0,0.0,0.0,0.0,0.0,0.0,0.0,0.0,0.0,0,0,0,0,0,0,0,0,0,0,0,1,0,0,1,0,1
967328892,23.8169,23.320257,0.0,0.015137992,-1.0,1.7851189,0.2167743,1.0806055,nan,6,3.8867095,3.8867095,3.8867095,3.8867095,3.8867095,3.8867095,0.0,0.0,0.0,0.0,0.0,0.0,0.0,0.0,0.0,0.0,0.0,0.0,0.0,0.0,0,0,0,0,0,0,0,0,0,0,0,1,0,0,1,0,1
967528877,22.868124,23.31767,0.0,0.011100574,-1.0,1.7852765,0.21569665,1.0807253,nan,6,3.8862784,3.8862784,3.8862784,3.8862784,3.8862784,3.8862784,0.0,0.0,0.0,0.0,0.0,0.0,0.0,0.0,0.0,0.0,0.0,0.0,0.0,0.0,0,0,0,0,0,0,0,0,0,0,0,1,0,0,1,0,1
967728969,22.716831,23.333487,0.0,0.011861882,-1.0,1.7861205,0.22228654,1.0799928,nan,6,3.8889143,3.8889143,3.8889143,3.8889143,3.8889143,3.8889143,0.0,0.0,0.0,0.0,0.0,0.0,0.0,0.0,0.0,0.0,0.0,0.0,0.0,0.0,0,0,0,0,0,0,0,0,0,0,0,1,0,0,1,0,1
967928877,23.22084,23.323523,0.0,0.007982708,-1.0,1.7861205,0.21813424,1.0804543,nan,6,3.8872538,3.8872538,3.8872538,3.8872538,3.8872538,3.8872538,0.0,0.0,0.0,0.0,0.0,0.0,0.0,0.0,0.0,0.0,0.0,0.0,0.0,0.0,0,0,0,0,0,0,0,0,0,0,0,1,0,0,1,0,1
968138877,23.128788,23.302055,0.0,0.0058336924,-1.0,1.7862376,0.20918973,1.0814496,nan,6,3.8836758,3.8836758,3.8836758,3.8836758,3.8836758,3.8836758,0.0,0.0,0.0,0.0,0.0,0.0,0.0,0.0,0.0,0.0,0.0,0.0,0.0,0.0,0,0,0,0,0,0,0,0,0,0,0,1,0,0,1,0,1
968338970,22.77334,23.2761,0.0,0.012502874,-1.0,1.7878096,0.19837506,1.0826555,nan,6,3.87935,3.87935,3.87935,3.87935,3.87935,3.87935,0.0,0.0,0.0,0.0,0.0,0.0,0.0,0.0,0.0,0.0,0.0,0.0,0.0,0.0,0,0,0,0,0,0,0,0,0,0,0,1,0,0,1,0,2
968539582,23.008482,23.323566,0.0,0.041311756,-1.0,1.7938522,0.21815331,1.0804522,nan,6,3.8872612,3.8872612,3.8872612,3.8872612,3.8872612,3.8872612,0.0,0.0,0.0,0.0,0.0,0.0,0.0,0.0,0.0,0.0,0.0,0.0,0.0,0.0,0,0,0,0,0,0,0,0,0,0,0,1,0,0,1,0,1
968739146,23.500643,23.304955,0.0,0.02892812,-1.0,1.7940407,0.21039803,1.081315,nan,6,3.884159,3.884159,3.884159,3.884159,3.884159,3.884159,0.0,0.0,0.0,0.0,0.0,0.0,0.0,0.0,0.0,0.0,0.0,0.0,0.0,0.0,0,0,0,0,0,0,0,0,0,0,0,1,0,0,1,0,1
968929814,23.514313,23.26765,0.0,0.019857151,-1.0,1.7940407,0.19485505,1.0830487,nan,6,3.8779418,3.8779418,3.8779418,3.8779418,3.8779418,3.8779418,0.0,0.0,0.0,0.0,0.0,0.0,0.0,0.0,0.0,0.0,0.0,0.0,0.0,0.0,0,0,0,0,0,0,0,0,0,0,0,1,0,0,1,0,2
969128878,23.653759,23.258526,0.0,0.013363294,-1.0,1.7940407,0.19105275,1.0834736,nan,6,3.876421,3.876421,3.876421,3.876421,3.876421,3.876421,0.0,0.0,0.0,0.0,0.0,0.0,0.0,0.0,0.0,0.0,0.0,0.0,0.0,0.0,0,0,0,0,0,0,0,0,0,0,0,1,0,0,1,0,2
969328877,23.00757,23.277145,0.0,0.010402838,-1.0,1.7942747,0.19881089,1.0826069,nan,6,3.8795242,3.8795242,3.8795242,3.8795242,3.8795242,3.8795242,0.0,0.0,0.0,0.0,0.0,0.0,0.0,0.0,0.0,0.0,0.0,0.0,0.0,0.0,0,0,0,0,0,0,0,0,0,0,0,1,0,0,1,0,2
969538940,23.147017,23.299326,0.0,0.008144249,-1.0,1.7945443,0.20805295,1.0815762,nan,6,3.883221,3.883221,3.883221,3.883221,3.883221,3.883221,0.0,0.0,0.0,0.0,0.0,0.0,0.0,0.0,0.0,0.0,0.0,0.0,0.0,0.0,0,0,0,0,0,0,0,0,0,0,0,1,0,0,1,0,1
969738877,23.742165,23.320763,0.0,0.0054808464,-1.0,1.7945443,0.21698506,1.0805821,nan,6,3.8867939,3.8867939,3.8867939,3.8867939,3.8867939,3.8867939,0.0,0.0,0.0,0.0,0.0,0.0,0.0,0.0,0.0,0.0,0.0,0.0,0.0,0.0,0,0,0,0,0,0,0,0,0,0,0,1,0,0,1,0,1
969928879,23.621859,23.368164,0.0,0.0064098705,-1.0,1.7950734,0.23673566,1.0783901,nan,6,3.894694,3.894694,3.894694,3.894694,3.894694,3.894694,0.0,0.0,0.0,0.0,0.0,0.0,0.0,0.0,0.0,0.0,0.0,0.0,0.0,0.0,0,0,0,0,0,0,0,0,0,0,0,1,0,0,1,0,1
970128898,23.75219,23.417938,0.0,0.0043136603,-1.0,1.7950734,0.25747424,1.0760981,nan,6,3.9029896,3.9029896,3.9029896,3.9029896,3.9029896,3.9029896,0.0,0.0,0.0,0.0,0.0,0.0,0.0,0.0,0.0,0.0,0.0,0.0,0.0,0.0,0,0,0,0,0,0,0,0,0,0,0,1,0,0,1,0,1
970328971,23.311981,23.443485,0.0,0.0072913794,-1.0,1.795862,0.26811916,1.0749254,nan,6,3.9072475,3.9072475,3.9072475,3.9072475,3.9072475,3.9072475,0.0,0.0,0.0,0.0,0.0,0.0,0.0,0.0,0.0,0.0,0.0,0.0,0.0,0.0,0,0,0,0,0,0,0,0,0,0,0,1,0,0,1,0,1
970528901,22.610197,23.44804,0.0,0.020553574,-1.0,1.798452,0.27001697,1.0747167,nan,6,3.9080067,3.9080067,3.9080067,3.9080067,3.9080067,3.9080067,0.0,0.0,0.0,0.0,0.0,0.0,0.0,0.0,0.0,0.0,0.0,0.0,0.0,0.0,0,0,0,0,0,0,0,0,0,0,0,1,0,0,1,0,1
970728878,23.61001,23.414095,0.0,0.031879745,-1.0,1.8019626,0.25587302,1.0762748,nan,6,3.9023492,3.9023492,3.9023492,3.9023492,3.9023492,3.9023492,0.0,0.0,0.0,0.0,0.0,0.0,0.0,0.0,0.0,0.0,0.0,0.0,0.0,0.0,0,0,0,0,0,0,0,0,0,0,0,1,0,0,1,0,1
970938878,23.132433,23.38024,0.0,0.029840874,-1.0,1.8034836,0.24176629,1.0778333,nan,6,3.8967066,3.8967066,3.8967066,3.8967066,3.8967066,3.8967066,0.0,0.0,0.0,0.0,0.0,0.0,0.0,0.0,0.0,0.0,0.0,0.0,0.0,0.0,0,0,0,0,0,0,0,0,0,0,0,1,0,0,1,0,1
971138919,22.848074,23.352665,0.0,0.020082055,-1.0,1.8034836,0.23027737,1.079106,nan,6,3.8921108,3.8921108,3.8921108,3.8921108,3.8921108,3.8921108,0.0,0.0,0.0,0.0,0.0,0.0,0.0,0.0,0.0,0.0,0.0,0.0,0.0,0.0,0,0,0,0,0,0,0,0,0,0,0,1,0,0,1,0,1
971339330,23.59087,23.338602,0.0549375,0.021669894,-1.0,1.8047891,0.224418,1.0797561,nan,6,3.889767,3.889767,3.889767,3.889767,3.889767,3.889767,0.0,0.0,0.0,0.0,0.0,0.0,0.0,0.0,0.0,0.0,0.0,0.0,0.0,0.0,0,0,0,0,0,0,0,0,0,0,0,1,0,0,1,0,1
971531934,23.525251,23.30256,0.0,0.01785074,-1.0,1.8052515,0.20940049,1.0814261,nan,6,3.8837602,3.8837602,3.8837602,3.8837602,3.8837602,3.8837602,0.0,0.0,0.0,0.0,0.0,0.0,0.0,0.0,0.0,0.0,0.0,0.0,0.0,0.0,0,0,0,0,0,0,0,0,0,0,0,1,0,0,1,0,1
971728876,23.850622,23.296701,0.34610626,0.022972243,-1.0,1.8069111,0.20695908,1.0816982,nan,6,3.8827837,3.8827837,3.8827837,3.8827837,3.8827837,3.8827837,0.0,0.0,0.0,0.0,0.0,0.0,0.0,0.0,0.0,0.0,0.0,0.0,0.0,0.0,0,0,0,0,0,0,0,0,0,0,0,1,0,0,1,0,1
971928880,22.702248,23.287163,0.0,0.017819416,-1.0,1.8073027,0.20298512,1.0821412,nan,6,3.8811939,3.8811939,3.8811939,3.8811939,3.8811939,3.8811939,0.0,0.0,0.0,0.0,0.0,0.0,0.0,0.0,0.0,0.0,0.0,0.0,0.0,0.0,0,0,0,0,0,0,0,0,0,0,0,1,0,0,1,0,1
972128912,22.604729,23.282278,0.0,0.028309224,-1.0,1.8105433,0.20094903,1.0823684,nan,6,3.8803797,3.8803797,3.8803797,3.8803797,3.8803797,3.8803797,0.0,0.0,0.0,0.0,0.0,0.0,0.0,0.0,0.0,0.0,0.0,0.0,0.0,0.0,0,0,0,0,0,0,0,0,0,0,0,1,0,0,1,0,1
972338879,23.656492,23.231115,0.25820625,0.025898008,-1.0,1.8116472,0.17963155,1.084752,nan,6,3.8718526,3.8718526,3.8718526,3.8718526,3.8718526,3.8718526,0.0,0.0,0.0,0.0,0.0,0.0,0.0,0.0,0.0,0.0,0.0,0.0,0.0,0.0,0,0,0,0,0,0,0,0,0,0,0,1,0,0,1,0,2
972538878,22.972025,23.251879,0.0,0.042956475,-1.0,1.8160495,0.18828328,1.0837833,nan,6,3.875313,3.875313,3.875313,3.875313,3.875313,3.875313,0.0,0.0,0.0,0.0,0.0,0.0,0.0,0.0,0.0,0.0,0.0,0.0,0.0,0.0,0,0,0,0,0,0,0,0,0,0,0,1,0,0,1,0,2
972728891,23.440489,23.25446,0.0,0.033940043,-1.0,1.8168733,0.18935807,1.0836631,nan,6,3.8757432,3.8757432,3.8757432,3.8757432,3.8757432,3.8757432,0.0,0.0,0.0,0.0,0.0,0.0,0.0,0.0,0.0,0.0,0.0,0.0,0.0,0.0,0,0,0,0,0,0,0,0,0,0,0,1,0,0,1,0,2
972930102,23.5453,23.25747,0.0,0.024689244,-1.0,1.8172543,0.19061215,1.0835228,nan,6,3.8762448,3.8762448,3.8762448,3.8762448,3.8762448,3.8762448,0.0,0.0,0.0,0.0,0.0,0.0,0.0,0.0,0.0,0.0,0.0,0.0,0.0,0.0,0,0,0,0,0,0,0,0,0,0,0,1,0,0,1,0,2
973129699,23.052229,23.261932,0.0,0.016615154,-1.0,1.8172543,0.19247182,1.083315,nan,6,3.8769886,3.8769886,3.8769886,3.8769886,3.8769886,3.8769886,0.0,0.0,0.0,0.0,0.0,0.0,0.0,0.0,0.0,0.0,0.0,0.0,0.0,0.0,0,0,0,0,0,0,0,0,0,0,0,1,0,0,1,0,2
973328878,23.598164,23.291203,0.0,0.016212326,-1.0,1.8180852,0.20466836,1.0819535,nan,6,3.8818672,3.8818672,3.8818672,3.8818672,3.8818672,3.8818672,0.0,0.0,0.0,0.0,0.0,0.0,0.0,0.0,0.0,0.0,0.0,0.0,0.0,0.0,0,0,0,0,0,0,0,0,0,0,0,1,0,0,1,0,1
973528877,23.3056,23.278809,0.0,0.010910429,-1.0,1.8180852,0.19950421,1.0825295,nan,6,3.8798015,3.8798015,3.8798015,3.8798015,3.8798015,3.8798015,0.0,0.0,0.0,0.0,0.0,0.0,0.0,0.0,0.0,0.0,0.0,0.0,0.0,0.0,0,0,0,0,0,0,0,0,0,0,0,1,0,0,1,0,2
973738983,23.662872,23.30515,0.0,0.014798146,-1.0,1.8193161,0.2104791,1.0813061,nan,6,3.8841915,3.8841915,3.8841915,3.8841915,3.8841915,3.8841915,0.0,0.0,0.0,0.0,0.0,0.0,0.0,0.0,0.0,0.0,0.0,0.0,0.0,0.0,0,0,0,0,0,0,0,0,0,0,0,1,0,0,1,0,1
973938877,23.565351,23.302874,0.0,0.010954219,-1.0,1.8194915,0.20953114,1.0814116,nan,6,3.8838122,3.8838122,3.8838122,3.8838122,3.8838122,3.8838122,0.0,0.0,0.0,0.0,0.0,0.0,0.0,0.0,0.0,0.0,0.0,0.0,0.0,0.0,0,0,0,0,0,0,0,0,0,0,0,1,0,0,1,0,1
974139117,23.527071,23.313736,0.0,0.013428492,-1.0,1.8203413,0.21405728,1.0809078,nan,6,3.8856227,3.8856227,3.8856227,3.8856227,3.8856227,3.8856227,0.0,0.0,0.0,0.0,0.0,0.0,0.0,0.0,0.0,0.0,0.0,0.0,0.0,0.0,0,0,0,0,0,0,0,0,0,0,0,1,0,0,1,0,1
974328879,23.28555,23.317581,0.0,0.013608194,-1.0,1.8209867,0.21565945,1.0807295,nan,6,3.8862636,3.8862636,3.8862636,3.8862636,3.8862636,3.8862636,0.0,0.0,0.0,0.0,0.0,0.0,0.0,0.0,0.0,0.0,0.0,0.0,0.0,0.0,0,0,0,0,0,0,0,0,0,0,0,1,0,0,1,0,1
974529359,22.88453,23.300741,0.0,0.012661618,-1.0,1.821544,0.20864232,1.0815105,nan,6,3.883457,3.883457,3.883457,3.883457,3.883457,3.883457,0.0,0.0,0.0,0.0,0.0,0.0,0.0,0.0,0.0,0.0,0.0,0.0,0.0,0.0,0,0,0,0,0,0,0,0,0,0,0,1,0,0,1,0,1
974729626,23.35664,23.331062,0.0,0.008520906,-1.0,1.821544,0.2212766,1.0801051,nan,6,3.8885105,3.8885105,3.8885105,3.8885105,3.8885105,3.8885105,0.0,0.0,0.0,0.0,0.0,0.0,0.0,0.0,0.0,0.0,0.0,0.0,0.0,0.0,0,0,0,0,0,0,0,0,0,0,0,1,0,0,1,0,1
974928877,23.908041,23.335224,0.13368125,0.016891785,-1.0,1.8233436,0.22301038,1.0799124,nan,6,3.889204,3.889204,3.889204,3.889204,3.889204,3.889204,0.0,0.0,0.0,0.0,0.0,0.0,0.0,0.0,0.0,0.0,0.0,0.0,0.0,0.0,0,0,0,0,0,0,0,0,0,0,0,1,0,0,1,0,1
975130895,23.147926,23.313347,0.0,0.011367688,-1.0,1.8233436,0.21389516,1.0809258,nan,6,3.885558,3.885558,3.885558,3.885558,3.885558,3.885558,0.0,0.0,0.0,0.0,0.0,0.0,0.0,0.0,0.0,0.0,0.0,0.0,0.0,0.0,0,0,0,0,0,0,0,0,0,0,0,1,0,0,1,0,1
975338878,23.421349,23.31763,0.0183125,0.03104167,-1.0,1.8272873,0.21567948,1.0807272,nan,6,3.8862717,3.8862717,3.8862717,3.8862717,3.8862717,3.8862717,0.0,0.0,0.0,0.0,0.0,0.0,0.0,0.0,0.0,0.0,0.0,0.0,0.0,0.0,0,0,0,0,0,0,0,0,0,0,0,1,0,0,1,0,1
975528949,23.044025,23.303902,0.0,0.02130796,-1.0,1.8272873,0.20995934,1.0813639,nan,6,3.8839836,3.8839836,3.8839836,3.8839836,3.8839836,3.8839836,0.0,0.0,0.0,0.0,0.0,0.0,0.0,0.0,0.0,0.0,0.0,0.0,0.0,0.0,0,0,0,0,0,0,0,0,0,0,0,1,0,0,1,0,1
975728902,23.268232,23.292444,0.0,0.01433965,-1.0,1.8272873,0.20518525,1.0818958,nan,6,3.882074,3.882074,3.882074,3.882074,3.882074,3.882074,0.0,0.0,0.0,0.0,0.0,0.0,0.0,0.0,0.0,0.0,0.0,0.0,0.0,0.0,0,0,0,0,0,0,0,0,0,0,0,1,0,0,1,0,1
975929149,24.0885,23.274443,0.6995375,0.025634414,-1.0,1.8296591,0.1976846,1.0827327,nan,6,3.8790739,3.8790739,3.8790739,3.8790739,3.8790739,3.8790739,0.0,0.0,0.0,0.0,0.0,0.0,0.0,0.0,0.0,0.0,0.0,0.0,0.0,0.0,0,0,0,0,0,0,0,0,0,0,0,1,0,0,1,0,2
976140184,23.336588,23.271803,0.0,0.025972368,-1.0,1.8312379,0.19658501,1.0828555,nan,6,3.8786337,3.8786337,3.8786337,3.8786337,3.8786337,3.8786337,0.0,0.0,0.0,0.0,0.0,0.0,0.0,0.0,0.0,0.0,0.0,0.0,0.0,0.0,0,0,0,0,0,0,0,0,0,0,0,1,0,0,1,0,2
976330481,23.516136,23.24437,0.0,0.02303332,-1.0,1.832153,0.18515427,1.0841335,nan,6,3.8740616,3.8740616,3.8740616,3.8740616,3.8740616,3.8740616,0.0,0.0,0.0,0.0,0.0,0.0,0.0,0.0,0.0,0.0,0.0,0.0,0.0,0.0,0,0,0,0,0,0,0,0,0,0,0,1,0,0,1,0,2
976538876,22.900936,23.243498,0.0,0.015353121,-1.0,1.832176,0.18479092,1.0841742,nan,6,3.8739164,3.8739164,3.8739164,3.8739164,3.8739164,3.8739164,0.0,0.0,0.0,0.0,0.0,0.0,0.0,0.0,0.0,0.0,0.0,0.0,0.0,0.0,0,0,0,0,0,0,0,0,0,0,0,1,0,0,1,0,2
976740591,23.317448,23.243046,0.0,0.011858855,-1.0,1.8324944,0.18460305,1.0841951,nan,6,3.873841,3.873841,3.873841,3.873841,3.873841,3.873841,0.0,0.0,0.0,0.0,0.0,0.0,0.0,0.0,0.0,0.0,0.0,0.0,0.0,0.0,0,0,0,0,0,0,0,0,0,0,0,1,0,0,1,0,2
976938986,22.458904,23.205048,0.0,0.023995016,-1.0,1.8352399,0.16877015,1.0859705,nan,6,3.867508,3.867508,3.867508,3.867508,3.867508,3.867508,0.0,0.0,0.0,0.0,0.0,0.0,0.0,0.0,0.0,0.0,0.0,0.0,0.0,0.0,0,0,0,0,0,0,0,0,0,0,0,1,0,0,1,0,2
977130017,22.946507,23.165878,0.0,0.016470917,-1.0,1.8352399,0.15244992,1.0878067,nan,6,3.8609798,3.8609798,3.8609798,3.8609798,3.8609798,3.8609798,0.0,0.0,0.0,0.0,0.0,0.0,0.0,0.0,0.0,0.0,0.0,0.0,0.0,0.0,0,0,0,0,0,0,0,0,0,0,0,1,0,0,1,0,2
977328877,23.253649,23.166204,0.0,0.015289963,-1.0,1.8360043,0.15258534,1.0877914,nan,6,3.8610342,3.8610342,3.8610342,3.8610342,3.8610342,3.8610342,0.0,0.0,0.0,0.0,0.0,0.0,0.0,0.0,0.0,0.0,0.0,0.0,0.0,0.0,0,0,0,0,0,0,0,0,0,0,0,1,0,0,1,0,2
977528877,22.550955,23.13135,0.0,0.010289708,-1.0,1.8360043,0.13806184,1.0894307,nan,6,3.8552248,3.8552248,3.8552248,3.8552248,3.8552248,3.8552248,0.0,0.0,0.0,0.0,0.0,0.0,0.0,0.0,0.0,0.0,0.0,0.0,0.0,0.0,0,0,0,0,0,0,0,0,0,0,0,1,0,0,1,0,2
977728877,23.22084,23.157467,0.0,0.0145663945,-1.0,1.8375206,0.14894517,1.0882019,nan,6,3.859578,3.859578,3.859578,3.859578,3.859578,3.859578,0.0,0.0,0.0,0.0,0.0,0.0,0.0,0.0,0.0,0.0,0.0,0.0,0.0,0.0,0,0,0,0,0,0,0,0,0,0,0,1,0,0,1,0,2
977928878,23.28646,23.167841,0.0,0.009802766,-1.0,1.8375206,0.15326722,1.0877146,nan,6,3.861307,3.861307,3.861307,3.861307,3.861307,3.861307,0.0,0.0,0.0,0.0,0.0,0.0,0.0,0.0,0.0,0.0,0.0,0.0,0.0,0.0,0,0,0,0,0,0,0,0,0,0,0,1,0,0,1,0,2
978138979,23.571732,23.15091,0.0,0.016486045,-1.0,1.8391852,0.14621289,1.08851,nan,6,3.858485,3.858485,3.858485,3.858485,3.858485,3.858485,0.0,0.0,0.0,0.0,0.0,0.0,0.0,0.0,0.0,0.0,0.0,0.0,0.0,0.0,0,0,0,0,0,0,0,0,0,0,0,1,0,0,1,0,2
978328895,23.854267,23.167177,0.20326875,0.035654858,-1.0,1.8434621,0.15299065,1.0877458,nan,6,3.8611963,3.8611963,3.8611963,3.8611963,3.8611963,3.8611963,0.0,0.0,0.0,0.0,0.0,0.0,0.0,0.0,0.0,0.0,0.0,0.0,0.0,0.0,0,0,0,0,0,0,0,0,0,0,0,1,0,0,1,0,2
978538937,23.720291,23.169088,0.12635624,0.027761927,-1.0,1.8440695,0.15378697,1.087656,nan,6,3.8615148,3.8615148,3.8615148,3.8615148,3.8615148,3.8615148,0.0,0.0,0.0,0.0,0.0,0.0,0.0,0.0,0.0,0.0,0.0,0.0,0.0,0.0,0,0,0,0,0,0,0,0,0,0,0,1,0,0,1,0,2
978729334,22.369585,23.16347,0.0,0.04544712,-1.0,1.8484695,0.1514457,1.0879198,nan,6,3.8605783,3.8605783,3.8605783,3.8605783,3.8605783,3.8605783,0.0,0.0,0.0,0.0,0.0,0.0,0.0,0.0,0.0,0.0,0.0,0.0,0.0,0.0,0,0,0,0,0,0,0,0,0,0,0,1,0,0,1,0,2
978928879,22.600172,23.151186,0.0,0.04345694,-1.0,1.8506924,0.14632733,1.0884972,nan,6,3.858531,3.858531,3.858531,3.858531,3.858531,3.858531,0.0,0.0,0.0,0.0,0.0,0.0,0.0,0.0,0.0,0.0,0.0,0.0,0.0,0.0,0,0,0,0,0,0,0,0,0,0,0,1,0,0,1,0,2
979129313,22.598349,23.157831,0.0,0.031136656,-1.0,1.851038,0.14909585,1.0881848,nan,6,3.8596385,3.8596385,3.8596385,3.8596385,3.8596385,3.8596385,0.0,0.0,0.0,0.0,0.0,0.0,0.0,0.0,0.0,0.0,0.0,0.0,0.0,0.0,0,0,0,0,0,0,0,0,0,0,0,1,0,0,1,0,2
979339124,22.747818,23.180265,0.0,0.021825384,-1.0,1.8512924,0.15844376,1.0871316,nan,6,3.8633776,3.8633776,3.8633776,3.8633776,3.8633776,3.8633776,0.0,0.0,0.0,0.0,0.0,0.0,0.0,0.0,0.0,0.0,0.0,0.0,0.0,0.0,0,0,0,0,0,0,0,0,0,0,0,1,0,0,1,0,2
979538878,23.4414,23.217892,0.0,0.043902893,-1.0,1.8557365,0.17412217,1.0853698,nan,6,3.8696487,3.8696487,3.8696487,3.8696487,3.8696487,3.8696487,0.0,0.0,0.0,0.0,0.0,0.0,0.0,0.0,0.0,0.0,0.0,0.0,0.0,0.0,0,0,0,0,0,0,0,0,0,0,0,1,0,0,1,0,2
979728877,22.654856,23.156393,0.0,0.030136298,-1.0,1.8557365,0.14849694,1.0882524,nan,6,3.8593988,3.8593988,3.8593988,3.8593988,3.8593988,3.8593988,0.0,0.0,0.0,0.0,0.0,0.0,0.0,0.0,0.0,0.0,0.0,0.0,0.0,0.0,0,0,0,0,0,0,0,0,0,0,0,1,0,0,1,0,2
979928877,23.61001,23.175028,0.0,0.03508349,-1.0,1.8579768,0.15626176,1.0873773,nan,6,3.8625047,3.8625047,3.8625047,3.8625047,3.8625047,3.8625047,0.0,0.0,0.0,0.0,0.0,0.0,0.0,0.0,0.0,0.0,0.0,0.0,0.0,0.0,0,0,0,0,0,0,0,0,0,0,0,1,0,0,1,0,2
980128879,22.87268,23.15595,0.0,0.024141591,-1.0,1.8580632,0.14831288,1.0882732,nan,6,3.8593252,3.8593252,3.8593252,3.8593252,3.8593252,3.8593252,0.0,0.0,0.0,0.0,0.0,0.0,0.0,0.0,0.0,0.0,0.0,0.0,0.0,0.0,0,0,0,0,0,0,0,0,0,0,0,1,0,0,1,0,2
980328924,22.763313,23.14003,0.0,0.028971506,-1.0,1.860079,0.14167912,1.0890219,nan,6,3.8566716,3.8566716,3.8566716,3.8566716,3.8566716,3.8566716,0.0,0.0,0.0,0.0,0.0,0.0,0.0,0.0,0.0,0.0,0.0,0.0,0.0,0.0,0,0,0,0,0,0,0,0,0,0,0,1,0,0,1,0,2
980528879,22.486246,23.122774,0.0,0.021239618,-1.0,1.8603742,0.13448937,1.0898346,nan,6,3.8537958,3.8537958,3.8537958,3.8537958,3.8537958,3.8537958,0.0,0.0,0.0,0.0,0.0,0.0,0.0,0.0,0.0,0.0,0.0,0.0,0.0,0.0,0,0,0,0,0,0,0,0,0,0,0,1,0,0,1,0,2
980738930,23.5772,23.143885,0.0,0.01726659,-1.0,1.8609539,0.14328511,1.0888406,nan,6,3.857314,3.857314,3.857314,3.857314,3.857314,3.857314,0.0,0.0,0.0,0.0,0.0,0.0,0.0,0.0,0.0,0.0,0.0,0.0,0.0,0.0,0,0,0,0,0,0,0,0,0,0,0,1,0,0,1,0,2
980938893,23.651936,23.146332,0.0,0.019626819,-1.0,1.8623724,0.14430554,1.0887253,nan,6,3.857722,3.857722,3.857722,3.857722,3.857722,3.857722,0.0,0.0,0.0,0.0,0.0,0.0,0.0,0.0,0.0,0.0,0.0,0.0,0.0,0.0,0,0,0,0,0,0,0,0,0,0,0,1,0,0,1,0,2
981139122,23.496996,23.159723,0.0,0.013741872,-1.0,1.8624644,0.14988454,1.0880959,nan,6,3.8599539,3.8599539,3.8599539,3.8599539,3.8599539,3.8599539,0.0,0.0,0.0,0.0,0.0,0.0,0.0,0.0,0.0,0.0,0.0,0.0,0.0,0.0,0,0,0,0,0,0,0,0,0,0,0,1,0,0,1,0,2
981328877,22.753288,23.153677,0.0,0.011025243,-1.0,1.8627332,0.14736493,1.0883801,nan,6,3.858946,3.858946,3.858946,3.858946,3.858946,3.858946,0.0,0.0,0.0,0.0,0.0,0.0,0.0,0.0,0.0,0.0,0.0,0.0,0.0,0.0,0,0,0,0,0,0,0,0,0,0,0,1,0,0,1,0,2
981528878,22.4826,23.159952,0.0,0.0074196723,-1.0,1.8627332,0.1499799,1.0880852,nan,6,3.859992,3.859992,3.859992,3.859992,3.859992,3.859992,0.0,0.0,0.0,0.0,0.0,0.0,0.0,0.0,0.0,0.0,0.0,0.0,0.0,0.0,0,0,0,0,0,0,0,0,0,0,0,1,0,0,1,0,2
981728878,22.284824,23.15203,0.0,0.015553011,-1.0,1.8647832,0.14668019,1.0884573,nan,6,3.858672,3.858672,3.858672,3.858672,3.858672,3.858672,0.0,0.0,0.0,0.0,0.0,0.0,0.0,0.0,0.0,0.0,0.0,0.0,0.0,0.0,0,0,0,0,0,0,0,0,0,0,0,1,0,0,1,0,2
981928878,22.919165,23.142748,0.0,0.012678223,-1.0,1.865129,0.14281113,1.0888941,nan,6,3.8571246,3.8571246,3.8571246,3.8571246,3.8571246,3.8571246,0.0,0.0,0.0,0.0,0.0,0.0,0.0,0.0,0.0,0.0,0.0,0.0,0.0,0.0,0,0,0,0,0,0,0,0,0,0,0,1,0,0,1,0,2
982138879,23.569908,23.154001,0.16664374,0.022814378,-1.0,1.8672402,0.14750035,1.0883648,nan,6,3.8590002,3.8590002,3.8590002,3.8590002,3.8590002,3.8590002,0.0,0.0,0.0,0.0,0.0,0.0,0.0,0.0,0.0,0.0,0.0,0.0,0.0,0.0,0,0,0,0,0,0,0,0,0,0,0,1,0,0,1,0,2
982338892,23.080482,23.167646,0.0,0.022463614,-1.0,1.8683751,0.15318616,1.0877237,nan,6,3.8612745,3.8612745,3.8612745,3.8612745,3.8612745,3.8612745,0.0,0.0,0.0,0.0,0.0,0.0,0.0,0.0,0.0,0.0,0.0,0.0,0.0,0.0,0,0,0,0,0,0,0,0,0,0,0,1,0,0,1,0,2
982539308,22.312166,23.14474,0.0,0.0151173705,-1.0,1.8683751,0.14364083,1.0888004,nan,6,3.8574564,3.8574564,3.8574564,3.8574564,3.8574564,3.8574564,0.0,0.0,0.0,0.0,0.0,0.0,0.0,0.0,0.0,0.0,0.0,0.0,0.0,0.0,0,0,0,0,0,0,0,0,0,0,0,1,0,0,1,0,2
982739529,22.380522,23.12008,0.0,0.010173557,-1.0,1.8683751,0.1333669,1.0899616,nan,6,3.8533468,3.8533468,3.8533468,3.8533468,3.8533468,3.8533468,0.0,0.0,0.0,0.0,0.0,0.0,0.0,0.0,0.0,0.0,0.0,0.0,0.0,0.0,0,0,0,0,0,0,0,0,0,0,0,1,0,0,1,0,2
982930237,23.300133,23.146402,0.0,0.012876014,-1.0,1.8693709,0.14433415,1.0887221,nan,6,3.8577337,3.8577337,3.8577337,3.8577337,3.8577337,3.8577337,0.0,0.0,0.0,0.0,0.0,0.0,0.0,0.0,0.0,0.0,0.0,0.0,0.0,0.0,0,0,0,0,0,0,0,0,0,0,0,1,0,0,1,0,2
983129107,22.483511,23.14725,0.0,0.020652322,-1.0,1.8711995,0.14468701,1.0886823,nan,6,3.8578749,3.8578749,3.8578749,3.8578749,3.8578749,3.8578749,0.0,0.0,0.0,0.0,0.0,0.0,0.0,0.0,0.0,0.0,0.0,0.0,0.0,0.0,0,0,0,0,0,0,0,0,0,0,0,1,0,0,1,0,2
983328896,22.783363,23.151516,0.0,0.019063672,-1.0,1.8720236,0.14646561,1.0884815,nan,6,3.858586,3.858586,3.858586,3.858586,3.858586,3.858586,0.0,0.0,0.0,0.0,0.0,0.0,0.0,0.0,0.0,0.0,0.0,0.0,0.0,0.0,0,0,0,0,0,0,0,0,0,0,0,1,0,0,1,0,2
983538891,23.465096,23.147488,0.036625,0.014970843,-1.0,1.8724205,0.14478715,1.088671,nan,6,3.8579147,3.8579147,3.8579147,3.8579147,3.8579147,3.8579147,0.0,0.0,0.0,0.0,0.0,0.0,0.0,0.0,0.0,0.0,0.0,0.0,0.0,0.0,0,0,0,0,0,0,0,0,0,0,0,1,0,0,1,0,2
983738877,23.358461,23.173256,0.0,0.010074946,-1.0,1.8724205,0.15552361,1.0874604,nan,6,3.8622093,3.8622093,3.8622093,3.8622093,3.8622093,3.8622093,0.0,0.0,0.0,0.0,0.0,0.0,0.0,0.0,0.0,0.0,0.0,0.0,0.0,0.0,0,0,0,0,0,0,0,0,0,0,0,1,0,0,1,0,2
983928876,23.157951,23.173815,0.0,0.01446082,-1.0,1.8736365,0.15575631,1.0874342,nan,6,3.8623025,3.8623025,3.8623025,3.8623025,3.8623025,3.8623025,0.0,0.0,0.0,0.0,0.0,0.0,0.0,0.0,0.0,0.0,0.0,0.0,0.0,0.0,0,0,0,0,0,0,0,0,0,0,0,1,0,0,1,0,2
984129011,23.179827,23.155563,0.0,0.009731717,-1.0,1.8736365,0.14815171,1.0882913,nan,6,3.8592606,3.8592606,3.8592606,3.8592606,3.8592606,3.8592606,0.0,0.0,0.0,0.0,0.0,0.0,0.0,0.0,0.0,0.0,0.0,0.0,0.0,0.0,0,0,0,0,0,0,0,0,0,0,0,1,0,0,1,0,2
984328877,23.106915,23.13683,0.0,0.0065491674,-1.0,1.8736365,0.14034589,1.0891725,nan,6,3.8561382,3.8561382,3.8561382,3.8561382,3.8561382,3.8561382,0.0,0.0,0.0,0.0,0.0,0.0,0.0,0.0,0.0,0.0,0.0,0.0,0.0,0.0,0,0,0,0,0,0,0,0,0,0,0,1,0,0,1,0,2
984529751,23.348436,23.13282,0.0,0.0076916306,-1.0,1.874265,0.13867505,1.0893613,nan,6,3.85547,3.85547,3.85547,3.85547,3.85547,3.85547,0.0,0.0,0.0,0.0,0.0,0.0,0.0,0.0,0.0,0.0,0.0,0.0,0.0,0.0,0,0,0,0,0,0,0,0,0,0,0,1,0,0,1,0,2
984728879,22.590145,23.126375,0.0,0.009480285,-1.0,1.8750094,0.1359895,1.0896649,nan,6,3.8543959,3.8543959,3.8543959,3.8543959,3.8543959,3.8543959,0.0,0.0,0.0,0.0,0.0,0.0,0.0,0.0,0.0,0.0,0.0,0.0,0.0,0.0,0,0,0,0,0,0,0,0,0,0,0,1,0,0,1,0,2
984938875,23.22084,23.145958,0.0,0.026389727,-1.0,1.8779956,0.14414914,1.088743,nan,6,3.8576596,3.8576596,3.8576596,3.8576596,3.8576596,3.8576596,0.0,0.0,0.0,0.0,0.0,0.0,0.0,0.0,0.0,0.0,0.0,0.0,0.0,0.0,0,0,0,0,0,0,0,0,0,0,0,1,0,0,1,0,2
985139244,23.054962,23.165304,0.0,0.028112795,-1.0,1.8794984,0.1522096,1.0878338,nan,6,3.860884,3.860884,3.860884,3.860884,3.860884,3.860884,0.0,0.0,0.0,0.0,0.0,0.0,0.0,0.0,0.0,0.0,0.0,0.0,0.0,0.0,0,0,0,0,0,0,0,0,0,0,0,1,0,0,1,0,2
985328878,22.810707,23.138035,0.0,0.027280256,-1.0,1.8810446,0.14084847,1.0891157,nan,6,3.8563392,3.8563392,3.8563392,3.8563392,3.8563392,3.8563392,0.0,0.0,0.0,0.0,0.0,0.0,0.0,0.0,0.0,0.0,0.0,0.0,0.0,0.0,0,0,0,0,0,0,0,0,0,0,0,1,0,0,1,0,2
985528879,23.704796,23.144772,0.2380625,0.02422362,-1.0,1.8818791,0.14365514,1.0887988,nan,6,3.857462,3.857462,3.857462,3.857462,3.857462,3.857462,0.0,0.0,0.0,0.0,0.0,0.0,0.0,0.0,0.0,0.0,0.0,0.0,0.0,0.0,0,0,0,0,0,0,0,0,0,0,0,1,0,0,1,0,2
985728884,23.27279,23.15892,0.0,0.020171914,-1.0,1.8824852,0.14955075,1.0881336,nan,6,3.8598201,3.8598201,3.8598201,3.8598201,3.8598201,3.8598201,0.0,0.0,0.0,0.0,0.0,0.0,0.0,0.0,0.0,0.0,0.0,0.0,0.0,0.0,0,0,0,0,0,0,0,0,0,0,0,1,0,0,1,0,2
985928891,23.495173,23.14981,0.0,0.014852086,-1.0,1.8826736,0.14575513,1.0885618,nan,6,3.8583019,3.8583019,3.8583019,3.8583019,3.8583019,3.8583019,0.0,0.0,0.0,0.0,0.0,0.0,0.0,0.0,0.0,0.0,0.0,0.0,0.0,0.0,0,0,0,0,0,0,0,0,0,0,0,1,0,0,1,0,2
986128880,23.600897,23.1492,0.0,0.010636112,-1.0,1.8828008,0.1455005,1.0885905,nan,6,3.8582,3.8582,3.8582,3.8582,3.8582,3.8582,0.0,0.0,0.0,0.0,0.0,0.0,0.0,0.0,0.0,0.0,0.0,0.0,0.0,0.0,0,0,0,0,0,0,0,0,0,0,0,1,0,0,1,0,2
986338878,23.116028,23.157131,0.0,0.008902642,-1.0,1.8831267,0.14880498,1.0882176,nan,6,3.8595219,3.8595219,3.8595219,3.8595219,3.8595219,3.8595219,0.0,0.0,0.0,0.0,0.0,0.0,0.0,0.0,0.0,0.0,0.0,0.0,0.0,0.0,0,0,0,0,0,0,0,0,0,0,0,1,0,0,1,0,2
986538876,22.760578,23.141426,0.0,0.009117131,-1.0,1.8836354,0.14226086,1.0889562,nan,6,3.8569043,3.8569043,3.8569043,3.8569043,3.8569043,3.8569043,0.0,0.0,0.0,0.0,0.0,0.0,0.0,0.0,0.0,0.0,0.0,0.0,0.0,0.0,0,0,0,0,0,0,0,0,0,0,0,1,0,0,1,0,2
986728878,23.269144,23.126701,0.04211875,0.008672458,-1.0,1.8840235,0.13612588,1.0896496,nan,6,3.8544502,3.8544502,3.8544502,3.8544502,3.8544502,3.8544502,0.0,0.0,0.0,0.0,0.0,0.0,0.0,0.0,0.0,0.0,0.0,0.0,0.0,0.0,0,0,0,0,0,0,0,0,0,0,0,1,0,0,1,0,2
986938878,23.18894,23.143307,0.0,0.017994894,-1.0,1.886236,0.14304478,1.0888677,nan,6,3.8572178,3.8572178,3.8572178,3.8572178,3.8572178,3.8572178,0.0,0.0,0.0,0.0,0.0,0.0,0.0,0.0,0.0,0.0,0.0,0.0,0.0,0.0,0,0,0,0,0,0,0,0,0,0,0,1,0,0,1,0,2
987129151,23.031267,23.150658,0.0,0.021412868,-1.0,1.8877863,0.14610799,1.088522,nan,6,3.858443,3.858443,3.858443,3.858443,3.858443,3.858443,0.0,0.0,0.0,0.0,0.0,0.0,0.0,0.0,0.0,0.0,0.0,0.0,0.0,0.0,0,0,0,0,0,0,0,0,0,0,0,1,0,0,1,0,2
987329525,23.295576,23.127146,0.0,0.014410243,-1.0,1.8877863,0.13631089,1.0896286,nan,6,3.8545244,3.8545244,3.8545244,3.8545244,3.8545244,3.8545244,0.0,0.0,0.0,0.0,0.0,0.0,0.0,0.0,0.0,0.0,0.0,0.0,0.0,0.0,0,0,0,0,0,0,0,0,0,0,0,1,0,0,1,0,2
987528876,22.951975,23.101147,0.0,0.026270658,-1.0,1.8903296,0.1254781,1.0908549,nan,6,3.850191,3.850191,3.850191,3.850191,3.850191,3.850191,0.0,0.0,0.0,0.0,0.0,0.0,0.0,0.0,0.0,0.0,0.0,0.0,0.0,0.0,0,0,0,0,0,0,0,0,0,0,0,1,0,0,1,0,2
987738876,23.068634,23.114727,0.0,0.01875686,-1.0,1.8905587,0.13113625,1.090214,nan,6,3.8524544,3.8524544,3.8524544,3.8524544,3.8524544,3.8524544,0.0,0.0,0.0,0.0,0.0,0.0,0.0,0.0,0.0,0.0,0.0,0.0,0.0,0.0,0,0,0,0,0,0,0,0,0,0,0,1,0,0,1,0,2
987938877,23.34388,23.11288,0.0,0.039488297,-1.0,1.8951855,0.13036759,1.090301,nan,6,3.8521469,3.8521469,3.8521469,3.8521469,3.8521469,3.8521469,0.0,0.0,0.0,0.0,0.0,0.0,0.0,0.0,0.0,0.0,0.0,0.0,0.0,0.0,0,0,0,0,0,0,0,0,0,0,0,1,0,0,1,0,2
988128876,22.458904,23.121641,0.0,0.028270537,-1.0,1.8953788,0.1340173,1.089888,nan,6,3.853607,3.853607,3.853607,3.853607,3.853607,3.853607,0.0,0.0,0.0,0.0,0.0,0.0,0.0,0.0,0.0,0.0,0.0,0.0,0.0,0.0,0,0,0,0,0,0,0,0,0,0,0,1,0,0,1,0,2
988328880,23.259119,23.14693,0.0,0.022341225,-1.0,1.895908,0.14455445,1.0886972,nan,6,3.8578217,3.8578217,3.8578217,3.8578217,3.8578217,3.8578217,0.0,0.0,0.0,0.0,0.0,0.0,0.0,0.0,0.0,0.0,0.0,0.0,0.0,0.0,0,0,0,0,0,0,0,0,0,0,0,1,0,0,1,0,2
988528878,22.733236,23.133461,0.0,0.015035005,-1.0,1.895908,0.13894208,1.0893312,nan,6,3.8555768,3.8555768,3.8555768,3.8555768,3.8555768,3.8555768,0.0,0.0,0.0,0.0,0.0,0.0,0.0,0.0,0.0,0.0,0.0,0.0,0.0,0.0,0,0,0,0,0,0,0,0,0,0,0,1,0,0,1,0,2
988728878,22.983873,23.118647,0.0,0.01011813,-1.0,1.895908,0.13276894,1.0900292,nan,6,3.8531077,3.8531077,3.8531077,3.8531077,3.8531077,3.8531077,0.0,0.0,0.0,0.0,0.0,0.0,0.0,0.0,0.0,0.0,0.0,0.0,0.0,0.0,0,0,0,0,0,0,0,0,0,0,0,1,0,0,1,0,2
988928878,23.620949,23.117891,0.0,0.017886212,-1.0,1.8976933,0.13245423,1.0900649,nan,6,3.8529818,3.8529818,3.8529818,3.8529818,3.8529818,3.8529818,0.0,0.0,0.0,0.0,0.0,0.0,0.0,0.0,0.0,0.0,0.0,0.0,0.0,0.0,0,0,0,0,0,0,0,0,0,0,0,1,0,0,1,0,2
989139059,23.355728,23.122673,0.0,0.011800891,-1.0,1.8976933,0.13444741,1.0898393,nan,6,3.8537788,3.8537788,3.8537788,3.8537788,3.8537788,3.8537788,0.0,0.0,0.0,0.0,0.0,0.0,0.0,0.0,0.0,0.0,0.0,0.0,0.0,0.0,0,0,0,0,0,0,0,0,0,0,0,1,0,0,1,0,2
989338877,23.07957,23.108297,0.0,0.007941663,-1.0,1.8976933,0.12845738,1.0905173,nan,6,3.851383,3.851383,3.851383,3.851383,3.851383,3.851383,0.0,0.0,0.0,0.0,0.0,0.0,0.0,0.0,0.0,0.0,0.0,0.0,0.0,0.0,0,0,0,0,0,0,0,0,0,0,0,1,0,0,1,0,2
989538883,22.516321,23.123573,0.0,0.0054947385,-1.0,1.8977187,0.1348222,1.0897969,nan,6,3.8539288,3.8539288,3.8539288,3.8539288,3.8539288,3.8539288,0.0,0.0,0.0,0.0,0.0,0.0,0.0,0.0,0.0,0.0,0.0,0.0,0.0,0.0,0,0,0,0,0,0,0,0,0,0,0,1,0,0,1,0,2
989729334,23.281904,23.130114,0.0,0.0124716805,-1.0,1.8993872,0.13754685,1.0894889,nan,6,3.8550189,3.8550189,3.8550189,3.8550189,3.8550189,3.8550189,0.0,0.0,0.0,0.0,0.0,0.0,0.0,0.0,0.0,0.0,0.0,0.0,0.0,0.0,0,0,0,0,0,0,0,0,0,0,0,1,0,0,1,0,2
989929756,23.587225,23.178549,0.0,0.02130169,-1.0,1.9015048,0.15772851,1.0872122,nan,6,3.8630915,3.8630915,3.8630915,3.8630915,3.8630915,3.8630915,0.0,0.0,0.0,0.0,0.0,0.0,0.0,0.0,0.0,0.0,0.0,0.0,0.0,0.0,0,0,0,0,0,0,0,0,0,0,0,1,0,0,1,0,2
990128900,23.11056,23.167055,0.0,0.014585503,-1.0,1.9015454,0.15293916,1.0877516,nan,6,3.8611758,3.8611758,3.8611758,3.8611758,3.8611758,3.8611758,0.0,0.0,0.0,0.0,0.0,0.0,0.0,0.0,0.0,0.0,0.0,0.0,0.0,0.0,0,0,0,0,0,0,0,0,0,0,0,1,0,0,1,0,2
990328878,23.61001,23.182096,0.14833124,0.01272408,-1.0,1.9019567,0.1592067,1.0870458,nan,6,3.8636827,3.8636827,3.8636827,3.8636827,3.8636827,3.8636827,0.0,0.0,0.0,0.0,0.0,0.0,0.0,0.0,0.0,0.0,0.0,0.0,0.0,0.0,0,0,0,0,0,0,0,0,0,0,0,1,0,0,1,0,2
990538877,23.194408,23.20489,0.0,0.019151153,-1.0,1.9037879,0.16870339,1.085978,nan,6,3.8674815,3.8674815,3.8674815,3.8674815,3.8674815,3.8674815,0.0,0.0,0.0,0.0,0.0,0.0,0.0,0.0,0.0,0.0,0.0,0.0,0.0,0.0,0,0,0,0,0,0,0,0,0,0,0,1,0,0,1,0,2
990738877,23.082306,23.201265,0.0,0.019662458,-1.0,1.9050139,0.16719373,1.0861477,nan,6,3.8668776,3.8668776,3.8668776,3.8668776,3.8668776,3.8668776,0.0,0.0,0.0,0.0,0.0,0.0,0.0,0.0,0.0,0.0,0.0,0.0,0.0,0.0,0,0,0,0,0,0,0,0,0,0,0,1,0,0,1,0,2
990938878,23.97184,23.221485,0.0,0.013232271,-1.0,1.9050139,0.17561944,1.0852019,nan,6,3.8702476,3.8702476,3.8702476,3.8702476,3.8702476,3.8702476,0.0,0.0,0.0,0.0,0.0,0.0,0.0,0.0,0.0,0.0,0.0,0.0,0.0,0.0,0,0,0,0,0,0,0,0,0,0,0,1,0,0,1,0,2
991129470,22.551867,23.214607,0.0,0.009083036,-1.0,1.9050139,0.17275365,1.0855234,nan,6,3.8691013,3.8691013,3.8691013,3.8691013,3.8691013,3.8691013,0.0,0.0,0.0,0.0,0.0,0.0,0.0,0.0,0.0,0.0,0.0,0.0,0.0,0.0,0,0,0,0,0,0,0,0,0,0,0,1,0,0,1,0,2
991328879,23.358461,23.231155,0.0,0.0074726916,-1.0,1.9052225,0.17964871,1.08475,nan,6,3.8718593,3.8718593,3.8718593,3.8718593,3.8718593,3.8718593,0.0,0.0,0.0,0.0,0.0,0.0,0.0,0.0,0.0,0.0,0.0,0.0,0.0,0.0,0,0,0,0,0,0,0,0,0,0,0,1,0,0,1,0,2
991528877,23.275524,23.241545,0.0,0.005028907,-1.0,1.9052225,0.18397649,1.0842654,nan,6,3.8735907,3.8735907,3.8735907,3.8735907,3.8735907,3.8735907,0.0,0.0,0.0,0.0,0.0,0.0,0.0,0.0,0.0,0.0,0.0,0.0,0.0,0.0,0,0,0,0,0,0,0,0,0,0,0,1,0,0,1,0,2
991728890,23.793203,23.259682,0.0,0.004091847,-1.0,1.9053547,0.19153436,1.0834198,nan,6,3.8766136,3.8766136,3.8766136,3.8766136,3.8766136,3.8766136,0.0,0.0,0.0,0.0,0.0,0.0,0.0,0.0,0.0,0.0,0.0,0.0,0.0,0.0,0,0,0,0,0,0,0,0,0,0,0,1,0,0,1,0,2
991938877,23.464186,23.314829,0.0,0.021174762,-1.0,1.9090594,0.21451218,1.0808572,nan,6,3.885805,3.885805,3.885805,3.885805,3.885805,3.885805,0.0,0.0,0.0,0.0,0.0,0.0,0.0,0.0,0.0,0.0,0.0,0.0,0.0,0.0,0,0,0,0,0,0,0,0,0,0,0,1,0,0,1,0,1
992138892,23.523428,23.352497,0.0,0.014250007,-1.0,1.9090594,0.23020776,1.0791136,nan,6,3.892083,3.892083,3.892083,3.892083,3.892083,3.892083,0.0,0.0,0.0,0.0,0.0,0.0,0.0,0.0,0.0,0.0,0.0,0.0,0.0,0.0,0,0,0,0,0,0,0,0,0,0,0,1,0,0,1,0,1
992338908,23.581757,23.390076,0.0,0.009589847,-1.0,1.9090594,0.24586518,1.07738,nan,6,3.898346,3.898346,3.898346,3.898346,3.898346,3.898346,0.0,0.0,0.0,0.0,0.0,0.0,0.0,0.0,0.0,0.0,0.0,0.0,0.0,0.0,0,0,0,0,0,0,0,0,0,0,0,1,0,0,1,0,1
992529299,23.2737,23.413586,0.0,0.0065827663,-1.0,1.9090594,0.2556613,1.0762981,nan,6,3.9022644,3.9022644,3.9022644,3.9022644,3.9022644,3.9022644,0.0,0.0,0.0,0.0,0.0,0.0,0.0,0.0,0.0,0.0,0.0,0.0,0.0,0.0,0,0,0,0,0,0,0,0,0,0,0,1,0,0,1,0,1
992728902,23.623682,23.43196,0.0,0.024462605,-1.0,1.9122599,0.26331645,1.0754542,nan,6,3.9053266,3.9053266,3.9053266,3.9053266,3.9053266,3.9053266,0.0,0.0,0.0,0.0,0.0,0.0,0.0,0.0,0.0,0.0,0.0,0.0,0.0,0.0,0,0,0,0,0,0,0,0,0,0,0,1,0,0,1,0,1
992928878,23.627327,23.430157,0.0,0.016936336,-1.0,1.9123311,0.2625659,1.075537,nan,6,3.9050262,3.9050262,3.9050262,3.9050262,3.9050262,3.9050262,0.0,0.0,0.0,0.0,0.0,0.0,0.0,0.0,0.0,0.0,0.0,0.0,0.0,0.0,0,0,0,0,0,0,0,0,0,0,0,1,0,0,1,0,1
993129038,22.875416,23.42273,0.0,0.0228871,-1.0,1.9145864,0.25947124,1.0758779,nan,6,3.9037883,3.9037883,3.9037883,3.9037883,3.9037883,3.9037883,0.0,0.0,0.0,0.0,0.0,0.0,0.0,0.0,0.0,0.0,0.0,0.0,0.0,0.0,0,0,0,0,0,0,0,0,0,0,0,1,0,0,1,0,1
993339608,22.888176,23.402,0.0,0.0154523235,-1.0,1.9146572,0.2508338,1.076831,nan,6,3.9003334,3.9003334,3.9003334,3.9003334,3.9003334,3.9003334,0.0,0.0,0.0,0.0,0.0,0.0,0.0,0.0,0.0,0.0,0.0,0.0,0.0,0.0,0,0,0,0,0,0,0,0,0,0,0,1,0,0,1,0,1
993538876,23.743988,23.408195,0.0,0.025132328,-1.0,1.9170247,0.2534154,1.076546,nan,6,3.901366,3.901366,3.901366,3.901366,3.901366,3.901366,0.0,0.0,0.0,0.0,0.0,0.0,0.0,0.0,0.0,0.0,0.0,0.0,0.0,0.0,0,0,0,0,0,0,0,0,0,0,0,1,0,0,1,0,1
993738878,23.050406,23.397179,0.0,0.031562768,-1.0,1.9194212,0.24882443,1.077053,nan,6,3.8995297,3.8995297,3.8995297,3.8995297,3.8995297,3.8995297,0.0,0.0,0.0,0.0,0.0,0.0,0.0,0.0,0.0,0.0,0.0,0.0,0.0,0.0,0,0,0,0,0,0,0,0,0,0,0,1,0,0,1,0,1
993928877,23.18256,23.328285,0.0,0.025436038,-1.0,1.9200734,0.22011884,1.0802337,nan,6,3.8880475,3.8880475,3.8880475,3.8880475,3.8880475,3.8880475,0.0,0.0,0.0,0.0,0.0,0.0,0.0,0.0,0.0,0.0,0.0,0.0,0.0,0.0,0,0,0,0,0,0,0,0,0,0,0,1,0,0,1,0,1
994128876,23.86703,23.317503,0.43766877,0.04792546,-1.0,1.9250635,0.21562608,1.0807332,nan,6,3.8862505,3.8862505,3.8862505,3.8862505,3.8862505,3.8862505,0.0,0.0,0.0,0.0,0.0,0.0,0.0,0.0,0.0,0.0,0.0,0.0,0.0,0.0,0,0,0,0,0,0,0,0,0,0,0,1,0,0,1,0,1
994328890,23.250916,23.296276,0.0,0.035694256,-1.0,1.9257653,0.2067817,1.081718,nan,6,3.8827126,3.8827126,3.8827126,3.8827126,3.8827126,3.8827126,0.0,0.0,0.0,0.0,0.0,0.0,0.0,0.0,0.0,0.0,0.0,0.0,0.0,0.0,0,0,0,0,0,0,0,0,0,0,0,1,0,0,1,0,1
994528877,23.679277,23.269918,0.0,0.038096927,-1.0,1.9278814,0.19579919,1.0829432,nan,6,3.8783197,3.8783197,3.8783197,3.8783197,3.8783197,3.8783197,0.0,0.0,0.0,0.0,0.0,0.0,0.0,0.0,0.0,0.0,0.0,0.0,0.0,0.0,0,0,0,0,0,0,0,0,0,0,0,1,0,0,1,0,2
994738877,23.229954,23.25399,0.0,0.026321065,-1.0,1.9280695,0.18916257,1.0836849,nan,6,3.875665,3.875665,3.875665,3.875665,3.875665,3.875665,0.0,0.0,0.0,0.0,0.0,0.0,0.0,0.0,0.0,0.0,0.0,0.0,0.0,0.0,0,0,0,0,0,0,0,0,0,0,0,1,0,0,1,0,2
994938887,22.824377,23.241768,0.0,0.017713321,-1.0,1.9280695,0.18406995,1.0842549,nan,6,3.873628,3.873628,3.873628,3.873628,3.873628,3.873628,0.0,0.0,0.0,0.0,0.0,0.0,0.0,0.0,0.0,0.0,0.0,0.0,0.0,0.0,0,0,0,0,0,0,0,0,0,0,0,1,0,0,1,0,2
995129039,24.002827,23.241545,0.42485,0.020489361,-1.0,1.9292518,0.18397649,1.0842654,nan,6,3.8735907,3.8735907,3.8735907,3.8735907,3.8735907,3.8735907,0.0,0.0,0.0,0.0,0.0,0.0,0.0,0.0,0.0,0.0,0.0,0.0,0.0,0.0,0,0,0,0,0,0,0,0,0,0,0,1,0,0,1,0,2
995328975,23.479681,23.25285,0.0,0.01949544,-1.0,1.9301726,0.18868764,1.0837381,nan,6,3.875475,3.875475,3.875475,3.875475,3.875475,3.875475,0.0,0.0,0.0,0.0,0.0,0.0,0.0,0.0,0.0,0.0,0.0,0.0,0.0,0.0,0,0,0,0,0,0,0,0,0,0,0,1,0,0,1,0,2
995528877,22.829845,23.273375,0.0,0.014111368,-1.0,1.9303404,0.19723924,1.0827824,nan,6,3.8788958,3.8788958,3.8788958,3.8788958,3.8788958,3.8788958,0.0,0.0,0.0,0.0,0.0,0.0,0.0,0.0,0.0,0.0,0.0,0.0,0.0,0.0,0,0,0,0,0,0,0,0,0,0,0,1,0,0,1,0,2
995728878,23.023977,23.285831,0.0,0.017286679,-1.0,1.9318616,0.20243008,1.0822031,nan,6,3.880972,3.880972,3.880972,3.880972,3.880972,3.880972,0.0,0.0,0.0,0.0,0.0,0.0,0.0,0.0,0.0,0.0,0.0,0.0,0.0,0.0,0,0,0,0,0,0,0,0,0,0,0,1,0,0,1,0,1
995928878,23.161598,23.290375,0.0,0.013409898,-1.0,1.9321872,0.20432313,1.081992,nan,6,3.8817291,3.8817291,3.8817291,3.8817291,3.8817291,3.8817291,0.0,0.0,0.0,0.0,0.0,0.0,0.0,0.0,0.0,0.0,0.0,0.0,0.0,0.0,0,0,0,0,0,0,0,0,0,0,0,1,0,0,1,0,1
996138965,23.015774,23.312054,0.0,0.04187388,-1.0,1.9386402,0.21335633,1.0809858,nan,6,3.8853424,3.8853424,3.8853424,3.8853424,3.8853424,3.8853424,0.0,0.0,0.0,0.0,0.0,0.0,0.0,0.0,0.0,0.0,0.0,0.0,0.0,0.0,0,0,0,0,0,0,0,0,0,0,0,1,0,0,1,0,1
996338878,23.132433,23.298235,0.0,0.030640198,-1.0,1.9390472,0.20759805,1.0816269,nan,6,3.8830392,3.8830392,3.8830392,3.8830392,3.8830392,3.8830392,0.0,0.0,0.0,0.0,0.0,0.0,0.0,0.0,0.0,0.0,0.0,0.0,0.0,0.0,0,0,0,0,0,0,0,0,0,0,0,1,0,0,1,0,1
996528878,22.926455,23.26926,0.0,0.021032376,-1.0,1.9390472,0.19552548,1.0829737,nan,6,3.87821,3.87821,3.87821,3.87821,3.87821,3.87821,0.0,0.0,0.0,0.0,0.0,0.0,0.0,0.0,0.0,0.0,0.0,0.0,0.0,0.0,0,0,0,0,0,0,0,0,0,0,0,1,0,0,1,0,2
996728879,22.838959,23.256044,0.0,0.014154186,-1.0,1.9390472,0.19001897,1.0835892,nan,6,3.8760073,3.8760073,3.8760073,3.8760073,3.8760073,3.8760073,0.0,0.0,0.0,0.0,0.0,0.0,0.0,0.0,0.0,0.0,0.0,0.0,0.0,0.0,0,0,0,0,0,0,0,0,0,0,0,1,0,0,1,0,2
996928877,23.144281,23.26441,0.0,0.016344188,-1.0,1.9402777,0.19350465,1.0831995,nan,6,3.8774016,3.8774016,3.8774016,3.8774016,3.8774016,3.8774016,0.0,0.0,0.0,0.0,0.0,0.0,0.0,0.0,0.0,0.0,0.0,0.0,0.0,0.0,0,0,0,0,0,0,0,0,0,0,0,1,0,0,1,0,2
997128900,23.683834,23.296982,0.0,0.029827222,-1.0,1.9434422,0.20707639,1.0816851,nan,6,3.8828304,3.8828304,3.8828304,3.8828304,3.8828304,3.8828304,0.0,0.0,0.0,0.0,0.0,0.0,0.0,0.0,0.0,0.0,0.0,0.0,0.0,0.0,0,0,0,0,0,0,0,0,0,0,0,1,0,0,1,0,1
997328878,23.607277,23.308815,0.0,0.021276178,-1.0,1.9436296,0.21200688,1.081136,nan,6,3.8848026,3.8848026,3.8848026,3.8848026,3.8848026,3.8848026,0.0,0.0,0.0,0.0,0.0,0.0,0.0,0.0,0.0,0.0,0.0,0.0,0.0,0.0,0,0,0,0,0,0,0,0,0,0,0,1,0,0,1,0,1
997538877,23.309246,23.31189,0.0,0.014037506,-1.0,1.9436296,0.21328767,1.0809934,nan,6,3.885315,3.885315,3.885315,3.885315,3.885315,3.885315,0.0,0.0,0.0,0.0,0.0,0.0,0.0,0.0,0.0,0.0,0.0,0.0,0.0,0.0,0,0,0,0,0,0,0,0,0,0,0,1,0,0,1,0,1
997739289,23.099623,23.345552,0.0,0.010626433,-1.0,1.9438702,0.22731335,1.0794348,nan,6,3.8909254,3.8909254,3.8909254,3.8909254,3.8909254,3.8909254,0.0,0.0,0.0,0.0,0.0,0.0,0.0,0.0,0.0,0.0,0.0,0.0,0.0,0.0,0,0,0,0,0,0,0,0,0,0,0,1,0,0,1,0,1
997938880,23.263676,23.382303,0.0,0.016945494,-1.0,1.9454265,0.2426265,1.077738,nan,6,3.8970506,3.8970506,3.8970506,3.8970506,3.8970506,3.8970506,0.0,0.0,0.0,0.0,0.0,0.0,0.0,0.0,0.0,0.0,0.0,0.0,0.0,0.0,0,0,0,0,0,0,0,0,0,0,0,1,0,0,1,0,1
998128913,23.29193,23.400072,0.0,0.011631912,-1.0,1.9454265,0.25002986,1.0769198,nan,6,3.900012,3.900012,3.900012,3.900012,3.900012,3.900012,0.0,0.0,0.0,0.0,0.0,0.0,0.0,0.0,0.0,0.0,0.0,0.0,0.0,0.0,0,0,0,0,0,0,0,0,0,0,0,1,0,0,1,0,1
998328890,23.165245,23.409187,0.0,0.007827944,-1.0,1.9454265,0.25382835,1.0765004,nan,6,3.9015312,3.9015312,3.9015312,3.9015312,3.9015312,3.9015312,0.0,0.0,0.0,0.0,0.0,0.0,0.0,0.0,0.0,0.0,0.0,0.0,0.0,0.0,0,0,0,0,0,0,0,0,0,0,0,1,0,0,1,0,1
998528877,22.946507,23.386497,0.0,0.007787778,-1.0,1.9458792,0.24437459,1.0775448,nan,6,3.8977497,3.8977497,3.8977497,3.8977497,3.8977497,3.8977497,0.0,0.0,0.0,0.0,0.0,0.0,0.0,0.0,0.0,0.0,0.0,0.0,0.0,0.0,0,0,0,0,0,0,0,0,0,0,0,1,0,0,1,0,1
998728876,23.375778,23.368036,0.0,0.009456233,-1.0,1.9466611,0.23668225,1.0783961,nan,6,3.8946726,3.8946726,3.8946726,3.8946726,3.8946726,3.8946726,0.0,0.0,0.0,0.0,0.0,0.0,0.0,0.0,0.0,0.0,0.0,0.0,0.0,0.0,0,0,0,0,0,0,0,0,0,0,0,1,0,0,1,0,1
998928876,23.037647,23.34927,0.0,0.0065231957,-1.0,1.9466865,0.22886308,1.0792629,nan,6,3.891545,3.891545,3.891545,3.891545,3.891545,3.891545,0.0,0.0,0.0,0.0,0.0,0.0,0.0,0.0,0.0,0.0,0.0,0.0,0.0,0.0,0,0,0,0,0,0,0,0,0,0,0,1,0,0,1,0,1
999138877,23.202612,23.324284,0.0,0.004303846,-1.0,1.9466865,0.21845181,1.080419,nan,6,3.8873806,3.8873806,3.8873806,3.8873806,3.8873806,3.8873806,0.0,0.0,0.0,0.0,0.0,0.0,0.0,0.0,0.0,0.0,0.0,0.0,0.0,0.0,0,0,0,0,0,0,0,0,0,0,0,1,0,0,1,0,1
999328878,23.18894,23.324245,0.0,0.009909848,-1.0,1.9479126,0.2184356,1.0804207,nan,6,3.8873742,3.8873742,3.8873742,3.8873742,3.8873742,3.8873742,0.0,0.0,0.0,0.0,0.0,0.0,0.0,0.0,0.0,0.0,0.0,0.0,0.0,0.0,0,0,0,0,0,0,0,0,0,0,0,1,0,0,1,0,1
999528877,23.522514,23.306366,0.0,0.01182615,-1.0,1.948884,0.21098645,1.0812496,nan,6,3.8843944,3.8843944,3.8843944,3.8843944,3.8843944,3.8843944,0.0,0.0,0.0,0.0,0.0,0.0,0.0,0.0,0.0,0.0,0.0,0.0,0.0,0.0,0,0,0,0,0,0,0,0,0,0,0,1,0,0,1,0,1
999728879,23.368488,23.291788,0.0,0.0101038935,-1.0,1.9492406,0.20491154,1.0819263,nan,6,3.8819647,3.8819647,3.8819647,3.8819647,3.8819647,3.8819647,0.0,0.0,0.0,0.0,0.0,0.0,0.0,0.0,0.0,0.0,0.0,0.0,0.0,0.0,0,0,0,0,0,0,0,0,0,0,0,1,0,0,1,0,1
999928906,23.120584,23.28855,0.0,0.016416952,-1.0,1.9511327,0.2035621,1.0820769,nan,6,3.881425,3.881425,3.881425,3.881425,3.881425,3.881425,0.0,0.0,0.0,0.0,0.0,0.0,0.0,0.0,0.0,0.0,0.0,0.0,0.0,0.0,0,0,0,0,0,0,0,0,0,0,0,1,0,0,1,0,1
1000129100,23.296486,23.271032,0.0,0.011048138,-1.0,1.9511327,0.19626363,1.0828913,nan,6,3.8785055,3.8785055,3.8785055,3.8785055,3.8785055,3.8785055,0.0,0.0,0.0,0.0,0.0,0.0,0.0,0.0,0.0,0.0,0.0,0.0,0.0,0.0,0,0,0,0,0,0,0,0,0,0,0,1,0,0,1,0,2
1000339465,22.952885,23.260572,0.0,0.0072892956,-1.0,1.9511327,0.19190533,1.0833782,nan,6,3.8767622,3.8767622,3.8767622,3.8767622,3.8767622,3.8767622,0.0,0.0,0.0,0.0,0.0,0.0,0.0,0.0,0.0,0.0,0.0,0.0,0.0,0.0,0,0,0,0,0,0,0,0,0,0,0,1,0,0,1,0,2
1000538878,23.891634,23.274458,0.0,0.022404732,-1.0,1.9537116,0.19769128,1.0827318,nan,6,3.8790762,3.8790762,3.8790762,3.8790762,3.8790762,3.8790762,0.0,0.0,0.0,0.0,0.0,0.0,0.0,0.0,0.0,0.0,0.0,0.0,0.0,0.0,0,0,0,0,0,0,0,0,0,0,0,1,0,0,1,0,2
1000728877,23.49973,23.255638,0.0,0.0153792985,-1.0,1.9537116,0.18984921,1.0836082,nan,6,3.8759396,3.8759396,3.8759396,3.8759396,3.8759396,3.8759396,0.0,0.0,0.0,0.0,0.0,0.0,0.0,0.0,0.0,0.0,0.0,0.0,0.0,0.0,0,0,0,0,0,0,0,0,0,0,0,1,0,0,1,0,2
1000928878,23.253649,23.254494,0.0,0.010349829,-1.0,1.9537116,0.18937238,1.0836614,nan,6,3.8757489,3.8757489,3.8757489,3.8757489,3.8757489,3.8757489,0.0,0.0,0.0,0.0,0.0,0.0,0.0,0.0,0.0,0.0,0.0,0.0,0.0,0.0,0,0,0,0,0,0,0,0,0,0,0,1,0,0,1,0,2
1001128878,23.199877,23.281326,0.0,0.010356765,-1.0,1.9543933,0.20055325,1.0824125,nan,6,3.8802211,3.8802211,3.8802211,3.8802211,3.8802211,3.8802211,0.0,0.0,0.0,0.0,0.0,0.0,0.0,0.0,0.0,0.0,0.0,0.0,0.0,0.0,0,0,0,0,0,0,0,0,0,0,0,1,0,0,1,0,1
1001328876,23.199877,23.315523,0.0,0.006969805,-1.0,1.9543933,0.21480115,1.080825,nan,6,3.8859205,3.8859205,3.8859205,3.8859205,3.8859205,3.8859205,0.0,0.0,0.0,0.0,0.0,0.0,0.0,0.0,0.0,0.0,0.0,0.0,0.0,0.0,0,0,0,0,0,0,0,0,0,0,0,1,0,0,1,0,1
1001540132,23.378513,23.35534,0.0,0.0045985086,-1.0,1.9543933,0.23139127,1.0789824,nan,6,3.8925564,3.8925564,3.8925564,3.8925564,3.8925564,3.8925564,0.0,0.0,0.0,0.0,0.0,0.0,0.0,0.0,0.0,0.0,0.0,0.0,0.0,0.0,0,0,0,0,0,0,0,0,0,0,0,1,0,0,1,0,1
1001739592,23.68201,23.40497,0.0,0.0042592185,-1.0,1.9545872,0.25207072,1.0766944,nan,6,3.9008284,3.9008284,3.9008284,3.9008284,3.9008284,3.9008284,0.0,0.0,0.0,0.0,0.0,0.0,0.0,0.0,0.0,0.0,0.0,0.0,0.0,0.0,0,0,0,0,0,0,0,0,0,0,0,1,0,0,1,0,1
1001938877,23.5052,23.440348,0.0,0.0028663322,-1.0,1.9545872,0.26681167,1.0750693,nan,6,3.9067247,3.9067247,3.9067247,3.9067247,3.9067247,3.9067247,0.0,0.0,0.0,0.0,0.0,0.0,0.0,0.0,0.0,0.0,0.0,0.0,0.0,0.0,0,0,0,0,0,0,0,0,0,0,0,1,0,0,1,0,1
1002138878,23.555326,23.455498,0.0,0.0019289596,-1.0,1.9545872,0.27312404,1.0743749,nan,6,3.9092495,3.9092495,3.9092495,3.9092495,3.9092495,3.9092495,0.0,0.0,0.0,0.0,0.0,0.0,0.0,0.0,0.0,0.0,0.0,0.0,0.0,0.0,0,0,0,0,0,0,0,0,0,0,0,1,0,0,1,0,1
1002328877,23.684748,23.47596,0.0,0.0013240973,-1.0,1.9545872,0.2816499,1.0734385,nan,6,3.91266,3.91266,3.91266,3.91266,3.91266,3.91266,0.0,0.0,0.0,0.0,0.0,0.0,0.0,0.0,0.0,0.0,0.0,0.0,0.0,0.0,0,0,0,0,0,0,0,0,0,0,0,1,0,0,1,0,1
1002528878,23.865206,23.500408,0.0,0.0008910795,-1.0,1.9545872,0.29183704,1.0723218,nan,6,3.9167347,3.9167347,3.9167347,3.9167347,3.9167347,3.9167347,0.0,0.0,0.0,0.0,0.0,0.0,0.0,0.0,0.0,0.0,0.0,0.0,0.0,0.0,0,0,0,0,0,0,0,0,0,0,0,1,0,0,1,0,1
1002728877,23.653759,23.512777,0.0,0.000599671,-1.0,1.9545872,0.2969907,1.0717577,nan,6,3.9187963,3.9187963,3.9187963,3.9187963,3.9187963,3.9187963,0.0,0.0,0.0,0.0,0.0,0.0,0.0,0.0,0.0,0.0,0.0,0.0,0.0,0.0,0,0,0,0,0,0,0,0,0,0,0,1,0,0,1,0,1
1002929772,23.717556,23.511332,0.0,0.003167927,-1.0,1.9549853,0.29638797,1.0718236,nan,6,3.9185553,3.9185553,3.9185553,3.9185553,3.9185553,3.9185553,0.0,0.0,0.0,0.0,0.0,0.0,0.0,0.0,0.0,0.0,0.0,0.0,0.0,0.0,0,0,0,0,0,0,0,0,0,0,0,1,0,0,1,0,1
1003138880,23.620035,23.507181,0.0,0.002090122,-1.0,1.9549853,0.29465896,1.0720128,nan,6,3.9178636,3.9178636,3.9178636,3.9178636,3.9178636,3.9178636,0.0,0.0,0.0,0.0,0.0,0.0,0.0,0.0,0.0,0.0,0.0,0.0,0.0,0.0,0,0,0,0,0,0,0,0,0,0,0,1,0,0,1,0,1
1003338881,23.307423,23.49779,0.0,0.0014065922,-1.0,1.9549853,0.29074603,1.0724412,nan,6,3.9162982,3.9162982,3.9162982,3.9162982,3.9162982,3.9162982,0.0,0.0,0.0,0.0,0.0,0.0,0.0,0.0,0.0,0.0,0.0,0.0,0.0,0.0,0,0,0,0,0,0,0,0,0,0,0,1,0,0,1,0,1
1003529048,23.561707,23.502457,0.0,0.0060351263,-1.0,1.9557911,0.29269058,1.0722283,nan,6,3.917076,3.917076,3.917076,3.917076,3.917076,3.917076,0.0,0.0,0.0,0.0,0.0,0.0,0.0,0.0,0.0,0.0,0.0,0.0,0.0,0.0,0,0,0,0,0,0,0,0,0,0,0,1,0,0,1,0,1
1003739190,23.598164,23.480804,0.0,0.0039818315,-1.0,1.9557911,0.28366882,1.073217,nan,6,3.9134674,3.9134674,3.9134674,3.9134674,3.9134674,3.9134674,0.0,0.0,0.0,0.0,0.0,0.0,0.0,0.0,0.0,0.0,0.0,0.0,0.0,0.0,0,0,0,0,0,0,0,0,0,0,0,1,0,0,1,0,1
1003928925,23.517048,23.478327,0.0,0.003275284,-1.0,1.9558861,0.282636,1.0733303,nan,6,3.9130545,3.9130545,3.9130545,3.9130545,3.9130545,3.9130545,0.0,0.0,0.0,0.0,0.0,0.0,0.0,0.0,0.0,0.0,0.0,0.0,0.0,0.0,0,0,0,0,0,0,0,0,0,0,0,1,0,0,1,0,1
1004130172,22.76149,23.438498,0.0,0.0030091305,-1.0,1.9560523,0.2660411,1.0751542,nan,6,3.9064162,3.9064162,3.9064162,3.9064162,3.9064162,3.9064162,0.0,0.0,0.0,0.0,0.0,0.0,0.0,0.0,0.0,0.0,0.0,0.0,0.0,0.0,0,0,0,0,0,0,0,0,0,0,0,1,0,0,1,0,1
1004328969,23.131521,23.43441,0.0,0.0046867146,-1.0,1.9565272,0.26433784,1.0753417,nan,6,3.905735,3.905735,3.905735,3.905735,3.905735,3.905735,0.0,0.0,0.0,0.0,0.0,0.0,0.0,0.0,0.0,0.0,0.0,0.0,0.0,0.0,0,0,0,0,0,0,0,0,0,0,0,1,0,0,1,0,1
1004538877,23.584492,23.437609,0.0,0.0056619863,-1.0,1.9568986,0.26567012,1.0751951,nan,6,3.9062681,3.9062681,3.9062681,3.9062681,3.9062681,3.9062681,0.0,0.0,0.0,0.0,0.0,0.0,0.0,0.0,0.0,0.0,0.0,0.0,0.0,0.0,0,0,0,0,0,0,0,0,0,0,0,1,0,0,1,0,1
1004738877,23.357552,23.44941,0.0,0.0038103554,-1.0,1.9568986,0.27058727,1.0746539,nan,6,3.9082348,3.9082348,3.9082348,3.9082348,3.9082348,3.9082348,0.0,0.0,0.0,0.0,0.0,0.0,0.0,0.0,0.0,0.0,0.0,0.0,0.0,0.0,0,0,0,0,0,0,0,0,0,0,0,1,0,0,1,0,1
1004928878,23.360285,23.476402,0.0,0.0026155456,-1.0,1.9568986,0.2818349,1.0734183,nan,6,3.9127338,3.9127338,3.9127338,3.9127338,3.9127338,3.9127338,0.0,0.0,0.0,0.0,0.0,0.0,0.0,0.0,0.0,0.0,0.0,0.0,0.0,0.0,0,0,0,0,0,0,0,0,0,0,0,1,0,0,1,0,1
1005138944,23.18803,23.485247,0.0,0.0017256733,-1.0,1.9568986,0.2855199,1.073014,nan,6,3.9142077,3.9142077,3.9142077,3.9142077,3.9142077,3.9142077,0.0,0.0,0.0,0.0,0.0,0.0,0.0,0.0,0.0,0.0,0.0,0.0,0.0,0.0,0,0,0,0,0,0,0,0,0,0,0,1,0,0,1,0,1
1005329344,23.543478,23.501188,0.0,0.0011845554,-1.0,1.9568986,0.29216224,1.0722861,nan,6,3.9168646,3.9168646,3.9168646,3.9168646,3.9168646,3.9168646,0.0,0.0,0.0,0.0,0.0,0.0,0.0,0.0,0.0,0.0,0.0,0.0,0.0,0.0,0,0,0,0,0,0,0,0,0,0,0,1,0,0,1,0,1
1005529108,23.741253,23.512049,0.0,0.0025496376,-1.0,1.957266,0.29668742,1.0717908,nan,6,3.9186747,3.9186747,3.9186747,3.9186747,3.9186747,3.9186747,0.0,0.0,0.0,0.0,0.0,0.0,0.0,0.0,0.0,0.0,0.0,0.0,0.0,0.0,0,0,0,0,0,0,0,0,0,0,0,1,0,0,1,0,1
1005728895,23.50611,23.52578,0.0,0.0017158327,-1.0,1.957266,0.30240852,1.0711653,nan,6,3.9209633,3.9209633,3.9209633,3.9209633,3.9209633,3.9209633,0.0,0.0,0.0,0.0,0.0,0.0,0.0,0.0,0.0,0.0,0.0,0.0,0.0,0.0,0,0,0,0,0,0,0,0,0,0,0,1,0,0,1,0,0
1005938892,22.98843,23.54243,0.0,0.0011320651,-1.0,1.957266,0.3093465,1.0704076,nan,6,3.9237385,3.9237385,3.9237385,3.9237385,3.9237385,3.9237385,0.0,0.0,0.0,0.0,0.0,0.0,0.0,0.0,0.0,0.0,0.0,0.0,0.0,0.0,0,0,0,0,0,0,0,0,0,0,0,1,0,0,1,0,0
1006141417,23.30469,23.516119,0.0,0.0007618473,-1.0,1.957266,0.29838306,1.0716053,nan,6,3.9193532,3.9193532,3.9193532,3.9193532,3.9193532,3.9193532,0.0,0.0,0.0,0.0,0.0,0.0,0.0,0.0,0.0,0.0,0.0,0.0,0.0,0.0,0,0,0,0,0,0,0,0,0,0,0,1,0,0,1,0,1
1006328876,23.450514,23.505465,0.0,0.00052295544,-1.0,1.957266,0.2939437,1.0720911,nan,6,3.9175775,3.9175775,3.9175775,3.9175775,3.9175775,3.9175775,0.0,0.0,0.0,0.0,0.0,0.0,0.0,0.0,0.0,0.0,0.0,0.0,0.0,0.0,0,0,0,0,0,0,0,0,0,0,0,1,0,0,1,0,1
1006528876,23.588137,23.536392,0.0,0.009172728,-1.0,1.9589037,0.3068307,1.0706823,nan,6,3.922732,3.922732,3.922732,3.922732,3.922732,3.922732,0.0,0.0,0.0,0.0,0.0,0.0,0.0,0.0,0.0,0.0,0.0,0.0,0.0,0.0,0,0,0,0,0,0,0,0,0,0,0,1,0,0,1,0,0
1006728877,23.650112,23.514378,0.0,0.006172984,-1.0,1.9589037,0.2976573,1.0716847,nan,6,3.9190629,3.9190629,3.9190629,3.9190629,3.9190629,3.9190629,0.0,0.0,0.0,0.0,0.0,0.0,0.0,0.0,0.0,0.0,0.0,0.0,0.0,0.0,0,0,0,0,0,0,0,0,0,0,0,1,0,0,1,0,1
1006928957,23.817812,23.525846,0.0,0.004154241,-1.0,1.9589037,0.30243617,1.0711622,nan,6,3.9209745,3.9209745,3.9209745,3.9209745,3.9209745,3.9209745,0.0,0.0,0.0,0.0,0.0,0.0,0.0,0.0,0.0,0.0,0.0,0.0,0.0,0.0,0,0,0,0,0,0,0,0,0,0,0,1,0,0,1,0,0
1007128905,23.659225,23.511015,0.0,0.0027956855,-1.0,1.9589037,0.29625636,1.071838,nan,6,3.9185026,3.9185026,3.9185026,3.9185026,3.9185026,3.9185026,0.0,0.0,0.0,0.0,0.0,0.0,0.0,0.0,0.0,0.0,0.0,0.0,0.0,0.0,0,0,0,0,0,0,0,0,0,0,0,1,0,0,1,0,1
1007338877,23.310158,23.520447,0.0,0.0018445257,-1.0,1.9589037,0.30018646,1.0714082,nan,6,3.9200745,3.9200745,3.9200745,3.9200745,3.9200745,3.9200745,0.0,0.0,0.0,0.0,0.0,0.0,0.0,0.0,0.0,0.0,0.0,0.0,0.0,0.0,0,0,0,0,0,0,0,0,0,0,0,1,0,0,1,0,0
1007538877,23.740341,23.513458,0.0,0.0012413128,-1.0,1.9589037,0.2972749,1.0717266,nan,6,3.9189098,3.9189098,3.9189098,3.9189098,3.9189098,3.9189098,0.0,0.0,0.0,0.0,0.0,0.0,0.0,0.0,0.0,0.0,0.0,0.0,0.0,0.0,0,0,0,0,0,0,0,0,0,0,0,1,0,0,1,0,1
1007729049,23.457806,23.524858,0.0,0.00487456,-1.0,1.9597175,0.3020242,1.0712073,nan,6,3.9208097,3.9208097,3.9208097,3.9208097,3.9208097,3.9208097,0.0,0.0,0.0,0.0,0.0,0.0,0.0,0.0,0.0,0.0,0.0,0.0,0.0,0.0,0,0,0,0,0,0,0,0,0,0,0,1,0,0,1,0,0
1007941439,23.369398,23.531181,0.0,0.0032161174,-1.0,1.9597175,0.3046592,1.0709194,nan,6,3.9218636,3.9218636,3.9218636,3.9218636,3.9218636,3.9218636,0.0,0.0,0.0,0.0,0.0,0.0,0.0,0.0,0.0,0.0,0.0,0.0,0.0,0.0,0,0,0,0,0,0,0,0,0,0,0,1,0,0,1,0,0
1008131828,23.538921,23.539673,0.0,0.0022076422,-1.0,1.9597175,0.30819732,1.070533,nan,6,3.9232788,3.9232788,3.9232788,3.9232788,3.9232788,3.9232788,0.0,0.0,0.0,0.0,0.0,0.0,0.0,0.0,0.0,0.0,0.0,0.0,0.0,0.0,0,0,0,0,0,0,0,0,0,0,0,1,0,0,1,0,0
1008328878,23.44778,23.53704,0.0,0.0014856801,-1.0,1.9597175,0.3071006,1.0706528,nan,6,3.92284,3.92284,3.92284,3.92284,3.92284,3.92284,0.0,0.0,0.0,0.0,0.0,0.0,0.0,0.0,0.0,0.0,0.0,0.0,0.0,0.0,0,0,0,0,0,0,0,0,0,0,0,1,0,0,1,0,0
1008528878,23.224485,23.529427,0.0,0.0009998203,-1.0,1.9597175,0.30392772,1.0709993,nan,6,3.921571,3.921571,3.921571,3.921571,3.921571,3.921571,0.0,0.0,0.0,0.0,0.0,0.0,0.0,0.0,0.0,0.0,0.0,0.0,0.0,0.0,0,0,0,0,0,0,0,0,0,0,0,1,0,0,1,0,0
1008738877,23.103268,23.506866,0.0,0.0006596573,-1.0,1.9597175,0.2945283,1.0720271,nan,6,3.9178112,3.9178112,3.9178112,3.9178112,3.9178112,3.9178112,0.0,0.0,0.0,0.0,0.0,0.0,0.0,0.0,0.0,0.0,0.0,0.0,0.0,0.0,0,0,0,0,0,0,0,0,0,0,0,1,0,0,1,0,1
1008938877,23.134256,23.49339,0.0,0.012992275,-1.0,1.9620988,0.28891212,1.0726421,nan,6,3.9155648,3.9155648,3.9155648,3.9155648,3.9155648,3.9155648,0.0,0.0,0.0,0.0,0.0,0.0,0.0,0.0,0.0,0.0,0.0,0.0,0.0,0.0,0,0,0,0,0,0,0,0,0,0,0,1,0,0,1,0,1
1009128878,23.479681,23.438229,0.0,0.01060944,-1.0,1.9623635,0.26592857,1.0751666,nan,6,3.9063714,3.9063714,3.9063714,3.9063714,3.9063714,3.9063714,0.0,0.0,0.0,0.0,0.0,0.0,0.0,0.0,0.0,0.0,0.0,0.0,0.0,0.0,0,0,0,0,0,0,0,0,0,0,0,1,0,0,1,0,1
1009328903,23.367575,23.39228,0.0,0.012756967,-1.0,1.9632946,0.24678357,1.0772784,nan,6,3.8987134,3.8987134,3.8987134,3.8987134,3.8987134,3.8987134,0.0,0.0,0.0,0.0,0.0,0.0,0.0,0.0,0.0,0.0,0.0,0.0,0.0,0.0,0,0,0,0,0,0,0,0,0,0,0,1,0,0,1,0,1
1009528918,23.476944,23.365791,0.0,0.012055995,-1.0,1.9638423,0.2357467,1.0784997,nan,6,3.8942986,3.8942986,3.8942986,3.8942986,3.8942986,3.8942986,0.0,0.0,0.0,0.0,0.0,0.0,0.0,0.0,0.0,0.0,0.0,0.0,0.0,0.0,0,0,0,0,0,0,0,0,0,0,0,1,0,0,1,0,1
1009728877,23.599073,23.359941,0.0,0.009511784,-1.0,1.9640967,0.2333091,1.0787698,nan,6,3.8933237,3.8933237,3.8933237,3.8933237,3.8933237,3.8933237,0.0,0.0,0.0,0.0,0.0,0.0,0.0,0.0,0.0,0.0,0.0,0.0,0.0,0.0,0,0,0,0,0,0,0,0,0,0,0,1,0,0,1,0,1
1009928876,23.268232,23.345192,0.0,0.006401158,-1.0,1.9640967,0.22716363,1.0794513,nan,6,3.8908653,3.8908653,3.8908653,3.8908653,3.8908653,3.8908653,0.0,0.0,0.0,0.0,0.0,0.0,0.0,0.0,0.0,0.0,0.0,0.0,0.0,0.0,0,0,0,0,0,0,0,0,0,0,0,1,0,0,1,0,1
1010138891,23.214458,23.34007,0.0,0.011731639,-1.0,1.9653429,0.2250293,1.0796883,nan,6,3.8900118,3.8900118,3.8900118,3.8900118,3.8900118,3.8900118,0.0,0.0,0.0,0.0,0.0,0.0,0.0,0.0,0.0,0.0,0.0,0.0,0.0,0.0,0,0,0,0,0,0,0,0,0,0,0,1,0,0,1,0,1
1010338899,23.55077,23.30833,0.0,0.007895057,-1.0,1.9653429,0.2118047,1.0811585,nan,6,3.8847218,3.8847218,3.8847218,3.8847218,3.8847218,3.8847218,0.0,0.0,0.0,0.0,0.0,0.0,0.0,0.0,0.0,0.0,0.0,0.0,0.0,0.0,0,0,0,0,0,0,0,0,0,0,0,1,0,0,1,0,1
1010529278,22.89,23.312176,0.0,0.0160178,-1.0,1.9669824,0.21340688,1.0809802,nan,6,3.8853626,3.8853626,3.8853626,3.8853626,3.8853626,3.8853626,0.0,0.0,0.0,0.0,0.0,0.0,0.0,0.0,0.0,0.0,0.0,0.0,0.0,0.0,0,0,0,0,0,0,0,0,0,0,0,1,0,0,1,0,1
1010729736,23.281904,23.319565,0.0,0.01111002,-1.0,1.9670413,0.21648534,1.0806377,nan,6,3.886594,3.886594,3.886594,3.886594,3.886594,3.886594,0.0,0.0,0.0,0.0,0.0,0.0,0.0,0.0,0.0,0.0,0.0,0.0,0.0,0.0,0,0,0,0,0,0,0,0,0,0,0,1,0,0,1,0,1
1010928878,23.517048,23.305141,0.0,0.0074767256,-1.0,1.9670413,0.21047623,1.0813063,nan,6,3.8841903,3.8841903,3.8841903,3.8841903,3.8841903,3.8841903,0.0,0.0,0.0,0.0,0.0,0.0,0.0,0.0,0.0,0.0,0.0,0.0,0.0,0.0,0,0,0,0,0,0,0,0,0,0,0,1,0,0,1,0,1
1011128882,23.179827,23.31577,0.0,0.013954046,-1.0,1.9688829,0.21490414,1.0808135,nan,6,3.8859615,3.8859615,3.8859615,3.8859615,3.8859615,3.8859615,0.0,0.0,0.0,0.0,0.0,0.0,0.0,0.0,0.0,0.0,0.0,0.0,0.0,0.0,0,0,0,0,0,0,0,0,0,0,0,1,0,0,1,0,1
1011328897,22.901848,23.349566,0.0,0.013892331,-1.0,1.9696915,0.2289861,1.0792491,nan,6,3.8915942,3.8915942,3.8915942,3.8915942,3.8915942,3.8915942,0.0,0.0,0.0,0.0,0.0,0.0,0.0,0.0,0.0,0.0,0.0,0.0,0.0,0.0,0,0,0,0,0,0,0,0,0,0,0,1,0,0,1,0,1
1011538878,23.821459,23.368067,0.0,0.009890588,-1.0,1.9697984,0.23669465,1.0783947,nan,6,3.8946779,3.8946779,3.8946779,3.8946779,3.8946779,3.8946779,0.0,0.0,0.0,0.0,0.0,0.0,0.0,0.0,0.0,0.0,0.0,0.0,0.0,0.0,0,0,0,0,0,0,0,0,0,0,0,1,0,0,1,0,1
1011728878,23.713,23.389406,0.1062125,0.008871803,-1.0,1.9700935,0.24558575,1.0774108,nan,6,3.8982344,3.8982344,3.8982344,3.8982344,3.8982344,3.8982344,0.0,0.0,0.0,0.0,0.0,0.0,0.0,0.0,0.0,0.0,0.0,0.0,0.0,0.0,0,0,0,0,0,0,0,0,0,0,0,1,0,0,1,0,1
1011928880,22.921898,23.40862,0.0,0.017091196,-1.0,1.9722184,0.25359184,1.0765265,nan,6,3.9014368,3.9014368,3.9014368,3.9014368,3.9014368,3.9014368,0.0,0.0,0.0,0.0,0.0,0.0,0.0,0.0,0.0,0.0,0.0,0.0,0.0,0.0,0,0,0,0,0,0,0,0,0,0,0,1,0,0,1,0,1
1012128877,22.880884,23.390068,0.0,0.023685269,-1.0,1.9745015,0.24586232,1.0773803,nan,6,3.8983448,3.8983448,3.8983448,3.8983448,3.8983448,3.8983448,0.0,0.0,0.0,0.0,0.0,0.0,0.0,0.0,0.0,0.0,0.0,0.0,0.0,0.0,0,0,0,0,0,0,0,0,0,0,0,1,0,0,1,0,1
1012328915,23.563528,23.395437,0.0,0.024324963,-1.0,1.9760333,0.24809869,1.0771332,nan,6,3.8992395,3.8992395,3.8992395,3.8992395,3.8992395,3.8992395,0.0,0.0,0.0,0.0,0.0,0.0,0.0,0.0,0.0,0.0,0.0,0.0,0.0,0.0,0,0,0,0,0,0,0,0,0,0,0,1,0,0,1,0,1
1012528878,23.052229,23.402317,0.0,0.016370002,-1.0,1.9760333,0.25096542,1.0768164,nan,6,3.900386,3.900386,3.900386,3.900386,3.900386,3.900386,0.0,0.0,0.0,0.0,0.0,0.0,0.0,0.0,0.0,0.0,0.0,0.0,0.0,0.0,0,0,0,0,0,0,0,0,0,0,0,1,0,0,1,0,1
1012728878,23.571732,23.438309,0.0,0.017145777,-1.0,1.9770521,0.26596195,1.0751629,nan,6,3.9063847,3.9063847,3.9063847,3.9063847,3.9063847,3.9063847,0.0,0.0,0.0,0.0,0.0,0.0,0.0,0.0,0.0,0.0,0.0,0.0,0.0,0.0,0,0,0,0,0,0,0,0,0,0,0,1,0,0,1,0,1
1012938876,23.736696,23.450695,0.0,0.011312368,-1.0,1.9770521,0.27112323,1.074595,nan,6,3.9084492,3.9084492,3.9084492,3.9084492,3.9084492,3.9084492,0.0,0.0,0.0,0.0,0.0,0.0,0.0,0.0,0.0,0.0,0.0,0.0,0.0,0.0,0,0,0,0,0,0,0,0,0,0,0,1,0,0,1,0,1
1013138876,23.695683,23.469366,0.0,0.0076128994,-1.0,1.9770521,0.27890235,1.0737401,nan,6,3.911561,3.911561,3.911561,3.911561,3.911561,3.911561,0.0,0.0,0.0,0.0,0.0,0.0,0.0,0.0,0.0,0.0,0.0,0.0,0.0,0.0,0,0,0,0,0,0,0,0,0,0,0,1,0,0,1,0,1
1013339603,23.832394,23.474724,0.0,0.005123263,-1.0,1.9770521,0.2811349,1.073495,nan,6,3.912454,3.912454,3.912454,3.912454,3.912454,3.912454,0.0,0.0,0.0,0.0,0.0,0.0,0.0,0.0,0.0,0.0,0.0,0.0,0.0,0.0,0,0,0,0,0,0,0,0,0,0,0,1,0,0,1,0,1
1013529926,23.541655,23.48185,0.0,0.02133935,-1.0,1.9798579,0.28410465,1.0731692,nan,6,3.9136417,3.9136417,3.9136417,3.9136417,3.9136417,3.9136417,0.0,0.0,0.0,0.0,0.0,0.0,0.0,0.0,0.0,0.0,0.0,0.0,0.0,0.0,0,0,0,0,0,0,0,0,0,0,0,1,0,0,1,0,1
1013728876,22.917341,23.449345,0.0,0.016553586,-1.0,1.9802597,0.27056056,1.0746568,nan,6,3.908224,3.908224,3.908224,3.908224,3.908224,3.908224,0.0,0.0,0.0,0.0,0.0,0.0,0.0,0.0,0.0,0.0,0.0,0.0,0.0,0.0,0,0,0,0,0,0,0,0,0,0,0,1,0,0,1,0,1
1013928904,23.558971,23.320398,0.0,0.029453235,-1.0,1.9840388,0.21683247,1.0805991,nan,6,3.886733,3.886733,3.886733,3.886733,3.886733,3.886733,0.0,0.0,0.0,0.0,0.0,0.0,0.0,0.0,0.0,0.0,0.0,0.0,0.0,0.0,0,0,0,0,0,0,0,0,0,0,0,1,0,0,1,0,1
1014129372,23.335676,23.280043,0.0,0.021088483,-1.0,1.9842141,0.20001824,1.0824722,nan,6,3.880007,3.880007,3.880007,3.880007,3.880007,3.880007,0.0,0.0,0.0,0.0,0.0,0.0,0.0,0.0,0.0,0.0,0.0,0.0,0.0,0.0,0,0,0,0,0,0,0,0,0,0,0,1,0,0,1,0,1
1014340101,22.996634,23.195139,0.0,0.0139136715,-1.0,1.9842141,0.16464074,1.0864346,nan,6,3.8658564,3.8658564,3.8658564,3.8658564,3.8658564,3.8658564,0.0,0.0,0.0,0.0,0.0,0.0,0.0,0.0,0.0,0.0,0.0,0.0,0.0,0.0,0,0,0,0,0,0,0,0,0,0,0,1,0,0,1,0,2
1014538878,22.839872,23.167732,0.0,0.011778906,-1.0,1.9846312,0.1532224,1.0877197,nan,6,3.8612888,3.8612888,3.8612888,3.8612888,3.8612888,3.8612888,0.0,0.0,0.0,0.0,0.0,0.0,0.0,0.0,0.0,0.0,0.0,0.0,0.0,0.0,0,0,0,0,0,0,0,0,0,0,0,1,0,0,1,0,2
1014738878,23.452337,23.157486,0.0,0.022437707,-1.0,1.9868041,0.1489528,1.0882009,nan,6,3.859581,3.859581,3.859581,3.859581,3.859581,3.859581,0.0,0.0,0.0,0.0,0.0,0.0,0.0,0.0,0.0,0.0,0.0,0.0,0.0,0.0,0,0,0,0,0,0,0,0,0,0,0,1,0,0,1,0,2
1014928877,23.290106,23.12927,0.0,0.015401933,-1.0,1.9868041,0.1371959,1.0895286,nan,6,3.8548784,3.8548784,3.8548784,3.8548784,3.8548784,3.8548784,0.0,0.0,0.0,0.0,0.0,0.0,0.0,0.0,0.0,0.0,0.0,0.0,0.0,0.0,0,0,0,0,0,0,0,0,0,0,0,1,0,0,1,0,2
1015128876,23.51887,23.141743,0.0,0.012674607,-1.0,1.9872165,0.14239343,1.0889412,nan,6,3.8569572,3.8569572,3.8569572,3.8569572,3.8569572,3.8569572,0.0,0.0,0.0,0.0,0.0,0.0,0.0,0.0,0.0,0.0,0.0,0.0,0.0,0.0,0,0,0,0,0,0,0,0,0,0,0,1,0,0,1,0,2
1015328878,23.559883,23.143793,0.0,0.024758102,-1.0,1.9897548,0.14324696,1.0888449,nan,6,3.8572989,3.8572989,3.8572989,3.8572989,3.8572989,3.8572989,0.0,0.0,0.0,0.0,0.0,0.0,0.0,0.0,0.0,0.0,0.0,0.0,0.0,0.0,0,0,0,0,0,0,0,0,0,0,0,1,0,0,1,0,2
1015528877,23.313803,23.13668,0.0,0.016661493,-1.0,1.9897548,0.1402839,1.0891795,nan,6,3.8561134,3.8561134,3.8561134,3.8561134,3.8561134,3.8561134,0.0,0.0,0.0,0.0,0.0,0.0,0.0,0.0,0.0,0.0,0.0,0.0,0.0,0.0,0,0,0,0,0,0,0,0,0,0,0,1,0,0,1,0,2
1015739103,22.934656,23.153927,0.0,0.011630537,-1.0,1.9898533,0.14746983,1.0883683,nan,6,3.8589878,3.8589878,3.8589878,3.8589878,3.8589878,3.8589878,0.0,0.0,0.0,0.0,0.0,0.0,0.0,0.0,0.0,0.0,0.0,0.0,0.0,0.0,0,0,0,0,0,0,0,0,0,0,0,1,0,0,1,0,2
1015938915,23.095976,23.125076,0.0,0.008137633,-1.0,1.9898957,0.13544877,1.0897261,nan,6,3.8541794,3.8541794,3.8541794,3.8541794,3.8541794,3.8541794,0.0,0.0,0.0,0.0,0.0,0.0,0.0,0.0,0.0,0.0,0.0,0.0,0.0,0.0,0,0,0,0,0,0,0,0,0,0,0,1,0,0,1,0,2
1016129343,23.94632,23.131973,0.0,0.0057212655,-1.0,1.9899173,0.13832219,1.0894012,nan,6,3.8553288,3.8553288,3.8553288,3.8553288,3.8553288,3.8553288,0.0,0.0,0.0,0.0,0.0,0.0,0.0,0.0,0.0,0.0,0.0,0.0,0.0,0.0,0,0,0,0,0,0,0,0,0,0,0,1,0,0,1,0,2
1016329975,22.851719,23.158464,0.0,0.00723253,-1.0,1.9903039,0.14936002,1.088155,nan,6,3.859744,3.859744,3.859744,3.859744,3.859744,3.859744,0.0,0.0,0.0,0.0,0.0,0.0,0.0,0.0,0.0,0.0,0.0,0.0,0.0,0.0,0,0,0,0,0,0,0,0,0,0,0,1,0,0,1,0,2
1016528878,23.462362,23.193327,0.0,0.0063739764,-1.0,1.9905328,0.16388638,1.0865194,nan,6,3.8655546,3.8655546,3.8655546,3.8655546,3.8655546,3.8655546,0.0,0.0,0.0,0.0,0.0,0.0,0.0,0.0,0.0,0.0,0.0,0.0,0.0,0.0,0,0,0,0,0,0,0,0,0,0,0,1,0,0,1,0,2
1016728878,23.076838,23.207302,0.0,0.0046402304,-1.0,1.9905887,0.16970952,1.085865,nan,6,3.8678837,3.8678837,3.8678837,3.8678837,3.8678837,3.8678837,0.0,0.0,0.0,0.0,0.0,0.0,0.0,0.0,0.0,0.0,0.0,0.0,0.0,0.0,0,0,0,0,0,0,0,0,0,0,0,1,0,0,1,0,2
1016928878,23.012127,23.23461,0.0,0.0031227425,-1.0,1.9905887,0.18108685,1.084589,nan,6,3.8724349,3.8724349,3.8724349,3.8724349,3.8724349,3.8724349,0.0,0.0,0.0,0.0,0.0,0.0,0.0,0.0,0.0,0.0,0.0,0.0,0.0,0.0,0,0,0,0,0,0,0,0,0,0,0,1,0,0,1,0,2
1017138877,22.986607,23.247023,0.0,0.0020603102,-1.0,1.9905887,0.18625958,1.0840098,nan,6,3.8745039,3.8745039,3.8745039,3.8745039,3.8745039,3.8745039,0.0,0.0,0.0,0.0,0.0,0.0,0.0,0.0,0.0,0.0,0.0,0.0,0.0,0.0,0,0,0,0,0,0,0,0,0,0,0,1,0,0,1,0,2
1017338877,23.424995,23.28792,0.0,0.0029392561,-1.0,1.9908843,0.20329984,1.0821061,nan,6,3.88132,3.88132,3.88132,3.88132,3.88132,3.88132,0.0,0.0,0.0,0.0,0.0,0.0,0.0,0.0,0.0,0.0,0.0,0.0,0.0,0.0,0,0,0,0,0,0,0,0,0,0,0,1,0,0,1,0,1
1017539498,23.756746,23.340492,0.0,0.012555457,-1.0,1.9927332,0.22520573,1.0796686,nan,6,3.8900821,3.8900821,3.8900821,3.8900821,3.8900821,3.8900821,0.0,0.0,0.0,0.0,0.0,0.0,0.0,0.0,0.0,0.0,0.0,0.0,0.0,0.0,0,0,0,0,0,0,0,0,0,0,0,1,0,0,1,0,1
1017729096,23.598164,23.376112,0.0,0.0127812615,-1.0,1.9933051,0.24004681,1.0780236,nan,6,3.8960187,3.8960187,3.8960187,3.8960187,3.8960187,3.8960187,0.0,0.0,0.0,0.0,0.0,0.0,0.0,0.0,0.0,0.0,0.0,0.0,0.0,0.0,0,0,0,0,0,0,0,0,0,0,0,1,0,0,1,0,1
1017939262,23.10418,23.412191,0.0,0.01134455,-1.0,1.9937713,0.25507957,1.0763623,nan,6,3.902032,3.902032,3.902032,3.902032,3.902032,3.902032,0.0,0.0,0.0,0.0,0.0,0.0,0.0,0.0,0.0,0.0,0.0,0.0,0.0,0.0,0,0,0,0,0,0,0,0,0,0,0,1,0,0,1,0,1
1018128876,23.159775,23.403688,0.0,0.00778725,-1.0,1.9937713,0.25153667,1.0767534,nan,6,3.9006147,3.9006147,3.9006147,3.9006147,3.9006147,3.9006147,0.0,0.0,0.0,0.0,0.0,0.0,0.0,0.0,0.0,0.0,0.0,0.0,0.0,0.0,0,0,0,0,0,0,0,0,0,0,0,1,0,0,1,0,1
1018332006,23.734875,23.40995,0.0,0.005505975,-1.0,1.9938142,0.25414592,1.0764654,nan,6,3.9016583,3.9016583,3.9016583,3.9016583,3.9016583,3.9016583,0.0,0.0,0.0,0.0,0.0,0.0,0.0,0.0,0.0,0.0,0.0,0.0,0.0,0.0,0,0,0,0,0,0,0,0,0,0,0,1,0,0,1,0,1
1018541993,23.64282,23.402689,0.0,0.008418002,-1.0,1.9949628,0.25112087,1.0767993,nan,6,3.900448,3.900448,3.900448,3.900448,3.900448,3.900448,0.0,0.0,0.0,0.0,0.0,0.0,0.0,0.0,0.0,0.0,0.0,0.0,0.0,0.0,0,0,0,0,0,0,0,0,0,0,0,1,0,0,1,0,1
1018739645,23.479681,23.400576,0.0,0.018874042,-1.0,1.9971795,0.25023967,1.0768965,nan,6,3.900096,3.900096,3.900096,3.900096,3.900096,3.900096,0.0,0.0,0.0,0.0,0.0,0.0,0.0,0.0,0.0,0.0,0.0,0.0,0.0,0.0,0,0,0,0,0,0,0,0,0,0,0,1,0,0,1,0,1
1018928877,23.088686,23.397547,0.0,0.012955723,-1.0,1.9971795,0.24897797,1.0770359,nan,6,3.8995912,3.8995912,3.8995912,3.8995912,3.8995912,3.8995912,0.0,0.0,0.0,0.0,0.0,0.0,0.0,0.0,0.0,0.0,0.0,0.0,0.0,0.0,0,0,0,0,0,0,0,0,0,0,0,1,0,0,1,0,1
1019128879,23.710266,23.40368,0.0,0.00871883,-1.0,1.9971795,0.2515338,1.0767536,nan,6,3.9006135,3.9006135,3.9006135,3.9006135,3.9006135,3.9006135,0.0,0.0,0.0,0.0,0.0,0.0,0.0,0.0,0.0,0.0,0.0,0.0,0.0,0.0,0,0,0,0,0,0,0,0,0,0,0,1,0,0,1,0,1
1019328877,23.81052,23.455408,0.0,0.005867523,-1.0,1.9971795,0.27308685,1.074379,nan,6,3.9092348,3.9092348,3.9092348,3.9092348,3.9092348,3.9092348,0.0,0.0,0.0,0.0,0.0,0.0,0.0,0.0,0.0,0.0,0.0,0.0,0.0,0.0,0,0,0,0,0,0,0,0,0,0,0,1,0,0,1,0,1
1019528879,23.869762,23.509111,0.0,0.0039486745,-1.0,1.9971795,0.2954629,1.0719248,nan,6,3.9181852,3.9181852,3.9181852,3.9181852,3.9181852,3.9181852,0.0,0.0,0.0,0.0,0.0,0.0,0.0,0.0,0.0,0.0,0.0,0.0,0.0,0.0,0,0,0,0,0,0,0,0,0,0,0,1,0,0,1,0,1
1019728877,23.754923,23.550608,0.0,0.0026573448,-1.0,1.9971795,0.31275302,1.070036,nan,6,3.9251013,3.9251013,3.9251013,3.9251013,3.9251013,3.9251013,0.0,0.0,0.0,0.0,0.0,0.0,0.0,0.0,0.0,0.0,0.0,0.0,0.0,0.0,0,0,0,0,0,0,0,0,0,0,0,1,0,0,1,0,0
1019939948,23.753103,23.590347,0.0,0.001753252,-1.0,1.9971795,0.32931167,1.0682335,nan,6,3.9317245,3.9317245,3.9317245,3.9317245,3.9317245,3.9317245,0.0,0.0,0.0,0.0,0.0,0.0,0.0,0.0,0.0,0.0,0.0,0.0,0.0,0.0,0,0,0,0,0,0,0,0,0,0,0,1,0,0,1,0,0
1020138878,23.702974,23.610477,0.0,0.0011798885,-1.0,1.9971795,0.33769923,1.0673227,nan,6,3.9350796,3.9350796,3.9350796,3.9350796,3.9350796,3.9350796,0.0,0.0,0.0,0.0,0.0,0.0,0.0,0.0,0.0,0.0,0.0,0.0,0.0,0.0,0,0,0,0,0,0,0,0,0,0,0,1,0,0,1,0,0
1020340512,23.650112,23.618643,0.0,0.00079403113,-1.0,1.9971795,0.341101,1.0669538,nan,6,3.9364405,3.9364405,3.9364405,3.9364405,3.9364405,3.9364405,0.0,0.0,0.0,0.0,0.0,0.0,0.0,0.0,0.0,0.0,0.0,0.0,0.0,0.0,0,0,0,0,0,0,0,0,0,0,0,1,0,0,1,0,0
1020539808,23.657404,23.633259,0.0,0.00053436024,-1.0,1.9971795,0.34719115,1.0662938,nan,6,3.9388764,3.9388764,3.9388764,3.9388764,3.9388764,3.9388764,0.0,0.0,0.0,0.0,0.0,0.0,0.0,0.0,0.0,0.0,0.0,0.0,0.0,0.0,0,0,0,0,0,0,0,0,0,0,0,1,0,0,1,0,0
1020728878,23.769506,23.640327,0.0,0.0003668013,-1.0,1.9971795,0.35013705,1.0659751,nan,6,3.9400547,3.9400547,3.9400547,3.9400547,3.9400547,3.9400547,0.0,0.0,0.0,0.0,0.0,0.0,0.0,0.0,0.0,0.0,0.0,0.0,0.0,0.0,0,0,0,0,0,0,0,0,0,0,0,1,0,0,1,0,0
1020928878,23.772242,23.628933,0.0,0.00024684676,-1.0,1.9971795,0.3453887,1.0664891,nan,6,3.9381554,3.9381554,3.9381554,3.9381554,3.9381554,3.9381554,0.0,0.0,0.0,0.0,0.0,0.0,0.0,0.0,0.0,0.0,0.0,0.0,0.0,0.0,0,0,0,0,0,0,0,0,0,0,0,1,0,0,1,0,0
1021129639,23.729404,23.619097,0.0,0.00016612081,-1.0,1.9971795,0.34129077,1.0669332,nan,6,3.936516,3.936516,3.936516,3.936516,3.936516,3.936516,0.0,0.0,0.0,0.0,0.0,0.0,0.0,0.0,0.0,0.0,0.0,0.0,0.0,0.0,0,0,0,0,0,0,0,0,0,0,0,1,0,0,1,0,0
1021339282,23.407679,23.604694,0.0,0.00010960248,-1.0,1.9971795,0.3352893,1.0675843,nan,6,3.9341156,3.9341156,3.9341156,3.9341156,3.9341156,3.9341156,0.0,0.0,0.0,0.0,0.0,0.0,0.0,0.0,0.0,0.0,0.0,0.0,0.0,0.0,0,0,0,0,0,0,0,0,0,0,0,1,0,0,1,0,0
1021538878,23.605453,23.574295,0.0,7.375932e-05,-1.0,1.9971795,0.32262355,1.0689608,nan,6,3.9290493,3.9290493,3.9290493,3.9290493,3.9290493,3.9290493,0.0,0.0,0.0,0.0,0.0,0.0,0.0,0.0,0.0,0.0,0.0,0.0,0.0,0.0,0,0,0,0,0,0,0,0,0,0,0,1,0,0,1,0,0
1021728879,23.647377,23.554558,0.0,0.007995551,-1.0,1.9984776,0.31439906,1.0698566,nan,6,3.9257596,3.9257596,3.9257596,3.9257596,3.9257596,3.9257596,0.0,0.0,0.0,0.0,0.0,0.0,0.0,0.0,0.0,0.0,0.0,0.0,0.0,0.0,0,0,0,0,0,0,0,0,0,0,0,1,0,0,1,0,0
1021928878,23.809608,23.531536,0.0,0.005380777,-1.0,1.9984776,0.304807,1.0709033,nan,6,3.9219227,3.9219227,3.9219227,3.9219227,3.9219227,3.9219227,0.0,0.0,0.0,0.0,0.0,0.0,0.0,0.0,0.0,0.0,0.0,0.0,0.0,0.0,0,0,0,0,0,0,0,0,0,0,0,1,0,0,1,0,0
1022128878,22.941036,23.509073,0.0,0.016822826,-1.0,2.0009093,0.29544765,1.0719265,nan,6,3.9181788,3.9181788,3.9181788,3.9181788,3.9181788,3.9181788,0.0,0.0,0.0,0.0,0.0,0.0,0.0,0.0,0.0,0.0,0.0,0.0,0.0,0.0,0,0,0,0,0,0,0,0,0,0,0,1,0,0,1,0,1
1022328882,23.406767,23.471886,0.0,0.011852686,-1.0,2.0009959,0.27995235,1.0736248,nan,6,3.9119809,3.9119809,3.9119809,3.9119809,3.9119809,3.9119809,0.0,0.0,0.0,0.0,0.0,0.0,0.0,0.0,0.0,0.0,0.0,0.0,0.0,0.0,0,0,0,0,0,0,0,0,0,0,0,1,0,0,1,0,1
1022528880,23.373955,23.481058,0.0,0.007976517,-1.0,2.0009959,0.28377467,1.0732054,nan,6,3.9135096,3.9135096,3.9135096,3.9135096,3.9135096,3.9135096,0.0,0.0,0.0,0.0,0.0,0.0,0.0,0.0,0.0,0.0,0.0,0.0,0.0,0.0,0,0,0,0,0,0,0,0,0,0,0,1,0,0,1,0,1
1022728971,23.13608,23.46617,0.0,0.005367968,-1.0,2.0009959,0.27757102,1.0738863,nan,6,3.9110281,3.9110281,3.9110281,3.9110281,3.9110281,3.9110281,0.0,0.0,0.0,0.0,0.0,0.0,0.0,0.0,0.0,0.0,0.0,0.0,0.0,0.0,0,0,0,0,0,0,0,0,0,0,0,1,0,0,1,0,1
1022928878,23.726671,23.480026,0.0,0.0036124885,-1.0,2.0009959,0.28334457,1.0732526,nan,6,3.9133377,3.9133377,3.9133377,3.9133377,3.9133377,3.9133377,0.0,0.0,0.0,0.0,0.0,0.0,0.0,0.0,0.0,0.0,0.0,0.0,0.0,0.0,0,0,0,0,0,0,0,0,0,0,0,1,0,0,1,0,1
1023128878,23.747633,23.48393,0.0,0.002431101,-1.0,2.0009959,0.28497154,1.0730741,nan,6,3.9139884,3.9139884,3.9139884,3.9139884,3.9139884,3.9139884,0.0,0.0,0.0,0.0,0.0,0.0,0.0,0.0,0.0,0.0,0.0,0.0,0.0,0.0,0,0,0,0,0,0,0,0,0,0,0,1,0,0,1,0,1
1023328877,23.377602,23.49183,0.0,0.005245115,-1.0,2.001708,0.28826267,1.0727134,nan,6,3.9153051,3.9153051,3.9153051,3.9153051,3.9153051,3.9153051,0.0,0.0,0.0,0.0,0.0,0.0,0.0,0.0,0.0,0.0,0.0,0.0,0.0,0.0,0,0,0,0,0,0,0,0,0,0,0,1,0,0,1,0,1
1023529230,23.5772,23.500774,0.0,0.0035298117,-1.0,2.001708,0.29198962,1.0723051,nan,6,3.9167957,3.9167957,3.9167957,3.9167957,3.9167957,3.9167957,0.0,0.0,0.0,0.0,0.0,0.0,0.0,0.0,0.0,0.0,0.0,0.0,0.0,0.0,0,0,0,0,0,0,0,0,0,0,0,1,0,0,1,0,1
1023729373,23.38307,23.510073,0.0,0.0023754623,-1.0,2.001708,0.29586345,1.071881,nan,6,3.9183455,3.9183455,3.9183455,3.9183455,3.9183455,3.9183455,0.0,0.0,0.0,0.0,0.0,0.0,0.0,0.0,0.0,0.0,0.0,0.0,0.0,0.0,0,0,0,0,0,0,0,0,0,0,0,1,0,0,1,0,1
1023929823,23.490616,23.528725,0.0,0.0015986183,-1.0,2.001708,0.3036359,1.0710312,nan,6,3.9214542,3.9214542,3.9214542,3.9214542,3.9214542,3.9214542,0.0,0.0,0.0,0.0,0.0,0.0,0.0,0.0,0.0,0.0,0.0,0.0,0.0,0.0,0,0,0,0,0,0,0,0,0,0,0,1,0,0,1,0,0
1024138878,23.543478,23.542953,0.0,0.0010547299,-1.0,2.001708,0.30956393,1.0703839,nan,6,3.9238255,3.9238255,3.9238255,3.9238255,3.9238255,3.9238255,0.0,0.0,0.0,0.0,0.0,0.0,0.0,0.0,0.0,0.0,0.0,0.0,0.0,0.0,0,0,0,0,0,0,0,0,0,0,0,1,0,0,1,0,0
1024339067,23.633707,23.557224,0.0,0.0007098031,-1.0,2.001708,0.3155101,1.0697355,nan,6,3.926204,3.926204,3.926204,3.926204,3.926204,3.926204,0.0,0.0,0.0,0.0,0.0,0.0,0.0,0.0,0.0,0.0,0.0,0.0,0.0,0.0,0,0,0,0,0,0,0,0,0,0,0,1,0,0,1,0,0
1024728877,23.61001,23.581694,0.0,0.00032789234,-1.0,2.001708,0.32570583,1.0686255,nan,6,3.9302824,3.9302824,3.9302824,3.9302824,3.9302824,3.9302824,0.0,0.0,0.0,0.0,0.0,0.0,0.0,0.0,0.0,0.0,0.0,0.0,0.0,0.0,0,0,0,0,0,0,0,0,0,0,0,1,0,0,1,0,0
1025128878,23.84971,23.610474,0.0,0.002471885,-1.0,2.0020437,0.33769733,1.0673229,nan,6,3.9350789,3.9350789,3.9350789,3.9350789,3.9350789,3.9350789,0.0,0.0,0.0,0.0,0.0,0.0,0.0,0.0,0.0,0.0,0.0,0.0,0.0,0.0,0,0,0,0,0,0,0,0,0,0,0,1,0,0,1,0,0
1025328964,23.405855,23.598642,0.0,0.0016635079,-1.0,2.0020437,0.33276778,1.067858,nan,6,3.9331071,3.9331071,3.9331071,3.9331071,3.9331071,3.9331071,0.0,0.0,0.0,0.0,0.0,0.0,0.0,0.0,0.0,0.0,0.0,0.0,0.0,0.0,0,0,0,0,0,0,0,0,0,0,0,1,0,0,1,0,0
1025538901,23.832394,23.589693,0.0,0.0010975426,-1.0,2.0020437,0.32903892,1.068263,nan,6,3.9316156,3.9316156,3.9316156,3.9316156,3.9316156,3.9316156,0.0,0.0,0.0,0.0,0.0,0.0,0.0,0.0,0.0,0.0,0.0,0.0,0.0,0.0,0,0,0,0,0,0,0,0,0,0,0,1,0,0,1,0,0
1025740129,23.675632,23.5862,0.0,0.0007386149,-1.0,2.0020437,0.3275836,1.0684214,nan,6,3.9310334,3.9310334,3.9310334,3.9310334,3.9310334,3.9310334,0.0,0.0,0.0,0.0,0.0,0.0,0.0,0.0,0.0,0.0,0.0,0.0,0.0,0.0,0,0,0,0,0,0,0,0,0,0,0,1,0,0,1,0,0
1025930827,23.507023,23.59896,0.0,0.0046442403,-1.0,2.0028384,0.33290035,1.0678436,nan,6,3.93316,3.93316,3.93316,3.93316,3.93316,3.93316,0.0,0.0,0.0,0.0,0.0,0.0,0.0,0.0,0.0,0.0,0.0,0.0,0.0,0.0,0,0,0,0,0,0,0,0,0,0,0,1,0,0,1,0,0
1026129035,23.698418,23.616932,0.0,0.003125441,-1.0,2.0028384,0.3403886,1.067031,nan,6,3.9361553,3.9361553,3.9361553,3.9361553,3.9361553,3.9361553,0.0,0.0,0.0,0.0,0.0,0.0,0.0,0.0,0.0,0.0,0.0,0.0,0.0,0.0,0,0,0,0,0,0,0,0,0,0,0,1,0,0,1,0,0
1026328878,23.821459,23.63455,0.0,0.0021033324,-1.0,2.0028384,0.34772903,1.0662357,nan,6,3.9390917,3.9390917,3.9390917,3.9390917,3.9390917,3.9390917,0.0,0.0,0.0,0.0,0.0,0.0,0.0,0.0,0.0,0.0,0.0,0.0,0.0,0.0,0,0,0,0,0,0,0,0,0,0,0,1,0,0,1,0,0
1026530052,23.75219,23.648296,0.0,0.0014154825,-1.0,2.0028384,0.3534568,1.0656159,nan,6,3.9413826,3.9413826,3.9413826,3.9413826,3.9413826,3.9413826,0.0,0.0,0.0,0.0,0.0,0.0,0.0,0.0,0.0,0.0,0.0,0.0,0.0,0.0,0,0,0,0,0,0,0,0,0,0,0,1,0,0,1,0,0
1026728880,23.832394,23.662228,0.0,0.0009525791,-1.0,2.0028384,0.3592618,1.0649885,nan,6,3.9437046,3.9437046,3.9437046,3.9437046,3.9437046,3.9437046,0.0,0.0,0.0,0.0,0.0,0.0,0.0,0.0,0.0,0.0,0.0,0.0,0.0,0.0,0,0,0,0,0,0,0,0,0,0,0,1,0,0,1,0,0
1026938877,23.781355,23.67287,0.0,0.00062848866,-1.0,2.0028384,0.3636964,1.0645096,nan,6,3.9454784,3.9454784,3.9454784,3.9454784,3.9454784,3.9454784,0.0,0.0,0.0,0.0,0.0,0.0,0.0,0.0,0.0,0.0,0.0,0.0,0.0,0.0,0,0,0,0,0,0,0,0,0,0,0,1,0,0,1,0,0
1027138877,23.536186,23.676708,0.0,0.00042295473,-1.0,2.0028384,0.3652957,1.064337,nan,6,3.946118,3.946118,3.946118,3.946118,3.946118,3.946118,0.0,0.0,0.0,0.0,0.0,0.0,0.0,0.0,0.0,0.0,0.0,0.0,0.0,0.0,0,0,0,0,0,0,0,0,0,0,0,1,0,0,1,0,0
1027328879,23.394007,23.669516,0.0,0.0013210906,-1.0,2.0030475,0.3622983,1.0646605,nan,6,3.9449193,3.9449193,3.9449193,3.9449193,3.9449193,3.9449193,0.0,0.0,0.0,0.0,0.0,0.0,0.0,0.0,0.0,0.0,0.0,0.0,0.0,0.0,0,0,0,0,0,0,0,0,0,0,0,1,0,0,1,0,0
1027528893,23.493351,23.649143,0.0,0.00088905613,-1.0,2.0030475,0.35380965,1.0655777,nan,6,3.9415238,3.9415238,3.9415238,3.9415238,3.9415238,3.9415238,0.0,0.0,0.0,0.0,0.0,0.0,0.0,0.0,0.0,0.0,0.0,0.0,0.0,0.0,0,0,0,0,0,0,0,0,0,0,0,1,0,0,1,0,0
1027728879,23.59087,23.649775,0.0,0.0005983093,-1.0,2.0030475,0.35407287,1.0655493,nan,6,3.9416292,3.9416292,3.9416292,3.9416292,3.9416292,3.9416292,0.0,0.0,0.0,0.0,0.0,0.0,0.0,0.0,0.0,0.0,0.0,0.0,0.0,0.0,0,0,0,0,0,0,0,0,0,0,0,1,0,0,1,0,0
1027928914,23.942675,23.667458,0.0,0.000402645,-1.0,2.0030475,0.36144096,1.064753,nan,6,3.9445763,3.9445763,3.9445763,3.9445763,3.9445763,3.9445763,0.0,0.0,0.0,0.0,0.0,0.0,0.0,0.0,0.0,0.0,0.0,0.0,0.0,0.0,0,0,0,0,0,0,0,0,0,0,0,1,0,0,1,0,0
1028128877,23.568998,23.679642,0.0,0.0002709685,-1.0,2.0030475,0.36651736,1.0642053,nan,6,3.9466069,3.9466069,3.9466069,3.9466069,3.9466069,3.9466069,0.0,0.0,0.0,0.0,0.0,0.0,0.0,0.0,0.0,0.0,0.0,0.0,0.0,0.0,0,0,0,0,0,0,0,0,0,0,0,1,0,0,1,0,0
1028338877,23.787735,23.687004,0.0,0.00017877847,-1.0,2.0030475,0.36958534,1.0638745,nan,6,3.947834,3.947834,3.947834,3.947834,3.947834,3.947834,0.0,0.0,0.0,0.0,0.0,0.0,0.0,0.0,0.0,0.0,0.0,0.0,0.0,0.0,0,0,0,0,0,0,0,0,0,0,0,1,0,0,1,0,0
1028540705,23.770418,23.696611,0.0,0.00012031281,-1.0,2.0030475,0.3735879,1.0634432,nan,6,3.9494352,3.9494352,3.9494352,3.9494352,3.9494352,3.9494352,0.0,0.0,0.0,0.0,0.0,0.0,0.0,0.0,0.0,0.0,0.0,0.0,0.0,0.0,0,0,0,0,0,0,0,0,0,0,0,1,0,0,1,0,0
1028738920,23.579935,23.690145,0.0,8.0967075e-05,-1.0,2.0030475,0.37089378,1.0637335,nan,6,3.9483576,3.9483576,3.9483576,3.9483576,3.9483576,3.9483576,0.0,0.0,0.0,0.0,0.0,0.0,0.0,0.0,0.0,0.0,0.0,0.0,0.0,0.0,0,0,0,0,0,0,0,0,0,0,0,1,0,0,1,0,0
1028938878,23.924446,23.69516,0.0,5.4488515e-05,-1.0,2.0030475,0.37298328,1.0635083,nan,6,3.9491932,3.9491932,3.9491932,3.9491932,3.9491932,3.9491932,0.0,0.0,0.0,0.0,0.0,0.0,0.0,0.0,0.0,0.0,0.0,0.0,0.0,0.0,0,0,0,0,0,0,0,0,0,0,0,1,0,0,1,0,0
1029129141,23.737608,23.67667,0.0,3.74026e-05,-1.0,2.0030475,0.3652795,1.0643388,nan,6,3.9461117,3.9461117,3.9461117,3.9461117,3.9461117,3.9461117,0.0,0.0,0.0,0.0,0.0,0.0,0.0,0.0,0.0,0.0,0.0,0.0,0.0,0.0,0,0,0,0,0,0,0,0,0,0,0,1,0,0,1,0,0
1029328878,23.336588,23.654682,0.0,2.517088e-05,-1.0,2.0030475,0.35611755,1.0653281,nan,6,3.942447,3.942447,3.942447,3.942447,3.942447,3.942447,0.0,0.0,0.0,0.0,0.0,0.0,0.0,0.0,0.0,0.0,0.0,0.0,0.0,0.0,0,0,0,0,0,0,0,0,0,0,0,1,0,0,1,0,0
1029528877,23.374868,23.639912,0.0,1.6939286e-05,-1.0,2.0030475,0.3499635,1.0659938,nan,6,3.9399853,3.9399853,3.9399853,3.9399853,3.9399853,3.9399853,0.0,0.0,0.0,0.0,0.0,0.0,0.0,0.0,0.0,0.0,0.0,0.0,0.0,0.0,0,0,0,0,0,0,0,0,0,0,0,1,0,0,1,0,0
1029738893,23.902573,23.636124,0.0,1.117613e-05,-1.0,2.0030475,0.34838516,1.0661646,nan,6,3.939354,3.939354,3.939354,3.939354,3.939354,3.939354,0.0,0.0,0.0,0.0,0.0,0.0,0.0,0.0,0.0,0.0,0.0,0.0,0.0,0.0,0,0,0,0,0,0,0,0,0,0,0,1,0,0,1,0,0
1029939288,23.576288,23.641615,0.0,7.5212147e-06,-1.0,2.0030475,0.35067302,1.065917,nan,6,3.9402692,3.9402692,3.9402692,3.9402692,3.9402692,3.9402692,0.0,0.0,0.0,0.0,0.0,0.0,0.0,0.0,0.0,0.0,0.0,0.0,0.0,0.0,0,0,0,0,0,0,0,0,0,0,0,1,0,0,1,0,0
1030129711,23.462362,23.650444,0.0,5.162793e-06,-1.0,2.0030475,0.3543523,1.0655191,nan,6,3.9417408,3.9417408,3.9417408,3.9417408,3.9417408,3.9417408,0.0,0.0,0.0,0.0,0.0,0.0,0.0,0.0,0.0,0.0,0.0,0.0,0.0,0.0,0,0,0,0,0,0,0,0,0,0,0,1,0,0,1,0,0
1030329058,23.898928,23.65395,0.0,3.4744119e-06,-1.0,2.0030475,0.35581237,1.0653611,nan,6,3.9423249,3.9423249,3.9423249,3.9423249,3.9423249,3.9423249,0.0,0.0,0.0,0.0,0.0,0.0,0.0,0.0,0.0,0.0,0.0,0.0,0.0,0.0,0,0,0,0,0,0,0,0,0,0,0,1,0,0,1,0,0
1030530637,23.723936,23.670498,0.0,2.33818e-06,-1.0,2.0030475,0.36270744,1.0646163,nan,6,3.945083,3.945083,3.945083,3.945083,3.945083,3.945083,0.0,0.0,0.0,0.0,0.0,0.0,0.0,0.0,0.0,0.0,0.0,0.0,0.0,0.0,0,0,0,0,0,0,0,0,0,0,0,1,0,0,1,0,0
1030728879,23.579021,23.684864,0.0,1.5735282e-06,-1.0,2.0030475,0.36869365,1.0639706,nan,6,3.9474773,3.9474773,3.9474773,3.9474773,3.9474773,3.9474773,0.0,0.0,0.0,0.0,0.0,0.0,0.0,0.0,0.0,0.0,0.0,0.0,0.0,0.0,0,0,0,0,0,0,0,0,0,0,0,1,0,0,1,0,0
1030928892,23.737608,23.68801,0.0,1.0589395e-06,-1.0,2.0030475,0.370004,1.0638294,nan,6,3.9480016,3.9480016,3.9480016,3.9480016,3.9480016,3.9480016,0.0,0.0,0.0,0.0,0.0,0.0,0.0,0.0,0.0,0.0,0.0,0.0,0.0,0.0,0,0,0,0,0,0,0,0,0,0,0,1,0,0,1,0,0
1031138877,23.559883,23.69458,0.0,6.9866275e-07,-1.0,2.0030475,0.372742,1.0635343,nan,6,3.9490967,3.9490967,3.9490967,3.9490967,3.9490967,3.9490967,0.0,0.0,0.0,0.0,0.0,0.0,0.0,0.0,0.0,0.0,0.0,0.0,0.0,0.0,0,0,0,0,0,0,0,0,0,0,0,1,0,0,1,0,0
1031338878,23.665606,23.70128,0.0,4.7018005e-07,-1.0,2.0030475,0.3755334,1.0632337,nan,6,3.9502134,3.9502134,3.9502134,3.9502134,3.9502134,3.9502134,0.0,0.0,0.0,0.0,0.0,0.0,0.0,0.0,0.0,0.0,0.0,0.0,0.0,0.0,0,0,0,0,0,0,0,0,0,0,0,1,0,0,1,0,0
1031539436,23.415882,23.702518,0.0,3.1641773e-07,-1.0,2.0030475,0.37604934,1.0631782,nan,6,3.9504197,3.9504197,3.9504197,3.9504197,3.9504197,3.9504197,0.0,0.0,0.0,0.0,0.0,0.0,0.0,0.0,0.0,0.0,0.0,0.0,0.0,0.0,0,0,0,0,0,0,0,0,0,0,0,1,0,0,1,0,0
1031729086,23.866116,23.700111,0.0,0.000366404,-1.0,2.0031152,0.37504703,1.0632861,nan,6,3.9500186,3.9500186,3.9500186,3.9500186,3.9500186,3.9500186,0.0,0.0,0.0,0.0,0.0,0.0,0.0,0.0,0.0,0.0,0.0,0.0,0.0,0.0,0,0,0,0,0,0,0,0,0,0,0,1,0,0,1,0,0
1031929947,23.62915,23.70175,0.0,0.0002465794,-1.0,2.0031152,0.3757289,1.0632126,nan,6,3.9502916,3.9502916,3.9502916,3.9502916,3.9502916,3.9502916,0.0,0.0,0.0,0.0,0.0,0.0,0.0,0.0,0.0,0.0,0.0,0.0,0.0,0.0,0,0,0,0,0,0,0,0,0,0,0,1,0,0,1,0,0
1032128900,23.713,23.704067,0.0,0.00016594089,-1.0,2.0031152,0.37669498,1.0631087,nan,6,3.9506779,3.9506779,3.9506779,3.9506779,3.9506779,3.9506779,0.0,0.0,0.0,0.0,0.0,0.0,0.0,0.0,0.0,0.0,0.0,0.0,0.0,0.0,0,0,0,0,0,0,0,0,0,0,0,1,0,0,1,0,0
1032328877,23.839685,23.704859,0.0,0.000111673464,-1.0,2.0031152,0.37702495,1.0630732,nan,6,3.9508097,3.9508097,3.9508097,3.9508097,3.9508097,3.9508097,0.0,0.0,0.0,0.0,0.0,0.0,0.0,0.0,0.0,0.0,0.0,0.0,0.0,0.0,0,0,0,0,0,0,0,0,0,0,0,1,0,0,1,0,0
1032538876,23.667429,23.713356,0.0,7.3679446e-05,-1.0,2.0031152,0.380565,1.0626923,nan,6,3.952226,3.952226,3.952226,3.952226,3.952226,3.952226,0.0,0.0,0.0,0.0,0.0,0.0,0.0,0.0,0.0,0.0,0.0,0.0,0.0,0.0,0,0,0,0,0,0,0,0,0,0,0,1,0,0,1,0,0
1032738876,23.778622,23.723726,0.0,4.958416e-05,-1.0,2.0031152,0.3848861,1.0622277,nan,6,3.9539545,3.9539545,3.9539545,3.9539545,3.9539545,3.9539545,0.0,0.0,0.0,0.0,0.0,0.0,0.0,0.0,0.0,0.0,0.0,0.0,0.0,0.0,0,0,0,0,0,0,0,0,0,0,0,1,0,0,1,0,0
1032928891,23.831482,23.728678,0.0,3.4036093e-05,-1.0,2.0031152,0.38694888,1.0620061,nan,6,3.9547796,3.9547796,3.9547796,3.9547796,3.9547796,3.9547796,0.0,0.0,0.0,0.0,0.0,0.0,0.0,0.0,0.0,0.0,0.0,0.0,0.0,0.0,0,0,0,0,0,0,0,0,0,0,0,1,0,0,1,0,0
1033128879,23.546213,23.731625,0.0,2.2905317e-05,-1.0,2.0031152,0.38817722,1.0618742,nan,6,3.9552708,3.9552708,3.9552708,3.9552708,3.9552708,3.9552708,0.0,0.0,0.0,0.0,0.0,0.0,0.0,0.0,0.0,0.0,0.0,0.0,0.0,0.0,0,0,0,0,0,0,0,0,0,0,0,1,0,0,1,0,0
1033328877,23.527071,23.696753,0.0,1.541462e-05,-1.0,2.0031152,0.37364703,1.0634369,nan,6,3.9494588,3.9494588,3.9494588,3.9494588,3.9494588,3.9494588,0.0,0.0,0.0,0.0,0.0,0.0,0.0,0.0,0.0,0.0,0.0,0.0,0.0,0.0,0,0,0,0,0,0,0,0,0,0,0,1,0,0,1,0,0
1033528914,23.964548,23.672064,0.0,1.03735965e-05,-1.0,2.0031152,0.36335975,1.064546,nan,6,3.945344,3.945344,3.945344,3.945344,3.945344,3.945344,0.0,0.0,0.0,0.0,0.0,0.0,0.0,0.0,0.0,0.0,0.0,0.0,0.0,0.0,0,0,0,0,0,0,0,0,0,0,0,1,0,0,1,0,0
1033738878,23.593607,23.662031,0.0,6.844249e-06,-1.0,2.0031152,0.3591798,1.0649973,nan,6,3.943672,3.943672,3.943672,3.943672,3.943672,3.943672,0.0,0.0,0.0,0.0,0.0,0.0,0.0,0.0,0.0,0.0,0.0,0.0,0.0,0.0,0,0,0,0,0,0,0,0,0,0,0,1,0,0,1,0,0
1033939628,23.55715,23.633379,0.0,0.0048177,-1.0,2.0038593,0.3472417,1.0662884,nan,6,3.9388964,3.9388964,3.9388964,3.9388964,3.9388964,3.9388964,0.0,0.0,0.0,0.0,0.0,0.0,0.0,0.0,0.0,0.0,0.0,0.0,0.0,0.0,0,0,0,0,0,0,0,0,0,0,0,1,0,0,1,0,0
1034139177,23.509756,23.628437,0.0,0.003242174,-1.0,2.0038593,0.34518272,1.0665114,nan,6,3.938073,3.938073,3.938073,3.938073,3.938073,3.938073,0.0,0.0,0.0,0.0,0.0,0.0,0.0,0.0,0.0,0.0,0.0,0.0,0.0,0.0,0,0,0,0,0,0,0,0,0,0,0,1,0,0,1,0,0
1034339511,23.578112,23.613688,0.0,0.0021818895,-1.0,2.0038593,0.3390363,1.0671777,nan,6,3.9356146,3.9356146,3.9356146,3.9356146,3.9356146,3.9356146,0.0,0.0,0.0,0.0,0.0,0.0,0.0,0.0,0.0,0.0,0.0,0.0,0.0,0.0,0,0,0,0,0,0,0,0,0,0,0,1,0,0,1,0,0
1034529665,23.471478,23.611647,0.0,0.0076503344,-1.0,2.0046716,0.33818656,1.0672698,nan,6,3.9352744,3.9352744,3.9352744,3.9352744,3.9352744,3.9352744,0.0,0.0,0.0,0.0,0.0,0.0,0.0,0.0,0.0,0.0,0.0,0.0,0.0,0.0,0,0,0,0,0,0,0,0,0,0,0,1,0,0,1,0,0
1034728897,23.772242,23.60519,0.0,0.007217581,-1.0,2.0050943,0.33549625,1.0675617,nan,6,3.9341984,3.9341984,3.9341984,3.9341984,3.9341984,3.9341984,0.0,0.0,0.0,0.0,0.0,0.0,0.0,0.0,0.0,0.0,0.0,0.0,0.0,0.0,0,0,0,0,0,0,0,0,0,0,0,1,0,0,1,0,0
1034928877,23.352083,23.587275,0.0,0.004857226,-1.0,2.0050943,0.32803088,1.0683727,nan,6,3.9312124,3.9312124,3.9312124,3.9312124,3.9312124,3.9312124,0.0,0.0,0.0,0.0,0.0,0.0,0.0,0.0,0.0,0.0,0.0,0.0,0.0,0.0,0,0,0,0,0,0,0,0,0,0,0,1,0,0,1,0,0
1035128878,23.838774,23.575294,0.1648125,0.009031193,-1.0,2.006025,0.32303935,1.0689156,nan,6,3.9292157,3.9292157,3.9292157,3.9292157,3.9292157,3.9292157,0.0,0.0,0.0,0.0,0.0,0.0,0.0,0.0,0.0,0.0,0.0,0.0,0.0,0.0,0,0,0,0,0,0,0,0,0,0,0,1,0,0,1,0,0
1035338877,23.846064,23.576658,0.0,0.012400677,-1.0,2.006956,0.32360774,1.0688537,nan,6,3.9294431,3.9294431,3.9294431,3.9294431,3.9294431,3.9294431,0.0,0.0,0.0,0.0,0.0,0.0,0.0,0.0,0.0,0.0,0.0,0.0,0.0,0.0,0,0,0,0,0,0,0,0,0,0,0,1,0,0,1,0,0
1035538878,23.990978,23.593657,0.0,0.009858257,-1.0,2.0072563,0.33069068,1.0680836,nan,6,3.932276,3.932276,3.932276,3.932276,3.932276,3.932276,0.0,0.0,0.0,0.0,0.0,0.0,0.0,0.0,0.0,0.0,0.0,0.0,0.0,0.0,0,0,0,0,0,0,0,0,0,0,0,1,0,0,1,0,0
1035728881,23.754923,23.603529,0.0,0.006767012,-1.0,2.0072563,0.33480388,1.067637,nan,6,3.9339216,3.9339216,3.9339216,3.9339216,3.9339216,3.9339216,0.0,0.0,0.0,0.0,0.0,0.0,0.0,0.0,0.0,0.0,0.0,0.0,0.0,0.0,0,0,0,0,0,0,0,0,0,0,0,1,0,0,1,0,0
1035929118,23.530718,23.599796,0.0,0.004554006,-1.0,2.0072563,0.33324844,1.0678058,nan,6,3.9332993,3.9332993,3.9332993,3.9332993,3.9332993,3.9332993,0.0,0.0,0.0,0.0,0.0,0.0,0.0,0.0,0.0,0.0,0.0,0.0,0.0,0.0,0,0,0,0,0,0,0,0,0,0,0,1,0,0,1,0,0
1036129487,23.515224,23.59156,0.0,0.003064715,-1.0,2.0072563,0.32981712,1.0681785,nan,6,3.9319267,3.9319267,3.9319267,3.9319267,3.9319267,3.9319267,0.0,0.0,0.0,0.0,0.0,0.0,0.0,0.0,0.0,0.0,0.0,0.0,0.0,0.0,0,0,0,0,0,0,0,0,0,0,0,1,0,0,1,0,0
1036328879,23.620035,23.60066,0.0,0.0072317286,-1.0,2.0081668,0.33360893,1.0677667,nan,6,3.9334433,3.9334433,3.9334433,3.9334433,3.9334433,3.9334433,0.0,0.0,0.0,0.0,0.0,0.0,0.0,0.0,0.0,0.0,0.0,0.0,0.0,0.0,0,0,0,0,0,0,0,0,0,0,0,1,0,0,1,0,0
1036530260,23.173447,23.59697,0.0,0.0048667467,-1.0,2.0081668,0.33207065,1.0679337,nan,6,3.9328282,3.9328282,3.9328282,3.9328282,3.9328282,3.9328282,0.0,0.0,0.0,0.0,0.0,0.0,0.0,0.0,0.0,0.0,0.0,0.0,0.0,0.0,0,0,0,0,0,0,0,0,0,0,0,1,0,0,1,0,0
1036738877,23.316538,23.576452,0.0,0.0032109618,-1.0,2.0081668,0.3235219,1.068863,nan,6,3.9294088,3.9294088,3.9294088,3.9294088,3.9294088,3.9294088,0.0,0.0,0.0,0.0,0.0,0.0,0.0,0.0,0.0,0.0,0.0,0.0,0.0,0.0,0,0,0,0,0,0,0,0,0,0,0,1,0,0,1,0,0
1036938897,23.581757,23.58265,0.0,0.0021608854,-1.0,2.0081668,0.32610446,1.0685822,nan,6,3.9304416,3.9304416,3.9304416,3.9304416,3.9304416,3.9304416,0.0,0.0,0.0,0.0,0.0,0.0,0.0,0.0,0.0,0.0,0.0,0.0,0.0,0.0,0,0,0,0,0,0,0,0,0,0,0,1,0,0,1,0,0
1037129819,23.729404,23.573383,0.0,0.008020211,-1.0,2.0089161,0.32224303,1.0690023,nan,6,3.9288971,3.9288971,3.9288971,3.9288971,3.9288971,3.9288971,0.0,0.0,0.0,0.0,0.0,0.0,0.0,0.0,0.0,0.0,0.0,0.0,0.0,0.0,0,0,0,0,0,0,0,0,0,0,0,1,0,0,1,0,0
1037328882,23.773151,23.574738,0.0,0.005397372,-1.0,2.0089161,0.3228076,1.0689408,nan,6,3.929123,3.929123,3.929123,3.929123,3.929123,3.929123,0.0,0.0,0.0,0.0,0.0,0.0,0.0,0.0,0.0,0.0,0.0,0.0,0.0,0.0,0,0,0,0,0,0,0,0,0,0,0,1,0,0,1,0,0
1037528878,23.825102,23.5871,0.0,0.0037337837,-1.0,2.0089314,0.3279584,1.0683806,nan,6,3.931183,3.931183,3.931183,3.931183,3.931183,3.931183,0.0,0.0,0.0,0.0,0.0,0.0,0.0,0.0,0.0,0.0,0.0,0.0,0.0,0.0,0,0,0,0,0,0,0,0,0,0,0,1,0,0,1,0,0
1037728877,23.831482,23.597073,0.0,0.0025764978,-1.0,2.0089417,0.33211356,1.067929,nan,6,3.9328454,3.9328454,3.9328454,3.9328454,3.9328454,3.9328454,0.0,0.0,0.0,0.0,0.0,0.0,0.0,0.0,0.0,0.0,0.0,0.0,0.0,0.0,0,0,0,0,0,0,0,0,0,0,0,1,0,0,1,0,0
1037928877,23.858826,23.610266,0.0,0.0017339095,-1.0,2.0089417,0.33761054,1.0673324,nan,6,3.9350443,3.9350443,3.9350443,3.9350443,3.9350443,3.9350443,0.0,0.0,0.0,0.0,0.0,0.0,0.0,0.0,0.0,0.0,0.0,0.0,0.0,0.0,0,0,0,0,0,0,0,0,0,0,0,1,0,0,1,0,0
1038139273,23.39583,23.610695,0.0,0.0011439916,-1.0,2.0089417,0.33778983,1.0673128,nan,6,3.9351158,3.9351158,3.9351158,3.9351158,3.9351158,3.9351158,0.0,0.0,0.0,0.0,0.0,0.0,0.0,0.0,0.0,0.0,0.0,0.0,0.0,0.0,0,0,0,0,0,0,0,0,0,0,0,1,0,0,1,0,0
1038338877,23.75857,23.61924,0.0,0.0007698735,-1.0,2.0089417,0.3413499,1.0669267,nan,6,3.93654,3.93654,3.93654,3.93654,3.93654,3.93654,0.0,0.0,0.0,0.0,0.0,0.0,0.0,0.0,0.0,0.0,0.0,0.0,0.0,0.0,0,0,0,0,0,0,0,0,0,0,0,1,0,0,1,0,0
1038540269,23.726671,23.637625,0.0,0.00245022,-1.0,2.0093493,0.34901077,1.0660969,nan,6,3.939604,3.939604,3.939604,3.939604,3.939604,3.939604,0.0,0.0,0.0,0.0,0.0,0.0,0.0,0.0,0.0,0.0,0.0,0.0,0.0,0.0,0,0,0,0,0,0,0,0,0,0,0,1,0,0,1,0,0
1038728877,23.857914,23.662907,0.0,0.0016819066,-1.0,2.0093493,0.35954505,1.0649579,nan,6,3.9438179,3.9438179,3.9438179,3.9438179,3.9438179,3.9438179,0.0,0.0,0.0,0.0,0.0,0.0,0.0,0.0,0.0,0.0,0.0,0.0,0.0,0.0,0,0,0,0,0,0,0,0,0,0,0,1,0,0,1,0,0
1038928878,23.606365,23.677038,0.0,0.0011318749,-1.0,2.0093493,0.36543304,1.0643222,nan,6,3.946173,3.946173,3.946173,3.946173,3.946173,3.946173,0.0,0.0,0.0,0.0,0.0,0.0,0.0,0.0,0.0,0.0,0.0,0.0,0.0,0.0,0,0,0,0,0,0,0,0,0,0,0,1,0,0,1,0,0
1039128876,23.643734,23.688534,0.0,0.0007617194,-1.0,2.0093493,0.3702224,1.0638058,nan,6,3.948089,3.948089,3.948089,3.948089,3.948089,3.948089,0.0,0.0,0.0,0.0,0.0,0.0,0.0,0.0,0.0,0.0,0.0,0.0,0.0,0.0,0,0,0,0,0,0,0,0,0,0,0,1,0,0,1,0,0
1039328878,23.721203,23.701406,0.0,0.00051261537,-1.0,2.0093493,0.37558585,1.063228,nan,6,3.9502344,3.9502344,3.9502344,3.9502344,3.9502344,3.9502344,0.0,0.0,0.0,0.0,0.0,0.0,0.0,0.0,0.0,0.0,0.0,0.0,0.0,0.0,0,0,0,0,0,0,0,0,0,0,0,1,0,0,1,0,0
1039538877,23.847887,23.711996,0.0,0.009261585,-1.0,2.0106494,0.3799985,1.0627532,nan,6,3.9519994,3.9519994,3.9519994,3.9519994,3.9519994,3.9519994,0.0,0.0,0.0,0.0,0.0,0.0,0.0,0.0,0.0,0.0,0.0,0.0,0.0,0.0,0,0,0,0,0,0,0,0,0,0,0,1,0,0,1,0,0
1039739880,23.84333,23.720806,0.0,0.00623278,-1.0,2.0106494,0.3836692,1.0623585,nan,6,3.9534676,3.9534676,3.9534676,3.9534676,3.9534676,3.9534676,0.0,0.0,0.0,0.0,0.0,0.0,0.0,0.0,0.0,0.0,0.0,0.0,0.0,0.0,0,0,0,0,0,0,0,0,0,0,0,1,0,0,1,0,0
1039938879,23.826015,23.719584,0.0,0.0041944818,-1.0,2.0106494,0.38315994,1.0624132,nan,6,3.953264,3.953264,3.953264,3.953264,3.953264,3.953264,0.0,0.0,0.0,0.0,0.0,0.0,0.0,0.0,0.0,0.0,0.0,0.0,0.0,0.0,0,0,0,0,0,0,0,0,0,0,0,1,0,0,1,0,0
1040128877,23.63553,23.707218,0.0,0.0028792212,-1.0,2.0106494,0.3780082,1.0629673,nan,6,3.951203,3.951203,3.951203,3.951203,3.951203,3.951203,0.0,0.0,0.0,0.0,0.0,0.0,0.0,0.0,0.0,0.0,0.0,0.0,0.0,0.0,0,0,0,0,0,0,0,0,0,0,0,1,0,0,1,0,0
1040328877,23.697506,23.70876,0.0,0.0019376333,-1.0,2.0106494,0.37865,1.0628983,nan,6,3.95146,3.95146,3.95146,3.95146,3.95146,3.95146,0.0,0.0,0.0,0.0,0.0,0.0,0.0,0.0,0.0,0.0,0.0,0.0,0.0,0.0,0,0,0,0,0,0,0,0,0,0,0,1,0,0,1,0,0
1040528995,23.921713,23.714254,0.0,0.004487883,-1.0,2.0112932,0.38093978,1.0626519,nan,6,3.9523757,3.9523757,3.9523757,3.9523757,3.9523757,3.9523757,0.0,0.0,0.0,0.0,0.0,0.0,0.0,0.0,0.0,0.0,0.0,0.0,0.0,0.0,0,0,0,0,0,0,0,0,0,0,0,1,0,0,1,0,0
1040730424,23.605453,23.718004,0.0,0.0030202167,-1.0,2.0112932,0.3825019,1.062484,nan,6,3.9530008,3.9530008,3.9530008,3.9530008,3.9530008,3.9530008,0.0,0.0,0.0,0.0,0.0,0.0,0.0,0.0,0.0,0.0,0.0,0.0,0.0,0.0,0,0,0,0,0,0,0,0,0,0,0,1,0,0,1,0,0
1040938892,23.604542,23.71755,0.0,0.001992666,-1.0,2.0112932,0.38231307,1.0625043,nan,6,3.952925,3.952925,3.952925,3.952925,3.952925,3.952925,0.0,0.0,0.0,0.0,0.0,0.0,0.0,0.0,0.0,0.0,0.0,0.0,0.0,0.0,0,0,0,0,0,0,0,0,0,0,0,1,0,0,1,0,0
1041138986,23.828749,23.725126,0.0,0.001341007,-1.0,2.0112932,0.38546973,1.0621649,nan,6,3.9541876,3.9541876,3.9541876,3.9541876,3.9541876,3.9541876,0.0,0.0,0.0,0.0,0.0,0.0,0.0,0.0,0.0,0.0,0.0,0.0,0.0,0.0,0,0,0,0,0,0,0,0,0,0,0,1,0,0,1,0,0
1041328900,23.894371,23.7319,0.0,0.0009205084,-1.0,2.0112932,0.38829166,1.0618619,nan,6,3.9553165,3.9553165,3.9553165,3.9553165,3.9553165,3.9553165,0.0,0.0,0.0,0.0,0.0,0.0,0.0,0.0,0.0,0.0,0.0,0.0,0.0,0.0,0,0,0,0,0,0,0,0,0,0,0,1,0,0,1,0,0
1041528877,23.847887,23.730022,0.0,0.0006194758,-1.0,2.0112932,0.38750964,1.0619458,nan,6,3.9550037,3.9550037,3.9550037,3.9550037,3.9550037,3.9550037,0.0,0.0,0.0,0.0,0.0,0.0,0.0,0.0,0.0,0.0,0.0,0.0,0.0,0.0,0,0,0,0,0,0,0,0,0,0,0,1,0,0,1,0,0
1041728902,23.661049,23.715355,0.0,0.00041688935,-1.0,2.0112932,0.3813985,1.0626026,nan,6,3.9525592,3.9525592,3.9525592,3.9525592,3.9525592,3.9525592,0.0,0.0,0.0,0.0,0.0,0.0,0.0,0.0,0.0,0.0,0.0,0.0,0.0,0.0,0,0,0,0,0,0,0,0,0,0,0,1,0,0,1,0,0
1041929851,23.767685,23.709824,0.0,0.00028055452,-1.0,2.0112932,0.37909347,1.0628506,nan,6,3.9516373,3.9516373,3.9516373,3.9516373,3.9516373,3.9516373,0.0,0.0,0.0,0.0,0.0,0.0,0.0,0.0,0.0,0.0,0.0,0.0,0.0,0.0,0,0,0,0,0,0,0,0,0,0,0,1,0,0,1,0,0
1042128878,23.738518,23.69098,0.0,0.00018880516,-1.0,2.0112932,0.37124187,1.0636959,nan,6,3.9484968,3.9484968,3.9484968,3.9484968,3.9484968,3.9484968,0.0,0.0,0.0,0.0,0.0,0.0,0.0,0.0,0.0,0.0,0.0,0.0,0.0,0.0,0,0,0,0,0,0,0,0,0,0,0,1,0,0,1,0,0
1042339454,23.599073,23.695412,0.0,0.00012456908,-1.0,2.0112932,0.37308818,1.063497,nan,6,3.9492352,3.9492352,3.9492352,3.9492352,3.9492352,3.9492352,0.0,0.0,0.0,0.0,0.0,0.0,0.0,0.0,0.0,0.0,0.0,0.0,0.0,0.0,0,0,0,0,0,0,0,0,0,0,0,1,0,0,1,0,0
1042538877,23.48059,23.704952,0.0,0.0011466403,-1.0,2.0114372,0.37706405,1.063069,nan,6,3.9508255,3.9508255,3.9508255,3.9508255,3.9508255,3.9508255,0.0,0.0,0.0,0.0,0.0,0.0,0.0,0.0,0.0,0.0,0.0,0.0,0.0,0.0,0,0,0,0,0,0,0,0,0,0,0,1,0,0,1,0,0
1042729268,23.609098,23.707018,0.0,0.00078708905,-1.0,2.0114372,0.37792426,1.0629764,nan,6,3.9511697,3.9511697,3.9511697,3.9511697,3.9511697,3.9511697,0.0,0.0,0.0,0.0,0.0,0.0,0.0,0.0,0.0,0.0,0.0,0.0,0.0,0.0,0,0,0,0,0,0,0,0,0,0,0,1,0,0,1,0,0
1042928878,23.86247,23.717297,0.0,0.0010577306,-1.0,2.0115135,0.3822072,1.0625156,nan,6,3.9528828,3.9528828,3.9528828,3.9528828,3.9528828,3.9528828,0.0,0.0,0.0,0.0,0.0,0.0,0.0,0.0,0.0,0.0,0.0,0.0,0.0,0.0,0,0,0,0,0,0,0,0,0,0,0,1,0,0,1,0,0
1043128878,23.72576,23.71856,0.0,0.00071182236,-1.0,2.0115135,0.38273364,1.0624591,nan,6,3.9530933,3.9530933,3.9530933,3.9530933,3.9530933,3.9530933,0.0,0.0,0.0,0.0,0.0,0.0,0.0,0.0,0.0,0.0,0.0,0.0,0.0,0.0,0,0,0,0,0,0,0,0,0,0,0,1,0,0,1,0,0
1043328878,23.871586,23.733704,0.0,0.0004790361,-1.0,2.0115135,0.38904315,1.0617812,nan,6,3.9556172,3.9556172,3.9556172,3.9556172,3.9556172,3.9556172,0.0,0.0,0.0,0.0,0.0,0.0,0.0,0.0,0.0,0.0,0.0,0.0,0.0,0.0,0,0,0,0,0,0,0,0,0,0,0,1,0,0,1,0,0
1043528879,23.798674,23.733643,0.0,0.0003223776,-1.0,2.0115135,0.38901836,1.0617838,nan,6,3.9556072,3.9556072,3.9556072,3.9556072,3.9556072,3.9556072,0.0,0.0,0.0,0.0,0.0,0.0,0.0,0.0,0.0,0.0,0.0,0.0,0.0,0.0,0,0,0,0,0,0,0,0,0,0,0,1,0,0,1,0,0
1043738976,23.679277,23.74131,0.0,0.00021269695,-1.0,2.0115135,0.39221317,1.061441,nan,6,3.956885,3.956885,3.956885,3.956885,3.956885,3.956885,0.0,0.0,0.0,0.0,0.0,0.0,0.0,0.0,0.0,0.0,0.0,0.0,0.0,0.0,0,0,0,0,0,0,0,0,0,0,0,1,0,0,1,0,0
1043938879,23.811432,23.745125,0.0,0.00014313897,-1.0,2.0115135,0.393802,1.0612705,nan,6,3.9575207,3.9575207,3.9575207,3.9575207,3.9575207,3.9575207,0.0,0.0,0.0,0.0,0.0,0.0,0.0,0.0,0.0,0.0,0.0,0.0,0.0,0.0,0,0,0,0,0,0,0,0,0,0,0,1,0,0,1,0,0
1044139436,23.877052,23.756935,0.0,9.632843e-05,-1.0,2.0115135,0.39872295,1.0607429,nan,6,3.959489,3.959489,3.959489,3.959489,3.959489,3.959489,0.0,0.0,0.0,0.0,0.0,0.0,0.0,0.0,0.0,0.0,0.0,0.0,0.0,0.0,0,0,0,0,0,0,0,0,0,0,0,1,0,0,1,0,0
1044328915,23.898928,23.772444,0.0,6.61228e-05,-1.0,2.0115135,0.40518504,1.0600508,nan,6,3.962074,3.962074,3.962074,3.962074,3.962074,3.962074,0.0,0.0,0.0,0.0,0.0,0.0,0.0,0.0,0.0,0.0,0.0,0.0,0.0,0.0,0,0,0,0,0,0,0,0,0,0,0,1,0,0,1,0,0
1044528877,23.839685,23.787601,0.0,4.449875e-05,-1.0,2.0115135,0.41150123,1.0593753,nan,6,3.9646003,3.9646003,3.9646003,3.9646003,3.9646003,3.9646003,0.0,0.0,0.0,0.0,0.0,0.0,0.0,0.0,0.0,0.0,0.0,0.0,0.0,0.0,0,0,0,0,0,0,0,0,0,0,0,1,0,0,1,0,0
1044728876,23.879787,23.801777,0.0,2.994639e-05,-1.0,2.0115135,0.41740733,1.0587444,nan,6,3.9669628,3.9669628,3.9669628,3.9669628,3.9669628,3.9669628,0.0,0.0,0.0,0.0,0.0,0.0,0.0,0.0,0.0,0.0,0.0,0.0,0.0,0.0,0,0,0,0,0,0,0,0,0,0,0,1,0,0,1,0,0
1044929113,23.976397,23.81241,0.0,2.0153064e-05,-1.0,2.0115135,0.4218381,1.0582716,nan,6,3.968735,3.968735,3.968735,3.968735,3.968735,3.968735,0.0,0.0,0.0,0.0,0.0,0.0,0.0,0.0,0.0,0.0,0.0,0.0,0.0,0.0,0,0,0,0,0,0,0,0,0,0,0,1,0,0,1,0,0
1045138877,23.835129,23.818697,0.0,1.3296503e-05,-1.0,2.0115135,0.4244569,1.0579925,nan,6,3.9697828,3.9697828,3.9697828,3.9697828,3.9697828,3.9697828,0.0,0.0,0.0,0.0,0.0,0.0,0.0,0.0,0.0,0.0,0.0,0.0,0.0,0.0,0,0,0,0,0,0,0,0,0,0,0,1,0,0,1,0,0
1045338877,23.902573,23.82965,0.0,8.9481655e-06,-1.0,2.0115135,0.42902118,1.057506,nan,6,3.9716084,3.9716084,3.9716084,3.9716084,3.9716084,3.9716084,0.0,0.0,0.0,0.0,0.0,0.0,0.0,0.0,0.0,0.0,0.0,0.0,0.0,0.0,0,0,0,0,0,0,0,0,0,0,0,1,0,0,1,0,0
1045528877,23.923534,23.835175,0.0,6.142296e-06,-1.0,2.0115135,0.43132335,1.0572609,nan,6,3.9725292,3.9725292,3.9725292,3.9725292,3.9725292,3.9725292,0.0,0.0,0.0,0.0,0.0,0.0,0.0,0.0,0.0,0.0,0.0,0.0,0.0,0.0,0,0,0,0,0,0,0,0,0,0,0,1,0,0,1,0,0
1045728877,23.923534,23.843645,0.0,4.1335893e-06,-1.0,2.0115135,0.43485194,1.0568854,nan,6,3.9739408,3.9739408,3.9739408,3.9739408,3.9739408,3.9739408,0.0,0.0,0.0,0.0,0.0,0.0,0.0,0.0,0.0,0.0,0.0,0.0,0.0,0.0,0,0,0,0,0,0,0,0,0,0,0,1,0,0,1,0,0
1045928876,23.764038,23.844357,0.0,2.781787e-06,-1.0,2.0115135,0.43514854,1.0568538,nan,6,3.9740593,3.9740593,3.9740593,3.9740593,3.9740593,3.9740593,0.0,0.0,0.0,0.0,0.0,0.0,0.0,0.0,0.0,0.0,0.0,0.0,0.0,0.0,0,0,0,0,0,0,0,0,0,0,0,1,0,0,1,0,0
1046128881,23.903484,23.843393,0.0,1.8720638e-06,-1.0,2.0115135,0.43474704,1.0568966,nan,6,3.973899,3.973899,3.973899,3.973899,3.973899,3.973899,0.0,0.0,0.0,0.0,0.0,0.0,0.0,0.0,0.0,0.0,0.0,0.0,0.0,0.0,0,0,0,0,0,0,0,0,0,0,0,1,0,0,1,0,0
1046328878,23.908953,23.83939,0.0,1.2598454e-06,-1.0,2.0115135,0.43307906,1.057074,nan,6,3.9732316,3.9732316,3.9732316,3.9732316,3.9732316,3.9732316,0.0,0.0,0.0,0.0,0.0,0.0,0.0,0.0,0.0,0.0,0.0,0.0,0.0,0.0,0,0,0,0,0,0,0,0,0,0,0,1,0,0,1,0,0
1046538916,23.892548,23.847313,0.0,8.3121546e-07,-1.0,2.0115135,0.43638068,1.0567228,nan,6,3.9745522,3.9745522,3.9745522,3.9745522,3.9745522,3.9745522,0.0,0.0,0.0,0.0,0.0,0.0,0.0,0.0,0.0,0.0,0.0,0.0,0.0,0.0,0,0,0,0,0,0,0,0,0,0,0,1,0,0,1,0,0
1046739365,23.890724,23.852394,0.0,5.593842e-07,-1.0,2.0115135,0.43849784,1.0564977,nan,6,3.975399,3.975399,3.975399,3.975399,3.975399,3.975399,0.0,0.0,0.0,0.0,0.0,0.0,0.0,0.0,0.0,0.0,0.0,0.0,0.0,0.0,0,0,0,0,0,0,0,0,0,0,0,1,0,0,1,0,0
1046939142,23.85609,23.850191,0.0,3.7644958e-07,-1.0,2.0115135,0.43757945,1.0565953,nan,6,3.9750319,3.9750319,3.9750319,3.9750319,3.9750319,3.9750319,0.0,0.0,0.0,0.0,0.0,0.0,0.0,0.0,0.0,0.0,0.0,0.0,0.0,0.0,0,0,0,0,0,0,0,0,0,0,0,1,0,0,1,0,0
1047128879,23.824192,23.85247,0.0,2.5840657e-07,-1.0,2.0115135,0.4385293,1.0564944,nan,6,3.9754117,3.9754117,3.9754117,3.9754117,3.9754117,3.9754117,0.0,0.0,0.0,0.0,0.0,0.0,0.0,0.0,0.0,0.0,0.0,0.0,0.0,0.0,0,0,0,0,0,0,0,0,0,0,0,1,0,0,1,0,0
1047329115,23.890724,23.85723,0.0,1.7390023e-07,-1.0,2.0115135,0.440512,1.0562836,nan,6,3.9762049,3.9762049,3.9762049,3.9762049,3.9762049,3.9762049,0.0,0.0,0.0,0.0,0.0,0.0,0.0,0.0,0.0,0.0,0.0,0.0,0.0,0.0,0,0,0,0,0,0,0,0,0,0,0,1,0,0,1,0,0
1047529112,23.863382,23.862013,0.0,1.1702987e-07,-1.0,2.0115135,0.44250518,1.0560719,nan,6,3.9770021,3.9770021,3.9770021,3.9770021,3.9770021,3.9770021,0.0,0.0,0.0,0.0,0.0,0.0,0.0,0.0,0.0,0.0,0.0,0.0,0.0,0.0,0,0,0,0,0,0,0,0,0,0,0,1,0,0,1,0,0
1047730036,23.853357,23.861332,0.0,7.875777e-08,-1.0,2.0115135,0.44222194,1.0561019,nan,6,3.9768887,3.9768887,3.9768887,3.9768887,3.9768887,3.9768887,0.0,0.0,0.0,0.0,0.0,0.0,0.0,0.0,0.0,0.0,0.0,0.0,0.0,0.0,0,0,0,0,0,0,0,0,0,0,0,1,0,0,1,0,0
1047938900,23.507023,23.842827,0.0,5.196247e-08,-1.0,2.0115135,0.43451148,1.0569216,nan,6,3.9738045,3.9738045,3.9738045,3.9738045,3.9738045,3.9738045,0.0,0.0,0.0,0.0,0.0,0.0,0.0,0.0,0.0,0.0,0.0,0.0,0.0,0.0,0,0,0,0,0,0,0,0,0,0,0,1,0,0,1,0,0
1048138877,23.782267,23.839088,0.0,3.4969247e-08,-1.0,2.0115135,0.43295413,1.0570873,nan,6,3.9731815,3.9731815,3.9731815,3.9731815,3.9731815,3.9731815,0.0,0.0,0.0,0.0,0.0,0.0,0.0,0.0,0.0,0.0,0.0,0.0,0.0,0.0,0,0,0,0,0,0,0,0,0,0,0,1,0,0,1,0,0
1048328877,23.692038,23.819784,0.0,2.4003965e-08,-1.0,2.0115135,0.4249099,1.057944,nan,6,3.969964,3.969964,3.969964,3.969964,3.969964,3.969964,0.0,0.0,0.0,0.0,0.0,0.0,0.0,0.0,0.0,0.0,0.0,0.0,0.0,0.0,0,0,0,0,0,0,0,0,0,0,0,1,0,0,1,0,0
1048528878,23.789558,23.810177,0.0,0.0015005688,-1.0,2.0117831,0.42090732,1.058371,nan,6,3.9683628,3.9683628,3.9683628,3.9683628,3.9683628,3.9683628,0.0,0.0,0.0,0.0,0.0,0.0,0.0,0.0,0.0,0.0,0.0,0.0,0.0,0.0,0,0,0,0,0,0,0,0,0,0,0,1,0,0,1,0,0
1048728878,23.857002,23.80766,0.0,0.0010098399,-1.0,2.0117831,0.41985828,1.0584829,nan,6,3.9679432,3.9679432,3.9679432,3.9679432,3.9679432,3.9679432,0.0,0.0,0.0,0.0,0.0,0.0,0.0,0.0,0.0,0.0,0.0,0.0,0.0,0.0,0,0,0,0,0,0,0,0,0,0,0,1,0,0,1,0,0
1048928878,23.870672,23.797487,0.0,0.00067959336,-1.0,2.0117831,0.41562015,1.0589353,nan,6,3.9662478,3.9662478,3.9662478,3.9662478,3.9662478,3.9662478,0.0,0.0,0.0,0.0,0.0,0.0,0.0,0.0,0.0,0.0,0.0,0.0,0.0,0.0,0,0,0,0,0,0,0,0,0,0,0,1,0,0,1,0,0
1049128878,23.407679,23.768604,0.0,0.00045734685,-1.0,2.0117831,0.40358573,1.060222,nan,6,3.9614341,3.9614341,3.9614341,3.9614341,3.9614341,3.9614341,0.0,0.0,0.0,0.0,0.0,0.0,0.0,0.0,0.0,0.0,0.0,0.0,0.0,0.0,0,0,0,0,0,0,0,0,0,0,0,1,0,0,1,0,0
1049338877,22.47622,23.662125,0.0,0.005509812,-1.0,2.0125816,0.3592189,1.064993,nan,6,3.9436874,3.9436874,3.9436874,3.9436874,3.9436874,3.9436874,0.0,0.0,0.0,0.0,0.0,0.0,0.0,0.0,0.0,0.0,0.0,0.0,0.0,0.0,0,0,0,0,0,0,0,0,0,0,0,1,0,0,1,0,0
1049538889,23.120584,23.586136,0.0,0.00941682,-1.0,2.0137007,0.3275569,1.0684242,nan,6,3.9310226,3.9310226,3.9310226,3.9310226,3.9310226,3.9310226,0.0,0.0,0.0,0.0,0.0,0.0,0.0,0.0,0.0,0.0,0.0,0.0,0.0,0.0,0,0,0,0,0,0,0,0,0,0,0,1,0,0,1,0,0
1049728878,23.525251,23.53383,0.0,0.0064639947,-1.0,2.0137007,0.3057626,1.0707989,nan,6,3.922305,3.922305,3.922305,3.922305,3.922305,3.922305,0.0,0.0,0.0,0.0,0.0,0.0,0.0,0.0,0.0,0.0,0.0,0.0,0.0,0.0,0,0,0,0,0,0,0,0,0,0,0,1,0,0,1,0,0
1049939548,23.416792,23.471487,0.10071875,0.010307336,-1.0,2.0147707,0.2797864,1.073643,nan,6,3.9119146,3.9119146,3.9119146,3.9119146,3.9119146,3.9119146,0.0,0.0,0.0,0.0,0.0,0.0,0.0,0.0,0.0,0.0,0.0,0.0,0.0,0.0,0,0,0,0,0,0,0,0,0,0,0,1,0,0,1,0,1
1050129695,23.35117,23.347363,0.0,0.016295351,-1.0,2.0160437,0.22806771,1.0793511,nan,6,3.891227,3.891227,3.891227,3.891227,3.891227,3.891227,0.0,0.0,0.0,0.0,0.0,0.0,0.0,0.0,0.0,0.0,0.0,0.0,0.0,0.0,0,0,0,0,0,0,0,0,0,0,0,1,0,0,1,0,1
1050329272,23.692038,23.395788,0.0,0.010966304,-1.0,2.0160437,0.3774398,1.0630285,nan,6,3.899298,3.899298,3.899298,3.899298,3.899298,3.899298,0.0,0.0,0.0,0.0,0.0,0.0,0.0,0.0,0.0,0.0,0.0,0.0,0.0,0.0,0,0,0,0,0,0,0,0,0,0,0,1,0,0,1,0,0
1050528877,23.205345,23.441635,0.0,0.0073800073,-1.0,2.0160437,0.5085719,1.0491008,nan,6,3.9069393,3.9069393,3.9069393,3.9069393,3.9069393,3.9069393,0.0,0.0,0.0,0.0,0.0,0.0,0.0,0.0,0.0,0.0,0.0,0.0,0.0,0.0,0,0,0,0,0,0,0,0,0,0,0,1,0,0,1,0,0
1050740054,22.615664,23.275919,0.2380625,0.014544747,-1.0,2.0175622,0.5354627,1.0462896,nan,6,3.87932,3.87932,3.87932,3.87932,3.87932,3.87932,0.0,0.0,0.0,0.0,0.0,0.0,0.0,0.0,0.0,0.0,0.0,0.0,0.0,0.0,0,0,0,0,0,0,0,0,0,0,0,1,0,0,1,0,0
1050938876,23.724848,23.10623,0.0,0.014912731,-1.0,2.0185134,0.50383884,1.049597,nan,6,3.8510382,3.8510382,3.8510382,3.8510382,3.8510382,3.8510382,0.0,0.0,0.0,0.0,0.0,0.0,0.0,0.0,0.0,0.0,0.0,0.0,0.0,0.0,0,0,0,0,0,0,0,0,0,0,0,1,0,0,1,0,0
1051128877,23.424084,23.18927,0.0,0.0102365585,-1.0,2.0185134,0.48947555,1.0511062,nan,6,3.8648784,3.8648784,3.8648784,3.8648784,3.8648784,3.8648784,0.0,0.0,0.0,0.0,0.0,0.0,0.0,0.0,0.0,0.0,0.0,0.0,0.0,0.0,0,0,0,0,0,0,0,0,0,0,0,1,0,0,1,0,0
1051328892,23.74581,23.240076,0.0,0.0074780346,-1.0,2.0186152,0.46782714,1.0533891,nan,6,3.873346,3.873346,3.873346,3.873346,3.873346,3.873346,0.0,0.0,0.0,0.0,0.0,0.0,0.0,0.0,0.0,0.0,0.0,0.0,0.0,0.0,0,0,0,0,0,0,0,0,0,0,0,1,0,0,1,0,0
1051528877,23.799583,23.335962,0.0,0.0050325026,-1.0,2.0186152,0.47268802,1.0528755,nan,6,3.889327,3.889327,3.889327,3.889327,3.889327,3.889327,0.0,0.0,0.0,0.0,0.0,0.0,0.0,0.0,0.0,0.0,0.0,0.0,0.0,0.0,0,0,0,0,0,0,0,0,0,0,0,1,0,0,1,0,0
1051728905,23.763126,23.421824,0.0,0.0033867296,-1.0,2.0186152,0.48047954,1.0520536,nan,6,3.9036372,3.9036372,3.9036372,3.9036372,3.9036372,3.9036372,0.0,0.0,0.0,0.0,0.0,0.0,0.0,0.0,0.0,0.0,0.0,0.0,0.0,0.0,0,0,0,0,0,0,0,0,0,0,0,1,0,0,1,0,0
1051928882,23.38854,23.46214,0.0,0.002451735,-1.0,2.0186405,0.5046142,1.0495157,nan,6,3.9103565,3.9103565,3.9103565,3.9103565,3.9103565,3.9103565,0.0,0.0,0.0,0.0,0.0,0.0,0.0,0.0,0.0,0.0,0.0,0.0,0.0,0.0,0,0,0,0,0,0,0,0,0,0,0,1,0,0,1,0,0
1052139247,22.87086,23.396944,0.0,0.0016175957,-1.0,2.0186405,0.5348609,1.0463524,nan,6,3.8994906,3.8994906,3.8994906,3.8994906,3.8994906,3.8994906,0.0,0.0,0.0,0.0,0.0,0.0,0.0,0.0,0.0,0.0,0.0,0.0,0.0,0.0,0,0,0,0,0,0,0,0,0,0,0,1,0,0,1,0,0
1052340297,23.569908,23.205158,0.0,0.0010885957,-1.0,2.0186405,0.5288232,1.0469823,nan,6,3.8675263,3.8675263,3.8675263,3.8675263,3.8675263,3.8675263,0.0,0.0,0.0,0.0,0.0,0.0,0.0,0.0,0.0,0.0,0.0,0.0,0.0,0.0,0,0,0,0,0,0,0,0,0,0,0,1,0,0,1,0,0
1052538880,22.128973,23.122236,0.04211875,0.0077555263,-1.0,2.0197303,0.5453389,1.0452609,nan,6,3.8537061,3.8537061,3.8537061,3.8537061,3.8537061,3.8537061,0.0,0.0,0.0,0.0,0.0,0.0,0.0,0.0,0.0,0.0,0.0,0.0,0.0,0.0,0,0,0,0,0,0,0,0,0,0,0,1,0,0,1,0,0
1052729168,21.889275,22.87102,0.0,0.0068572047,-1.0,2.0200846,0.49859744,1.0501473,nan,6,3.8118365,3.8118365,3.8118365,3.8118365,3.8118365,3.8118365,0.0,0.0,0.0,0.0,0.0,0.0,0.0,0.0,0.0,0.0,0.0,0.0,0.0,0.0,0,0,0,0,0,0,0,0,0,0,0,1,0,0,1,0,0
1052929517,22.536373,22.780798,0.0,0.0046147024,-1.0,2.0200846,0.5117124,1.0487716,nan,6,3.7967997,3.7967997,3.7967997,3.7967997,3.7967997,3.7967997,0.0,0.0,0.0,0.0,0.0,0.0,0.0,0.0,0.0,0.0,0.0,0.0,0.0,0.0,0,0,0,0,0,0,0,0,0,0,0,1,0,0,1,0,0
1053128880,22.428825,22.745054,0.0,0.0031055617,-1.0,2.0200846,0.53837615,1.0459859,nan,6,3.7908423,3.7908423,3.7908423,3.7908423,3.7908423,3.7908423,0.0,0.0,0.0,0.0,0.0,0.0,0.0,0.0,0.0,0.0,0.0,0.0,0.0,0.0,0,0,0,0,0,0,0,0,0,0,0,1,0,0,1,0,0
1053328877,22.302141,22.70056,0.0,0.002089954,-1.0,2.0200846,0.5538934,1.0443715,nan,6,3.7834265,3.7834265,3.7834265,3.7834265,3.7834265,3.7834265,0.0,0.0,0.0,0.0,0.0,0.0,0.0,0.0,0.0,0.0,0.0,0.0,0.0,0.0,0,0,0,0,0,0,0,0,0,0,0,1,0,0,1,0,0
1053538881,21.416252,22.648956,0.0,0.0013789013,-1.0,2.0200846,0.561559,1.0435759,nan,6,3.774826,3.774826,3.774826,3.774826,3.774826,3.774826,0.0,0.0,0.0,0.0,0.0,0.0,0.0,0.0,0.0,0.0,0.0,0.0,0.0,0.0,0,0,0,0,0,0,0,0,0,0,0,1,0,0,1,0,0
1053738878,21.956717,22.479311,0.007325,0.009440073,-1.0,2.0215192,0.51352245,1.0485821,nan,6,3.7465518,3.7465518,3.7465518,3.7465518,3.7465518,3.7465518,0.0,0.0,0.0,0.0,0.0,0.0,0.0,0.0,0.0,0.0,0.0,0.0,0.0,0.0,0,0,0,0,0,0,0,0,0,0,0,1,0,0,1,0,0
1053938961,21.876514,22.370596,0.0,0.008727359,-1.0,2.021972,0.48678523,1.0513893,nan,6,3.7284327,3.7284327,3.7284327,3.7284327,3.7284327,3.7284327,0.0,0.0,0.0,0.0,0.0,0.0,0.0,0.0,0.0,0.0,0.0,0.0,0.0,0.0,0,0,0,0,0,0,0,0,0,0,0,1,0,0,1,0,0
1054128878,22.485332,22.358175,0.0,0.007202328,-1.0,2.0221653,0.4961303,1.0504065,nan,6,3.7263625,3.7263625,3.7263625,3.7263625,3.7263625,3.7263625,0.0,0.0,0.0,0.0,0.0,0.0,0.0,0.0,0.0,0.0,0.0,0.0,0.0,0.0,0,0,0,0,0,0,0,0,0,0,0,1,0,0,1,0,0
1054329345,22.992989,22.41121,0.0,0.00484696,-1.0,2.0221653,0.53082114,1.0467738,nan,6,3.7352016,3.7352016,3.7352016,3.7352016,3.7352016,3.7352016,0.0,0.0,0.0,0.0,0.0,0.0,0.0,0.0,0.0,0.0,0.0,0.0,0.0,0.0,0,0,0,0,0,0,0,0,0,0,0,1,0,0,1,0,0
1054528900,22.712275,22.487076,0.0,0.0032618647,-1.0,2.0221653,0.5727504,1.0424163,nan,6,3.747846,3.747846,3.747846,3.747846,3.747846,3.747846,0.0,0.0,0.0,0.0,0.0,0.0,0.0,0.0,0.0,0.0,0.0,0.0,0.0,0.0,0,0,0,0,0,0,0,0,0,0,0,1,0,0,1,0,0
1054729732,21.45271,22.470222,0.0,0.014895761,-1.0,2.0242941,0.57418567,1.0422679,nan,6,3.745037,3.745037,3.745037,3.745037,3.745037,3.745037,0.0,0.0,0.0,0.0,0.0,0.0,0.0,0.0,0.0,0.0,0.0,0.0,0.0,0.0,0,0,0,0,0,0,0,0,0,0,0,1,0,0,1,0,0
1054939553,22.110746,22.403616,0.0,0.023909632,-1.0,2.0268245,0.55367595,1.0443941,nan,6,3.733936,3.733936,3.733936,3.733936,3.733936,3.733936,0.0,0.0,0.0,0.0,0.0,0.0,0.0,0.0,0.0,0.0,0.0,0.0,0.0,0.0,0,0,0,0,0,0,0,0,0,0,0,1,0,0,1,0,0
1055138942,22.946507,22.427559,0.0,0.0160905,-1.0,2.0268245,0.5692752,1.0427761,nan,6,3.7379265,3.7379265,3.7379265,3.7379265,3.7379265,3.7379265,0.0,0.0,0.0,0.0,0.0,0.0,0.0,0.0,0.0,0.0,0.0,0.0,0.0,0.0,0,0,0,0,0,0,0,0,0,0,0,1,0,0,1,0,0
1055328878,23.517048,22.546143,0.0,0.017505595,-1.0,2.028074,0.6230853,1.0372332,nan,6,3.7576904,3.7576904,3.7576904,3.7576904,3.7576904,3.7576904,0.0,0.0,0.0,0.0,0.0,0.0,0.0,0.0,0.0,0.0,0.0,0.0,0.0,0.0,0,0,0,0,0,0,0,0,0,0,0,1,0,0,1,0,0
1055528882,23.419525,22.719124,0.0,0.011780765,-1.0,2.028074,0.69897586,1.0295151,nan,6,3.7865207,3.7865207,3.7865207,3.7865207,3.7865207,3.7865207,0.0,0.0,0.0,0.0,0.0,0.0,0.0,0.0,0.0,0.0,0.0,0.0,0.0,0.0,0,0,0,0,0,0,0,0,0,0,0,1,0,0,1,0,0
1055728880,23.294662,22.839668,0.0,0.007928118,-1.0,2.028074,0.7523292,1.0241575,nan,6,3.8066113,3.8066113,3.8066113,3.8066113,3.8066113,3.8066113,0.0,0.0,0.0,0.0,0.0,0.0,0.0,0.0,0.0,0.0,0.0,0.0,0.0,0.0,0,0,0,0,0,0,0,0,0,0,0,1,0,0,1,0,0
1055928923,23.400387,22.94094,0.0,0.005335396,-1.0,2.028074,0.7970889,1.0197057,nan,6,3.8234901,3.8234901,3.8234901,3.8234901,3.8234901,3.8234901,0.0,0.0,0.0,0.0,0.0,0.0,0.0,0.0,0.0,0.0,0.0,0.0,0.0,0.0,0,0,0,0,0,0,0,0,0,0,0,1,0,0,1,0,0
1056128878,23.398563,23.027807,14.4156,2.1350298,-1.0,2.3510869,0.83538276,1.0159276,nan,6,3.8379679,3.8379679,3.8379679,3.8379679,3.8379679,3.8379679,0.0,0.0,0.0,0.0,0.0,0.0,0.0,0.0,0.0,0.0,0.0,0.0,0.0,0.0,0,0,0,0,0,0,0,0,0,0,0,1,0,0,1,0,0
1056338877,23.279171,23.094812,8.551938,5.0986896,-1.0,3.004044,0.8651002,1.0130148,nan,6,3.8491354,3.8491354,3.8491354,3.8491354,3.8491354,3.8491354,0.0,0.0,0.0,0.0,0.0,0.0,0.0,0.0,0.0,0.0,0.0,0.0,0.0,0.0,0,0,0,0,0,0,0,0,0,0,0,1,0,0,1,0,0
1056538877,23.263676,23.136002,9.2002,6.3588266,-1.0,3.5000486,0.8836587,1.0112042,nan,6,3.8560002,3.8560002,3.8560002,3.8560002,3.8560002,3.8560002,0.0,0.0,0.0,0.0,0.0,0.0,0.0,0.0,0.0,0.0,0.0,0.0,0.0,0.0,0,0,0,0,0,0,0,0,0,0,0,1,0,0,1,0,0
1056728895,23.392183,23.173088,9.881425,7.3512444,-1.0,4.0020127,0.900204,1.0095956,nan,6,3.8621814,3.8621814,3.8621814,3.8621814,3.8621814,3.8621814,0.0,0.0,0.0,0.0,0.0,0.0,0.0,0.0,0.0,0.0,0.0,0.0,0.0,0.0,0,0,0,0,0,0,0,0,0,0,0,1,0,0,1,0,0
1056929085,23.363932,23.210493,10.115825,8.216272,-1.0,4.5569844,0.9167369,1.0079932,nan,6,3.8684156,3.8684156,3.8684156,3.8684156,3.8684156,3.8684156,0.0,0.0,0.0,0.0,0.0,0.0,0.0,0.0,0.0,0.0,0.0,0.0,0.0,0.0,0,0,0,0,0,0,0,0,0,0,0,1,0,0,1,0,0
1057128877,23.426817,23.241138,10.776906,8.977131,-1.0,5.1409397,0.87375385,1.0121697,nan,6,3.873523,3.873523,3.873523,3.873523,3.873523,3.873523,0.0,0.0,0.0,0.0,0.0,0.0,0.0,0.0,0.0,0.0,0.0,0.0,0.0,0.0,0,0,0,0,0,0,0,0,0,0,0,1,0,0,1,0,0
1057328903,23.412235,23.26744,11.231056,9.662182,-1.0,5.7566266,0.8395284,1.0155202,nan,6,3.8779068,3.8779068,3.8779068,3.8779068,3.8779068,3.8779068,0.0,0.0,0.0,0.0,0.0,0.0,0.0,0.0,0.0,0.0,0.0,0.0,0.0,0.0,0,0,0,0,0,0,0,0,0,0,0,1,0,0,1,0,0
1057528878,23.178915,23.271402,10.991162,10.144641,-1.0,6.375225,0.8299363,1.0164632,nan,6,3.878567,3.878567,3.878567,3.878567,3.878567,3.878567,0.0,0.0,0.0,0.0,0.0,0.0,0.0,0.0,0.0,0.0,0.0,0.0,0.0,0.0,0,0,0,0,0,0,0,0,0,0,0,1,0,0,1,0,0
1057728877,23.394918,23.276001,11.467287,10.59772,-1.0,7.0157766,0.8184169,1.0175979,nan,6,3.8793335,3.8793335,3.8793335,3.8793335,3.8793335,3.8793335,0.0,0.0,0.0,0.0,0.0,0.0,0.0,0.0,0.0,0.0,0.0,0.0,0.0,0.0,0,0,0,0,0,0,0,0,0,0,0,1,0,0,1,0,0
1057938881,23.226307,23.27844,11.906788,11.074496,-1.0,7.7148175,0.794843,1.0199281,nan,6,3.87974,3.87974,3.87974,3.87974,3.87974,3.87974,0.0,0.0,0.0,0.0,0.0,0.0,0.0,0.0,0.0,0.0,0.0,0.0,0.0,0.0,0,0,0,0,0,0,0,0,0,0,0,1,0,0,1,0,0
1058138877,23.66014,23.297451,12.439682,11.611625,-1.0,8.42147,0.77124816,1.022271,nan,6,3.8829086,3.8829086,3.8829086,3.8829086,3.8829086,3.8829086,0.0,0.0,0.0,0.0,0.0,0.0,0.0,0.0,0.0,0.0,0.0,0.0,0.0,0.0,0,0,0,0,0,0,0,0,0,0,0,1,0,0,1,0,0
1058329166,23.628239,23.356434,13.336994,12.109447,-1.0,9.11817,0.7654069,1.0228528,nan,6,3.892739,3.892739,3.892739,3.892739,3.892739,3.892739,0.0,0.0,0.0,0.0,0.0,0.0,0.0,0.0,0.0,0.0,0.0,0.0,0.0,0.0,0,0,0,0,0,0,0,0,0,0,0,1,0,0,1,0,0
1058529054,23.711176,23.404247,15.508856,12.711365,-1.0,9.890421,0.7526124,1.0241293,nan,6,3.900708,3.900708,3.900708,3.900708,3.900708,3.900708,0.0,0.0,0.0,0.0,0.0,0.0,0.0,0.0,0.0,0.0,0.0,0.0,0.0,0.0,0,0,0,0,0,0,0,0,0,0,0,1,0,0,1,0,0
1058728933,23.640087,23.44755,14.208669,13.235818,-1.0,10.685956,0.7410224,1.0252882,nan,6,3.907925,3.907925,3.907925,3.907925,3.907925,3.907925,0.0,0.0,0.0,0.0,0.0,0.0,0.0,0.0,0.0,0.0,0.0,0.0,0.0,0.0,0,0,0,0,0,0,0,0,0,0,0,1,0,0,1,0,0
1058929489,23.548037,23.482859,14.628025,13.712189,-1.0,11.503914,0.73288184,1.0261039,nan,6,3.9138098,3.9138098,3.9138098,3.9138098,3.9138098,3.9138098,0.0,0.0,0.0,0.0,0.0,0.0,0.0,0.0,0.0,0.0,0.0,0.0,0.0,0.0,0,0,0,0,0,0,0,0,0,0,0,1,0,0,1,0,0
1059138876,23.693861,23.519478,15.891588,14.220988,-1.0,12.387161,0.7323058,1.0261617,nan,6,3.919913,3.919913,3.919913,3.919913,3.919913,3.919913,0.0,0.0,0.0,0.0,0.0,0.0,0.0,0.0,0.0,0.0,0.0,0.0,0.0,0.0,0,0,0,0,0,0,0,0,0,0,0,1,0,0,1,0,0
1059338878,23.7449,23.54849,15.832987,14.479241,-1.0,13.220079,0.7357057,1.0258209,nan,6,3.9247484,3.9247484,3.9247484,3.9247484,3.9247484,3.9247484,0.0,0.0,0.0,0.0,0.0,0.0,0.0,0.0,0.0,0.0,0.0,0.0,0.0,0.0,0,0,0,0,0,0,0,0,0,0,0,1,0,0,1,0,0
1059528876,23.693861,23.576921,16.777912,14.7795,-1.0,14.0348425,0.7433246,1.0250578,nan,6,3.929487,3.929487,3.929487,3.929487,3.929487,3.929487,0.0,0.0,0.0,0.0,0.0,0.0,0.0,0.0,0.0,0.0,0.0,0.0,0.0,0.0,0,0,0,0,0,0,0,0,0,0,0,1,0,0,1,0,0
1059728876,23.591784,23.596043,16.611269,15.027552,-1.0,14.896536,0.74901706,1.0244886,nan,6,3.9326737,3.9326737,3.9326737,3.9326737,3.9326737,3.9326737,0.0,0.0,0.0,0.0,0.0,0.0,0.0,0.0,0.0,0.0,0.0,0.0,0.0,0.0,0,0,0,0,0,0,0,0,0,0,0,1,0,0,1,0,0
1059928878,23.543478,23.601278,18.186144,15.812657,-1.0,15.860121,0.7495006,1.0244402,nan,6,3.9335463,3.9335463,3.9335463,3.9335463,3.9335463,3.9335463,0.0,0.0,0.0,0.0,0.0,0.0,0.0,0.0,0.0,0.0,0.0,0.0,0.0,0.0,0,0,0,0,0,0,0,0,0,0,0,1,0,0,1,0,0
1060128877,23.552593,23.58704,16.516043,16.141273,-1.0,16.798439,0.7420848,1.0251819,nan,6,3.9311733,3.9311733,3.9311733,3.9311733,3.9311733,3.9311733,0.0,0.0,0.0,0.0,0.0,0.0,0.0,0.0,0.0,0.0,0.0,0.0,0.0,0.0,0,0,0,0,0,0,0,0,0,0,0,1,0,0,1,0,0
1060328881,23.520693,23.57282,18.658606,16.821434,-1.0,17.806982,0.7347844,1.0259131,nan,6,3.9288034,3.9288034,3.9288034,3.9288034,3.9288034,3.9288034,0.0,0.0,0.0,0.0,0.0,0.0,0.0,0.0,0.0,0.0,0.0,0.0,0.0,0.0,0,0,0,0,0,0,0,0,0,0,0,1,0,0,1,0,0
1060538877,23.46601,23.56289,18.418713,17.27883,-1.0,18.867582,0.72924834,1.0264684,nan,6,3.927148,3.927148,3.927148,3.927148,3.927148,3.927148,0.0,0.0,0.0,0.0,0.0,0.0,0.0,0.0,0.0,0.0,0.0,0.0,0.0,0.0,0,0,0,0,0,0,0,0,0,0,0,1,0,0,1,0,0
1060738923,23.55168,23.558039,18.883848,17.586609,-1.0,19.877396,0.7269986,1.0266942,nan,6,3.9263399,3.9263399,3.9263399,3.9263399,3.9263399,3.9263399,0.0,0.0,0.0,0.0,0.0,0.0,0.0,0.0,0.0,0.0,0.0,0.0,0.0,0.0,0,0,0,0,0,0,0,0,0,0,0,1,0,0,1,0,0
1060939296,23.522514,23.553915,16.587463,17.856564,-1.0,20.905474,0.7266229,1.0267318,nan,6,3.9256525,3.9256525,3.9256525,3.9256525,3.9256525,3.9256525,0.0,0.0,0.0,0.0,0.0,0.0,0.0,0.0,0.0,0.0,0.0,0.0,0.0,0.0,0,0,0,0,0,0,0,0,0,0,0,1,0,0,1,0,0
1061128886,23.369398,23.545706,19.563244,18.22053,-1.0,21.905172,0.7256053,1.0268341,nan,6,3.9242842,3.9242842,3.9242842,3.9242842,3.9242842,3.9242842,0.0,0.0,0.0,0.0,0.0,0.0,0.0,0.0,0.0,0.0,0.0,0.0,0.0,0.0,0,0,0,0,0,0,0,0,0,0,0,1,0,0,1,0,0
1061328875,23.535275,23.541176,19.242775,18.498014,-1.0,22.965612,0.7267774,1.0267165,nan,6,3.9235294,3.9235294,3.9235294,3.9235294,3.9235294,3.9235294,0.0,0.0,0.0,0.0,0.0,0.0,0.0,0.0,0.0,0.0,0.0,0.0,0.0,0.0,0,0,0,0,0,0,0,0,0,0,0,1,0,0,1,0,0
1061528878,23.723936,23.543667,19.418575,18.805155,-1.0,24.045488,0.7312196,1.0262706,nan,6,3.9239445,3.9239445,3.9239445,3.9239445,3.9239445,3.9239445,0.0,0.0,0.0,0.0,0.0,0.0,0.0,0.0,0.0,0.0,0.0,0.0,0.0,0.0,0,0,0,0,0,0,0,0,0,0,0,1,0,0,1,0,0
1061728877,23.561707,23.566837,18.448011,18.681631,-1.0,25.068735,0.7448552,1.0249047,nan,6,3.9278061,3.9278061,3.9278061,3.9278061,3.9278061,3.9278061,0.0,0.0,0.0,0.0,0.0,0.0,0.0,0.0,0.0,0.0,0.0,0.0,0.0,0.0,0,0,0,0,0,0,0,0,0,0,0,1,0,0,1,0,0
1061938880,23.723936,23.597055,18.887512,18.693031,-1.0,26.159508,0.7625697,1.0231355,nan,6,3.9328425,3.9328425,3.9328425,3.9328425,3.9328425,3.9328425,0.0,0.0,0.0,0.0,0.0,0.0,0.0,0.0,0.0,0.0,0.0,0.0,0.0,0.0,0,0,0,0,0,0,0,0,0,0,0,1,0,0,1,0,0
1062138877,23.727581,23.626005,17.75397,18.549545,-1.0,27.173035,0.78045493,1.0213556,nan,6,3.9376676,3.9376676,3.9376676,3.9376676,3.9376676,3.9376676,0.0,0.0,0.0,0.0,0.0,0.0,0.0,0.0,0.0,0.0,0.0,0.0,0.0,0.0,0,0,0,0,0,0,0,0,0,0,0,1,0,0,1,0,0
1062328877,23.696594,23.642704,17.449982,18.610617,-1.0,28.163975,0.79410297,1.0200014,nan,6,3.9404507,3.9404507,3.9404507,3.9404507,3.9404507,3.9404507,0.0,0.0,0.0,0.0,0.0,0.0,0.0,0.0,0.0,0.0,0.0,0.0,0.0,0.0,0,0,0,0,0,0,0,0,0,0,0,1,0,0,1,0,0
1062528886,23.711176,23.651924,17.981043,18.684618,-1.0,29.208786,0.8058494,1.0188389,nan,6,3.9419873,3.9419873,3.9419873,3.9419873,3.9419873,3.9419873,0.0,0.0,0.0,0.0,0.0,0.0,0.0,0.0,0.0,0.0,0.0,0.0,0.0,0.0,0,0,0,0,0,0,0,0,0,0,0,1,0,0,1,0,0
1062728880,23.738518,23.661335,20.365332,18.876072,-1.0,30.276312,0.81791526,1.0176475,nan,6,3.9435558,3.9435558,3.9435558,3.9435558,3.9435558,3.9435558,0.0,0.0,0.0,0.0,0.0,0.0,0.0,0.0,0.0,0.0,0.0,0.0,0.0,0.0,0,0,0,0,0,0,0,0,0,0,0,1,0,0,1,0,0
1062929304,23.83604,23.669853,17.274181,18.873854,-1.0,31.32663,0.82970554,1.0164858,nan,6,3.9449756,3.9449756,3.9449756,3.9449756,3.9449756,3.9449756,0.0,0.0,0.0,0.0,0.0,0.0,0.0,0.0,0.0,0.0,0.0,0.0,0.0,0.0,0,0,0,0,0,0,0,0,0,0,0,1,0,0,1,0,0
1063128877,23.707533,23.67902,17.891314,19.0279,-1.0,32.400635,0.8417161,1.0153054,nan,6,3.9465034,3.9465034,3.9465034,3.9465034,3.9465034,3.9465034,0.0,0.0,0.0,0.0,0.0,0.0,0.0,0.0,0.0,0.0,0.0,0.0,0.0,0.0,0,0,0,0,0,0,0,0,0,0,0,1,0,0,1,0,0
1063338878,23.671076,23.686783,19.3673,19.22926,-1.0,33.543842,0.8537591,1.0141245,nan,6,3.947797,3.947797,3.947797,3.947797,3.947797,3.947797,0.0,0.0,0.0,0.0,0.0,0.0,0.0,0.0,0.0,0.0,0.0,0.0,0.0,0.0,0,0,0,0,0,0,0,0,0,0,0,1,0,0,1,0,0
1063539052,23.773151,23.692553,20.337864,19.109816,-1.0,34.594578,0.8645833,1.0130653,nan,6,3.9487588,3.9487588,3.9487588,3.9487588,3.9487588,3.9487588,0.0,0.0,0.0,0.0,0.0,0.0,0.0,0.0,0.0,0.0,0.0,0.0,0.0,0.0,0,0,0,0,0,0,0,0,0,0,0,1,0,0,1,0,0
1063728877,23.730318,23.698877,18.142193,18.858274,-1.0,35.559895,0.87477046,1.0120705,nan,6,3.949813,3.949813,3.949813,3.949813,3.949813,3.949813,0.0,0.0,0.0,0.0,0.0,0.0,0.0,0.0,0.0,0.0,0.0,0.0,0.0,0.0,0,0,0,0,0,0,0,0,0,0,0,1,0,0,1,0,0
1063928878,23.733961,23.704353,18.18065,18.64458,-1.0,36.568268,0.885114,1.0110625,nan,6,3.9507256,3.9507256,3.9507256,3.9507256,3.9507256,3.9507256,0.0,0.0,0.0,0.0,0.0,0.0,0.0,0.0,0.0,0.0,0.0,0.0,0.0,0.0,0,0,0,0,0,0,0,0,0,0,0,1,0,0,1,0,0
1064128879,23.727581,23.704903,18.308836,18.518042,-1.0,37.579853,0.89371425,1.010226,nan,6,3.950817,3.950817,3.950817,3.950817,3.950817,3.950817,0.0,0.0,0.0,0.0,0.0,0.0,0.0,0.0,0.0,0.0,0.0,0.0,0.0,0.0,0,0,0,0,0,0,0,0,0,0,0,1,0,0,1,0,0
1064328878,23.727581,23.715069,18.526754,18.659094,-1.0,38.628624,0.9063571,1.0089986,nan,6,3.9525115,3.9525115,3.9525115,3.9525115,3.9525115,3.9525115,0.0,0.0,0.0,0.0,0.0,0.0,0.0,0.0,0.0,0.0,0.0,0.0,0.0,0.0,0,0,0,0,0,0,0,0,0,0,0,1,0,0,1,0,0
1064528878,23.679277,23.724121,17.867506,18.641462,-1.0,39.661167,0.9184993,1.0078228,nan,6,3.9540203,3.9540203,3.9540203,3.9540203,3.9540203,3.9540203,0.0,0.0,0.0,0.0,0.0,0.0,0.0,0.0,0.0,0.0,0.0,0.0,0.0,0.0,0,0,0,0,0,0,0,0,0,0,0,1,0,0,1,0,0
1064738877,23.718468,23.726156,17.880325,18.563541,-1.0,40.731915,0.9283412,1.0068716,nan,6,3.9543593,3.9543593,3.9543593,3.9543593,3.9543593,3.9543593,0.0,0.0,0.0,0.0,0.0,0.0,0.0,0.0,0.0,0.0,0.0,0.0,0.0,0.0,0,0,0,0,0,0,0,0,0,0,0,1,0,0,1,0,0
1064938900,23.563528,23.726088,17.649588,18.556213,-1.0,41.76289,0.9376252,1.005976,nan,6,3.9543478,3.9543478,3.9543478,3.9543478,3.9543478,3.9543478,0.0,0.0,0.0,0.0,0.0,0.0,0.0,0.0,0.0,0.0,0.0,0.0,0.0,0.0,0,0,0,0,0,0,0,0,0,0,0,1,0,0,1,0,0
1065128900,23.753103,23.729088,18.153181,18.563473,-1.0,42.742165,0.94844276,1.0049344,nan,6,3.954848,3.954848,3.954848,3.954848,3.954848,3.954848,0.0,0.0,0.0,0.0,0.0,0.0,0.0,0.0,0.0,0.0,0.0,0.0,0.0,0.0,0,0,0,0,0,0,0,0,0,0,0,1,0,0,1,0,0
1065328877,23.739431,23.727583,17.909626,18.663822,-1.0,43.78886,0.95822746,1.0039942,nan,6,3.9545972,3.9545972,3.9545972,3.9545972,3.9545972,3.9545972,0.0,0.0,0.0,0.0,0.0,0.0,0.0,0.0,0.0,0.0,0.0,0.0,0.0,0.0,0,0,0,0,0,0,0,0,0,0,0,1,0,0,1,0,0
1065528878,23.75857,23.72934,18.590849,18.657541,-1.0,44.821373,0.9699424,1.0028708,nan,6,3.95489,3.95489,3.95489,3.95489,3.95489,3.95489,0.0,0.0,0.0,0.0,0.0,0.0,0.0,0.0,0.0,0.0,0.0,0.0,0.0,0.0,0,0,0,0,0,0,0,0,0,0,0,1,0,0,1,0,0
1065728878,23.749456,23.729755,21.061207,18.939373,-1.0,45.901154,0.9816726,1.0017486,nan,6,3.9549592,3.9549592,3.9549592,3.9549592,3.9549592,3.9549592,0.0,0.0,0.0,0.0,0.0,0.0,0.0,0.0,0.0,0.0,0.0,0.0,0.0,0.0,0,0,0,0,0,0,0,0,0,0,0,1,0,0,1,0,0
1065929310,23.653759,23.732758,20.0998,19.437283,-1.0,47.039474,0.99569637,1.0004101,nan,6,3.9554596,3.9554596,3.9554596,3.9554596,3.9554596,3.9554596,0.0,0.0,0.0,0.0,0.0,0.0,0.0,0.0,0.0,0.0,0.0,0.0,0.0,0.0,0,0,0,0,0,0,0,0,0,0,0,1,0,0,1,0,0
1066138964,23.708443,23.733505,18.497458,19.2272,-1.0,48.13593,1.0,1.0,nan,6,3.9555843,3.9555843,3.9555843,3.9555843,3.9555843,3.9555843,0.0,0.0,0.0,0.0,0.0,0.0,0.0,0.0,0.0,0.0,0.0,0.0,0.0,0.0,0,0,0,0,0,0,0,0,0,0,0,1,0,0,1,0,0
1066338876,23.70571,23.737467,19.905687,19.19172,-1.0,49.194565,1.0,1.0,nan,6,3.9562445,3.9562445,3.9562445,3.9562445,3.9562445,3.9562445,0.0,0.0,0.0,0.0,0.0,0.0,0.0,0.0,0.0,0.0,0.0,0.0,0.0,0.0,0,0,0,0,0,0,0,0,0,0,0,1,0,0,1,0,0
1066528885,23.780445,23.737679,18.524925,19.183197,-1.0,50.206093,1.0,1.0,nan,6,3.9562798,3.9562798,3.9562798,3.9562798,3.9562798,3.9562798,0.0,0.0,0.0,0.0,0.0,0.0,0.0,0.0,0.0,0.0,0.0,0.0,0.0,0.0,0,0,0,0,0,0,0,0,0,0,0,1,0,0,1,0,0
1066738881,23.806873,23.746408,18.781301,19.149366,-1.0,51.318832,1.0,1.0,nan,6,3.9577348,3.9577348,3.9577348,3.9577348,3.9577348,3.9577348,0.0,0.0,0.0,0.0,0.0,0.0,0.0,0.0,0.0,0.0,0.0,0.0,0.0,0.0,0,0,0,0,0,0,0,0,0,0,0,1,0,0,1,0,0
1066928878,23.813255,23.756601,18.953438,19.175201,-1.0,52.33166,1.0,1.0,nan,6,3.9594336,3.9594336,3.9594336,3.9594336,3.9594336,3.9594336,0.0,0.0,0.0,0.0,0.0,0.0,0.0,0.0,0.0,0.0,0.0,0.0,0.0,0.0,0,0,0,0,0,0,0,0,0,0,0,1,0,0,1,0,0
1067129915,23.777708,23.759388,19.44238,19.309517,-1.0,53.42426,1.0,1.0,nan,6,3.959898,3.959898,3.959898,3.959898,3.959898,3.959898,0.0,0.0,0.0,0.0,0.0,0.0,0.0,0.0,0.0,0.0,0.0,0.0,0.0,0.0,0,0,0,0,0,0,0,0,0,0,0,1,0,0,1,0,0
1067328877,23.75766,23.758904,19.288555,19.471096,-1.0,54.517727,1.0,1.0,nan,6,3.9598172,3.9598172,3.9598172,3.9598172,3.9598172,3.9598172,0.0,0.0,0.0,0.0,0.0,0.0,0.0,0.0,0.0,0.0,0.0,0.0,0.0,0.0,0,0,0,0,0,0,0,0,0,0,0,1,0,0,1,0,0
1067538911,23.7449,23.76066,21.826668,20.20424,-1.0,55.77943,1.0,1.0,nan,6,3.96011,3.96011,3.96011,3.96011,3.96011,3.96011,0.0,0.0,0.0,0.0,0.0,0.0,0.0,0.0,0.0,0.0,0.0,0.0,0.0,0.0,0,0,0,0,0,0,0,0,0,0,0,1,0,0,1,0,0
1067738876,23.721203,23.759949,21.399988,20.615883,-1.0,56.972027,1.0,1.0,nan,6,3.9599915,3.9599915,3.9599915,3.9599915,3.9599915,3.9599915,0.0,0.0,0.0,0.0,0.0,0.0,0.0,0.0,0.0,0.0,0.0,0.0,0.0,0.0,0,0,0,0,0,0,0,0,0,0,0,1,0,0,1,0,0
1067938879,23.733051,23.76002,21.279125,20.681286,-1.0,58.127884,1.0,1.0,nan,6,3.9600031,3.9600031,3.9600031,3.9600031,3.9600031,3.9600031,0.0,0.0,0.0,0.0,0.0,0.0,0.0,0.0,0.0,0.0,0.0,0.0,0.0,0.0,0,0,0,0,0,0,0,0,0,0,0,1,0,0,1,0,0
1068128895,23.788647,23.761497,21.339556,20.588718,-1.0,59.204277,1.0,1.0,nan,6,3.9602497,3.9602497,3.9602497,3.9602497,3.9602497,3.9602497,0.0,0.0,0.0,0.0,0.0,0.0,0.0,0.0,0.0,0.0,0.0,0.0,0.0,0.0,0,0,0,0,0,0,0,0,0,0,0,1,0,0,1,0,0
1068328877,23.735785,23.759727,20.381813,20.587797,-1.0,60.347786,1.0,1.0,nan,6,3.9599545,3.9599545,3.9599545,3.9599545,3.9599545,3.9599545,0.0,0.0,0.0,0.0,0.0,0.0,0.0,0.0,0.0,0.0,0.0,0.0,0.0,0.0,0,0,0,0,0,0,0,0,0,0,0,1,0,0,1,0,0
1068528877,23.844244,23.763086,21.341387,20.889906,-1.0,61.53969,1.0,1.0,nan,6,3.9605143,3.9605143,3.9605143,3.9605143,3.9605143,3.9605143,0.0,0.0,0.0,0.0,0.0,0.0,0.0,0.0,0.0,0.0,0.0,0.0,0.0,0.0,0,0,0,0,0,0,0,0,0,0,0,1,0,0,1,0,0
1068728945,23.754013,23.762476,20.854275,20.97732,-1.0,62.71538,1.0,1.0,nan,6,3.9604127,3.9604127,3.9604127,3.9604127,3.9604127,3.9604127,0.0,0.0,0.0,0.0,0.0,0.0,0.0,0.0,0.0,0.0,0.0,0.0,0.0,0.0,0,0,0,0,0,0,0,0,0,0,0,1,0,0,1,0,0
1068938880,23.789558,23.763538,21.030075,20.953983,-1.0,63.932697,1.0,1.0,nan,6,3.9605896,3.9605896,3.9605896,3.9605896,3.9605896,3.9605896,0.0,0.0,0.0,0.0,0.0,0.0,0.0,0.0,0.0,0.0,0.0,0.0,0.0,0.0,0,0,0,0,0,0,0,0,0,0,0,1,0,0,1,0,0
1069140197,23.827837,23.77099,20.889069,20.95723,-1.0,65.10364,1.0,1.0,nan,6,3.9618318,3.9618318,3.9618318,3.9618318,3.9618318,3.9618318,0.0,0.0,0.0,0.0,0.0,0.0,0.0,0.0,0.0,0.0,0.0,0.0,0.0,0.0,0,0,0,0,0,0,0,0,0,0,0,1,0,0,1,0,0
1069328877,23.815077,23.77781,20.911043,21.057013,-1.0,66.21805,1.0,1.0,nan,6,3.962968,3.962968,3.962968,3.962968,3.962968,3.962968,0.0,0.0,0.0,0.0,0.0,0.0,0.0,0.0,0.0,0.0,0.0,0.0,0.0,0.0,0,0,0,0,0,0,0,0,0,0,0,1,0,0,1,0,0
1069528876,23.823278,23.779253,20.879911,20.993887,-1.0,67.37629,1.0,1.0,nan,6,3.963209,3.963209,3.963209,3.963209,3.963209,3.963209,0.0,0.0,0.0,0.0,0.0,0.0,0.0,0.0,0.0,0.0,0.0,0.0,0.0,0.0,0,0,0,0,0,0,0,0,0,0,0,1,0,0,1,0,0
1069728876,23.734875,23.773767,22.339418,21.327526,-1.0,68.59624,1.0,1.0,nan,6,3.9622946,3.9622946,3.9622946,3.9622946,3.9622946,3.9622946,0.0,0.0,0.0,0.0,0.0,0.0,0.0,0.0,0.0,0.0,0.0,0.0,0.0,0.0,0,0,0,0,0,0,0,0,0,0,0,1,0,0,1,0,0
1069928888,23.806873,23.773247,22.081211,21.621523,-1.0,69.83034,1.0,1.0,nan,6,3.9622078,3.9622078,3.9622078,3.9622078,3.9622078,3.9622078,0.0,0.0,0.0,0.0,0.0,0.0,0.0,0.0,0.0,0.0,0.0,0.0,0.0,0.0,0,0,0,0,0,0,0,0,0,0,0,1,0,0,1,0,0
1070128877,23.794115,23.772663,21.762575,21.717766,-1.0,71.048706,1.0,1.0,nan,6,3.9621105,3.9621105,3.9621105,3.9621105,3.9621105,3.9621105,0.0,0.0,0.0,0.0,0.0,0.0,0.0,0.0,0.0,0.0,0.0,0.0,0.0,0.0,0,0,0,0,0,0,0,0,0,0,0,1,0,0,1,0,0
1070338879,23.820545,23.767239,22.275324,21.611364,-1.0,72.29532,1.0,1.0,nan,6,3.9612064,3.9612064,3.9612064,3.9612064,3.9612064,3.9612064,0.0,0.0,0.0,0.0,0.0,0.0,0.0,0.0,0.0,0.0,0.0,0.0,0.0,0.0,0,0,0,0,0,0,0,0,0,0,0,1,0,0,1,0,0
1070538877,23.760393,23.769648,22.07938,21.742445,-1.0,73.518005,1.0,1.0,nan,6,3.961608,3.961608,3.961608,3.961608,3.961608,3.961608,0.0,0.0,0.0,0.0,0.0,0.0,0.0,0.0,0.0,0.0,0.0,0.0,0.0,0.0,0,0,0,0,0,0,0,0,0,0,0,1,0,0,1,0,0
1070728878,23.910776,23.770472,20.266443,21.552135,-1.0,74.63661,1.0,1.0,nan,6,3.9617453,3.9617453,3.9617453,3.9617453,3.9617453,3.9617453,0.0,0.0,0.0,0.0,0.0,0.0,0.0,0.0,0.0,0.0,0.0,0.0,0.0,0.0,0,0,0,0,0,0,0,0,0,0,0,1,0,0,1,0,0
1070928877,23.841507,23.771227,21.09966,21.238314,-1.0,75.77887,1.0,1.0,nan,6,3.9618711,3.9618711,3.9618711,3.9618711,3.9618711,3.9618711,0.0,0.0,0.0,0.0,0.0,0.0,0.0,0.0,0.0,0.0,0.0,0.0,0.0,0.0,0,0,0,0,0,0,0,0,0,0,0,1,0,0,1,0,0
1071128904,23.785912,23.77266,21.720457,21.227482,-1.0,76.95421,1.0,1.0,nan,6,3.9621098,3.9621098,3.9621098,3.9621098,3.9621098,3.9621098,0.0,0.0,0.0,0.0,0.0,0.0,0.0,0.0,0.0,0.0,0.0,0.0,0.0,0.0,0,0,0,0,0,0,0,0,0,0,0,1,0,0,1,0,0
1071328904,23.709352,23.774,22.553677,21.085238,-1.0,78.10987,1.0,1.0,nan,6,3.9623334,3.9623334,3.9623334,3.9623334,3.9623334,3.9623334,0.0,0.0,0.0,0.0,0.0,0.0,0.0,0.0,0.0,0.0,0.0,0.0,0.0,0.0,0,0,0,0,0,0,0,0,0,0,0,1,0,0,1,0,0
1071529240,23.8169,23.776594,20.61438,21.10177,-1.0,79.289055,1.0,1.0,nan,6,3.9627657,3.9627657,3.9627657,3.9627657,3.9627657,3.9627657,0.0,0.0,0.0,0.0,0.0,0.0,0.0,0.0,0.0,0.0,0.0,0.0,0.0,0.0,0,0,0,0,0,0,0,0,0,0,0,1,0,0,1,0,0
1071738899,23.86247,23.787489,22.321106,21.236355,-1.0,80.53716,1.0,1.0,nan,6,3.9645815,3.9645815,3.9645815,3.9645815,3.9645815,3.9645815,0.0,0.0,0.0,0.0,0.0,0.0,0.0,0.0,0.0,0.0,0.0,0.0,0.0,0.0,0,0,0,0,0,0,0,0,0,0,0,1,0,0,1,0,0
1071938877,23.75766,23.788164,21.454926,21.437176,-1.0,81.75272,1.0,1.0,nan,6,3.964694,3.964694,3.964694,3.964694,3.964694,3.964694,0.0,0.0,0.0,0.0,0.0,0.0,0.0,0.0,0.0,0.0,0.0,0.0,0.0,0.0,0,0,0,0,0,0,0,0,0,0,0,1,0,0,1,0,0
1072128877,23.785002,23.790516,21.235176,21.293724,-1.0,82.85917,1.0,1.0,nan,6,3.965086,3.965086,3.965086,3.965086,3.965086,3.965086,0.0,0.0,0.0,0.0,0.0,0.0,0.0,0.0,0.0,0.0,0.0,0.0,0.0,0.0,0,0,0,0,0,0,0,0,0,0,0,1,0,0,1,0,0
1072328879,23.765862,23.789738,22.625093,21.583569,-1.0,84.090195,1.0,1.0,nan,6,3.9649563,3.9649563,3.9649563,3.9649563,3.9649563,3.9649563,0.0,0.0,0.0,0.0,0.0,0.0,0.0,0.0,0.0,0.0,0.0,0.0,0.0,0.0,0,0,0,0,0,0,0,0,0,0,0,1,0,0,1,0,0
1072528877,23.820545,23.788725,22.040926,21.828892,-1.0,85.33223,1.0,1.0,nan,6,3.9647875,3.9647875,3.9647875,3.9647875,3.9647875,3.9647875,0.0,0.0,0.0,0.0,0.0,0.0,0.0,0.0,0.0,0.0,0.0,0.0,0.0,0.0,0,0,0,0,0,0,0,0,0,0,0,1,0,0,1,0,0
1072728880,23.857002,23.78728,21.958519,21.754187,-1.0,86.53227,1.0,1.0,nan,6,3.9645464,3.9645464,3.9645464,3.9645464,3.9645464,3.9645464,0.0,0.0,0.0,0.0,0.0,0.0,0.0,0.0,0.0,0.0,0.0,0.0,0.0,0.0,0,0,0,0,0,0,0,0,0,0,0,1,0,0,1,0,0
1072929230,23.775888,23.789505,21.454926,21.728138,-1.0,87.74066,1.0,1.0,nan,6,3.9649174,3.9649174,3.9649174,3.9649174,3.9649174,3.9649174,0.0,0.0,0.0,0.0,0.0,0.0,0.0,0.0,0.0,0.0,0.0,0.0,0.0,0.0,0,0,0,0,0,0,0,0,0,0,0,1,0,0,1,0,0
1073139691,23.846064,23.788942,22.509724,21.888971,-1.0,89.0367,1.0,1.0,nan,6,3.9648237,3.9648237,3.9648237,3.9648237,3.9648237,3.9648237,0.0,0.0,0.0,0.0,0.0,0.0,0.0,0.0,0.0,0.0,0.0,0.0,0.0,0.0,0,0,0,0,0,0,0,0,0,0,0,1,0,0,1,0,0
1073338878,23.767685,23.789692,22.238699,22.009537,-1.0,90.26853,1.0,1.0,nan,6,3.9649487,3.9649487,3.9649487,3.9649487,3.9649487,3.9649487,0.0,0.0,0.0,0.0,0.0,0.0,0.0,0.0,0.0,0.0,0.0,0.0,0.0,0.0,0,0,0,0,0,0,0,0,0,0,0,1,0,0,1,0,0
1073528879,23.9126,23.791988,22.460281,22.185303,-1.0,91.459435,1.0,1.0,nan,6,3.9653313,3.9653313,3.9653313,3.9653313,3.9653313,3.9653313,0.0,0.0,0.0,0.0,0.0,0.0,0.0,0.0,0.0,0.0,0.0,0.0,0.0,0.0,0,0,0,0,0,0,0,0,0,0,0,1,0,0,1,0,0
1073728877,23.846064,23.795523,21.442106,22.076904,-1.0,92.675186,1.0,1.0,nan,6,3.9659204,3.9659204,3.9659204,3.9659204,3.9659204,3.9659204,0.0,0.0,0.0,0.0,0.0,0.0,0.0,0.0,0.0,0.0,0.0,0.0,0.0,0.0,0,0,0,0,0,0,0,0,0,0,0,1,0,0,1,0,0
1073928891,23.841507,23.803728,21.31392,21.969938,-1.0,93.883995,1.0,1.0,nan,6,3.967288,3.967288,3.967288,3.967288,3.967288,3.967288,0.0,0.0,0.0,0.0,0.0,0.0,0.0,0.0,0.0,0.0,0.0,0.0,0.0,0.0,0,0,0,0,0,0,0,0,0,0,0,1,0,0,1,0,0
1074129184,23.967283,23.808363,21.577618,21.719593,-1.0,95.062836,1.0,1.0,nan,6,3.9680605,3.9680605,3.9680605,3.9680605,3.9680605,3.9680605,0.0,0.0,0.0,0.0,0.0,0.0,0.0,0.0,0.0,0.0,0.0,0.0,0.0,0.0,0,0,0,0,0,0,0,0,0,0,0,1,0,0,1,0,0
1074328878,23.869762,23.807304,21.085012,21.704805,-1.0,96.267426,1.0,1.0,nan,6,3.967884,3.967884,3.967884,3.967884,3.967884,3.967884,0.0,0.0,0.0,0.0,0.0,0.0,0.0,0.0,0.0,0.0,0.0,0.0,0.0,0.0,0,0,0,0,0,0,0,0,0,0,0,1,0,0,1,0,0
1074538881,23.767685,23.804058,21.833994,21.704752,-1.0,97.53255,1.0,1.0,nan,6,3.967343,3.967343,3.967343,3.967343,3.967343,3.967343,0.0,0.0,0.0,0.0,0.0,0.0,0.0,0.0,0.0,0.0,0.0,0.0,0.0,0.0,0,0,0,0,0,0,0,0,0,0,0,1,0,0,1,0,0
1074738878,23.782267,23.800142,21.868786,21.879139,-1.0,98.76882,1.0,1.0,nan,6,3.9666903,3.9666903,3.9666903,3.9666903,3.9666903,3.9666903,0.0,0.0,0.0,0.0,0.0,0.0,0.0,0.0,0.0,0.0,0.0,0.0,0.0,0.0,0,0,0,0,0,0,0,0,0,0,0,1,0,0,1,0,0
1074939070,23.852444,23.79914,22.068394,21.96727,-1.0,100.000374,1.0,1.0,nan,6,3.9665234,3.9665234,3.9665234,3.9665234,3.9665234,3.9665234,0.0,0.0,0.0,0.0,0.0,0.0,0.0,0.0,0.0,0.0,0.0,0.0,0.0,0.0,0,0,0,0,0,0,0,0,0,0,0,1,0,0,1,0,0
1075129546,23.788647,23.80189,22.745956,22.025518,-1.0,101.17108,1.0,1.0,nan,6,3.9669816,3.9669816,3.9669816,3.9669816,3.9669816,3.9669816,0.0,0.0,0.0,0.0,0.0,0.0,0.0,0.0,0.0,0.0,0.0,0.0,0.0,0.0,0,0,0,0,0,0,0,0,0,0,0,1,0,0,1,0,0
1075328879,23.815077,23.799305,22.174606,22.121967,-1.0,102.407936,1.0,1.0,nan,6,3.9665508,3.9665508,3.9665508,3.9665508,3.9665508,3.9665508,0.0,0.0,0.0,0.0,0.0,0.0,0.0,0.0,0.0,0.0,0.0,0.0,0.0,0.0,0,0,0,0,0,0,0,0,0,0,0,1,0,0,1,0,0
1075528961,23.831482,23.799,21.4769,22.011429,-1.0,103.6189,1.0,1.0,nan,6,3.9665,3.9665,3.9665,3.9665,3.9665,3.9665,0.0,0.0,0.0,0.0,0.0,0.0,0.0,0.0,0.0,0.0,0.0,0.0,0.0,0.0,0,0,0,0,0,0,0,0,0,0,0,1,0,0,1,0,0
1075728901,23.824192,23.800232,21.71313,21.793869,-1.0,104.8032,1.0,1.0,nan,6,3.9667053,3.9667053,3.9667053,3.9667053,3.9667053,3.9667053,0.0,0.0,0.0,0.0,0.0,0.0,0.0,0.0,0.0,0.0,0.0,0.0,0.0,0.0,0,0,0,0,0,0,0,0,0,0,0,1,0,0,1,0,0
1075938877,23.864292,23.80211,21.381676,21.620167,-1.0,106.0453,1.0,1.0,nan,6,3.9670184,3.9670184,3.9670184,3.9670184,3.9670184,3.9670184,0.0,0.0,0.0,0.0,0.0,0.0,0.0,0.0,0.0,0.0,0.0,0.0,0.0,0.0,0,0,0,0,0,0,0,0,0,0,0,1,0,0,1,0,0
1076138877,23.877052,23.807177,21.63805,21.499369,-1.0,107.22441,1.0,1.0,nan,6,3.9678628,3.9678628,3.9678628,3.9678628,3.9678628,3.9678628,0.0,0.0,0.0,0.0,0.0,0.0,0.0,0.0,0.0,0.0,0.0,0.0,0.0,0.0,0,0,0,0,0,0,0,0,0,0,0,1,0,0,1,0,0
1076329021,23.866116,23.813383,22.989511,21.767374,-1.0,108.40399,1.0,1.0,nan,6,3.968897,3.968897,3.968897,3.968897,3.968897,3.968897,0.0,0.0,0.0,0.0,0.0,0.0,0.0,0.0,0.0,0.0,0.0,0.0,0.0,0.0,0,0,0,0,0,0,0,0,0,0,0,1,0,0,1,0,0
1076529390,23.869762,23.822924,22.509724,22.094585,-1.0,109.67175,1.0,1.0,nan,6,3.9704874,3.9704874,3.9704874,3.9704874,3.9704874,3.9704874,0.0,0.0,0.0,0.0,0.0,0.0,0.0,0.0,0.0,0.0,0.0,0.0,0.0,0.0,0,0,0,0,0,0,0,0,0,0,0,1,0,0,1,0,0
1076739561,23.838774,23.821493,22.40168,22.176283,-1.0,110.97649,1.0,1.0,nan,6,3.970249,3.970249,3.970249,3.970249,3.970249,3.970249,0.0,0.0,0.0,0.0,0.0,0.0,0.0,0.0,0.0,0.0,0.0,0.0,0.0,0.0,0,0,0,0,0,0,0,0,0,0,0,1,0,0,1,0,0
1076930079,23.678366,23.81688,22.843012,22.242561,-1.0,112.15882,0.9983819,1.0001541,nan,6,3.9694798,3.9694798,3.9694798,3.9694798,3.9694798,3.9694798,0.0,0.0,0.0,0.0,0.0,0.0,0.0,0.0,0.0,0.0,0.0,0.0,0.0,0.0,0,0,0,0,0,0,0,0,0,0,0,1,0,0,1,0,0
1077129077,23.80414,23.812962,22.365055,22.39395,-1.0,113.41517,0.9826835,1.0016519,nan,6,3.968827,3.968827,3.968827,3.968827,3.968827,3.968827,0.0,0.0,0.0,0.0,0.0,0.0,0.0,0.0,0.0,0.0,0.0,0.0,0.0,0.0,0,0,0,0,0,0,0,0,0,0,0,1,0,0,1,0,0
1077338897,23.861559,23.812927,21.464083,22.183315,-1.0,114.68631,0.96839267,1.0030193,nan,6,3.9688213,3.9688213,3.9688213,3.9688213,3.9688213,3.9688213,0.0,0.0,0.0,0.0,0.0,0.0,0.0,0.0,0.0,0.0,0.0,0.0,0.0,0.0,0,0,0,0,0,0,0,0,0,0,0,1,0,0,1,0,0
1077538877,23.829659,23.813328,22.456617,22.189426,-1.0,115.91631,0.9580968,1.0040067,nan,6,3.968888,3.968888,3.968888,3.968888,3.968888,3.968888,0.0,0.0,0.0,0.0,0.0,0.0,0.0,0.0,0.0,0.0,0.0,0.0,0.0,0.0,0,0,0,0,0,0,0,0,0,0,0,1,0,0,1,0,0
1077728878,23.877964,23.815035,22.528036,22.199038,-1.0,117.08815,0.9508861,1.0046995,nan,6,3.9691725,3.9691725,3.9691725,3.9691725,3.9691725,3.9691725,0.0,0.0,0.0,0.0,0.0,0.0,0.0,0.0,0.0,0.0,0.0,0.0,0.0,0.0,0,0,0,0,0,0,0,0,0,0,0,1,0,0,1,0,0
1077928877,23.806873,23.814007,22.582973,22.356623,-1.0,118.34895,0.9440654,1.0053556,nan,6,3.969001,3.969001,3.969001,3.969001,3.969001,3.969001,0.0,0.0,0.0,0.0,0.0,0.0,0.0,0.0,0.0,0.0,0.0,0.0,0.0,0.0,0,0,0,0,0,0,0,0,0,0,0,1,0,0,1,0,0
1078128877,23.79138,23.814875,23.209263,22.519701,-1.0,119.6165,0.9398921,1.0057575,nan,6,3.9691458,3.9691458,3.9691458,3.9691458,3.9691458,3.9691458,0.0,0.0,0.0,0.0,0.0,0.0,0.0,0.0,0.0,0.0,0.0,0.0,0.0,0.0,0,0,0,0,0,0,0,0,0,0,0,1,0,0,1,0,0
1078328877,23.782267,23.81501,23.418024,22.765036,-1.0,120.90872,0.93745357,1.0059925,nan,6,3.9691684,3.9691684,3.9691684,3.9691684,3.9691684,3.9691684,0.0,0.0,0.0,0.0,0.0,0.0,0.0,0.0,0.0,0.0,0.0,0.0,0.0,0.0,0,0,0,0,0,0,0,0,0,0,0,1,0,0,1,0,0
1078528878,23.830572,23.816412,23.086567,22.91451,-1.0,122.19977,0.93725044,1.0060121,nan,6,3.969402,3.969402,3.969402,3.969402,3.969402,3.969402,0.0,0.0,0.0,0.0,0.0,0.0,0.0,0.0,0.0,0.0,0.0,0.0,0.0,0.0,0,0,0,0,0,0,0,0,0,0,0,1,0,0,1,0,0
1078738876,23.890724,23.824274,23.189117,22.985214,-1.0,123.547844,0.9412206,1.0056295,nan,6,3.9707124,3.9707124,3.9707124,3.9707124,3.9707124,3.9707124,0.0,0.0,0.0,0.0,0.0,0.0,0.0,0.0,0.0,0.0,0.0,0.0,0.0,0.0,0,0,0,0,0,0,0,0,0,0,0,1,0,0,1,0,0
1078938878,23.857002,23.830486,22.899782,22.99472,-1.0,124.82665,0.94622356,1.0051479,nan,6,3.9717476,3.9717476,3.9717476,3.9717476,3.9717476,3.9717476,0.0,0.0,0.0,0.0,0.0,0.0,0.0,0.0,0.0,0.0,0.0,0.0,0.0,0.0,0,0,0,0,0,0,0,0,0,0,0,1,0,0,1,0,0
1079139596,23.760393,23.826353,22.599457,22.898397,-1.0,126.09187,0.9487031,1.0049094,nan,6,3.9710588,3.9710588,3.9710588,3.9710588,3.9710588,3.9710588,0.0,0.0,0.0,0.0,0.0,0.0,0.0,0.0,0.0,0.0,0.0,0.0,0.0,0.0,0,0,0,0,0,0,0,0,0,0,0,1,0,0,1,0,0
1079330061,23.76495,23.82619,21.539162,22.676569,-1.0,127.26731,0.95428115,1.0043732,nan,6,3.971032,3.971032,3.971032,3.971032,3.971032,3.971032,0.0,0.0,0.0,0.0,0.0,0.0,0.0,0.0,0.0,0.0,0.0,0.0,0.0,0.0,0,0,0,0,0,0,0,0,0,0,0,1,0,0,1,0,0
1079529152,23.940851,23.826488,21.60875,22.356932,-1.0,128.46762,0.96242267,1.0035917,nan,6,3.9710815,3.9710815,3.9710815,3.9710815,3.9710815,3.9710815,0.0,0.0,0.0,0.0,0.0,0.0,0.0,0.0,0.0,0.0,0.0,0.0,0.0,0.0,0,0,0,0,0,0,0,0,0,0,0,1,0,0,1,0,0
1079728881,23.768595,23.822937,22.315613,22.145988,-1.0,129.67088,0.9711583,1.0027543,nan,6,3.9704895,3.9704895,3.9704895,3.9704895,3.9704895,3.9704895,0.0,0.0,0.0,0.0,0.0,0.0,0.0,0.0,0.0,0.0,0.0,0.0,0.0,0.0,0,0,0,0,0,0,0,0,0,0,0,1,0,0,1,0,0
1079928880,23.825102,23.823433,22.321106,22.16181,-1.0,130.90291,0.98307353,1.0016147,nan,6,3.9705722,3.9705722,3.9705722,3.9705722,3.9705722,3.9705722,0.0,0.0,0.0,0.0,0.0,0.0,0.0,0.0,0.0,0.0,0.0,0.0,0.0,0.0,0,0,0,0,0,0,0,0,0,0,0,1,0,0,1,0,0
1080138880,23.772242,23.82311,22.773426,22.212158,-1.0,132.20181,0.995601,1.0004191,nan,6,3.9705184,3.9705184,3.9705184,3.9705184,3.9705184,3.9705184,0.0,0.0,0.0,0.0,0.0,0.0,0.0,0.0,0.0,0.0,0.0,0.0,0.0,0.0,0,0,0,0,0,0,0,0,0,0,0,1,0,0,1,0,0
1080338897,23.807787,23.822588,21.757082,22.241608,-1.0,133.443,1.0,1.0,nan,6,3.9704313,3.9704313,3.9704313,3.9704313,3.9704313,3.9704313,0.0,0.0,0.0,0.0,0.0,0.0,0.0,0.0,0.0,0.0,0.0,0.0,0.0,0.0,0,0,0,0,0,0,0,0,0,0,0,1,0,0,1,0,0
1080528877,23.892548,23.810642,21.555645,22.045599,-1.0,134.58392,0.99543315,1.0004351,nan,6,3.9684403,3.9684403,3.9684403,3.9684403,3.9684403,3.9684403,0.0,0.0,0.0,0.0,0.0,0.0,0.0,0.0,0.0,0.0,0.0,0.0,0.0,0.0,0,0,0,0,0,0,0,0,0,0,0,1,0,0,1,0,0
1080728878,23.815989,23.804033,21.85963,22.093966,-1.0,135.81642,0.99975806,1.000023,nan,6,3.9673388,3.9673388,3.9673388,3.9673388,3.9673388,3.9673388,0.0,0.0,0.0,0.0,0.0,0.0,0.0,0.0,0.0,0.0,0.0,0.0,0.0,0.0,0,0,0,0,0,0,0,0,0,0,0,1,0,0,1,0,0
1080938973,23.930826,23.814651,21.641712,21.837816,-1.0,137.06364,1.0,1.0,nan,6,3.9691086,3.9691086,3.9691086,3.9691086,3.9691086,3.9691086,0.0,0.0,0.0,0.0,0.0,0.0,0.0,0.0,0.0,0.0,0.0,0.0,0.0,0.0,0,0,0,0,0,0,0,0,0,0,0,1,0,0,1,0,0
1081129503,23.850622,23.820227,22.086706,21.905176,-1.0,138.2294,1.0,1.0,nan,6,3.9700377,3.9700377,3.9700377,3.9700377,3.9700377,3.9700377,0.0,0.0,0.0,0.0,0.0,0.0,0.0,0.0,0.0,0.0,0.0,0.0,0.0,0.0,0,0,0,0,0,0,0,0,0,0,0,1,0,0,1,0,0
1081329369,23.873407,23.830042,21.28645,21.83793,-1.0,139.43568,1.0,1.0,nan,6,3.9716737,3.9716737,3.9716737,3.9716737,3.9716737,3.9716737,0.0,0.0,0.0,0.0,0.0,0.0,0.0,0.0,0.0,0.0,0.0,0.0,0.0,0.0,0,0,0,0,0,0,0,0,0,0,0,1,0,0,1,0,0
1081538876,23.820545,23.826717,20.839624,21.66633,-1.0,140.67882,1.0,1.0,nan,6,3.9711196,3.9711196,3.9711196,3.9711196,3.9711196,3.9711196,0.0,0.0,0.0,0.0,0.0,0.0,0.0,0.0,0.0,0.0,0.0,0.0,0.0,0.0,0,0,0,0,0,0,0,0,0,0,0,1,0,0,1,0,0
1081738877,23.793203,23.8261,22.42915,21.836952,-1.0,141.90817,1.0,1.0,nan,6,3.9710166,3.9710166,3.9710166,3.9710166,3.9710166,3.9710166,0.0,0.0,0.0,0.0,0.0,0.0,0.0,0.0,0.0,0.0,0.0,0.0,0.0,0.0,0,0,0,0,0,0,0,0,0,0,0,1,0,0,1,0,0
1081938878,23.86703,23.824362,21.910906,21.924923,-1.0,143.13791,1.0,1.0,nan,6,3.970727,3.970727,3.970727,3.970727,3.970727,3.970727,0.0,0.0,0.0,0.0,0.0,0.0,0.0,0.0,0.0,0.0,0.0,0.0,0.0,0.0,0,0,0,0,0,0,0,0,0,0,0,1,0,0,1,0,0
1082129104,23.788647,23.823215,22.888794,22.136162,-1.0,144.32979,1.0,1.0,nan,6,3.970536,3.970536,3.970536,3.970536,3.970536,3.970536,0.0,0.0,0.0,0.0,0.0,0.0,0.0,0.0,0.0,0.0,0.0,0.0,0.0,0.0,0,0,0,0,0,0,0,0,0,0,0,1,0,0,1,0,0
1082328880,23.825102,23.823065,22.196583,22.251541,-1.0,145.57942,1.0,1.0,nan,6,3.9705107,3.9705107,3.9705107,3.9705107,3.9705107,3.9705107,0.0,0.0,0.0,0.0,0.0,0.0,0.0,0.0,0.0,0.0,0.0,0.0,0.0,0.0,0,0,0,0,0,0,0,0,0,0,0,1,0,0,1,0,0
1082528876,23.898928,23.822638,22.332094,22.212753,-1.0,146.80846,1.0,1.0,nan,6,3.9704397,3.9704397,3.9704397,3.9704397,3.9704397,3.9704397,0.0,0.0,0.0,0.0,0.0,0.0,0.0,0.0,0.0,0.0,0.0,0.0,0.0,0.0,0,0,0,0,0,0,0,0,0,0,0,1,0,0,1,0,0
1082728877,23.858826,23.824614,22.793568,22.122606,-1.0,148.02592,1.0,1.0,nan,6,3.970769,3.970769,3.970769,3.970769,3.970769,3.970769,0.0,0.0,0.0,0.0,0.0,0.0,0.0,0.0,0.0,0.0,0.0,0.0,0.0,0.0,0,0,0,0,0,0,0,0,0,0,0,1,0,0,1,0,0
1082938878,23.75219,23.823263,22.25518,22.280146,-1.0,149.34431,1.0,1.0,nan,6,3.9705439,3.9705439,3.9705439,3.9705439,3.9705439,3.9705439,0.0,0.0,0.0,0.0,0.0,0.0,0.0,0.0,0.0,0.0,0.0,0.0,0.0,0.0,0,0,0,0,0,0,0,0,0,0,0,1,0,0,1,0,0
1083138877,23.794115,23.820892,21.43295,22.146614,-1.0,150.56087,1.0,1.0,nan,6,3.9701488,3.9701488,3.9701488,3.9701488,3.9701488,3.9701488,0.0,0.0,0.0,0.0,0.0,0.0,0.0,0.0,0.0,0.0,0.0,0.0,0.0,0.0,0,0,0,0,0,0,0,0,0,0,0,1,0,0,1,0,0
1083338966,23.9126,23.826786,22.028107,22.097448,-1.0,151.78215,1.0,1.0,nan,6,3.971131,3.971131,3.971131,3.971131,3.971131,3.971131,0.0,0.0,0.0,0.0,0.0,0.0,0.0,0.0,0.0,0.0,0.0,0.0,0.0,0.0,0,0,0,0,0,0,0,0,0,0,0,1,0,0,1,0,0
1083528878,23.806873,23.830774,21.936544,22.038422,-1.0,152.938,1.0,1.0,nan,6,3.9717958,3.9717958,3.9717958,3.9717958,3.9717958,3.9717958,0.0,0.0,0.0,0.0,0.0,0.0,0.0,0.0,0.0,0.0,0.0,0.0,0.0,0.0,0,0,0,0,0,0,0,0,0,0,0,1,0,0,1,0,0
1083728876,23.86703,23.833313,22.799063,21.976149,-1.0,154.15012,1.0,1.0,nan,6,3.9722188,3.9722188,3.9722188,3.9722188,3.9722188,3.9722188,0.0,0.0,0.0,0.0,0.0,0.0,0.0,0.0,0.0,0.0,0.0,0.0,0.0,0.0,0,0,0,0,0,0,0,0,0,0,0,1,0,0,1,0,0
1083928876,23.785002,23.830868,21.572124,22.033327,-1.0,155.38249,1.0,1.0,nan,6,3.9718113,3.9718113,3.9718113,3.9718113,3.9718113,3.9718113,0.0,0.0,0.0,0.0,0.0,0.0,0.0,0.0,0.0,0.0,0.0,0.0,0.0,0.0,0,0,0,0,0,0,0,0,0,0,0,1,0,0,1,0,0
1084128877,23.794115,23.830975,21.405481,21.838116,-1.0,156.57358,1.0,1.0,nan,6,3.9718292,3.9718292,3.9718292,3.9718292,3.9718292,3.9718292,0.0,0.0,0.0,0.0,0.0,0.0,0.0,0.0,0.0,0.0,0.0,0.0,0.0,0.0,0,0,0,0,0,0,0,0,0,0,0,1,0,0,1,0,0
1084328880,23.83695,23.82987,22.070225,22.085293,-1.0,157.83022,0.9825643,1.0016633,nan,6,3.971645,3.971645,3.971645,3.971645,3.971645,3.971645,0.0,0.0,0.0,0.0,0.0,0.0,0.0,0.0,0.0,0.0,0.0,0.0,0.0,0.0,0,0,0,0,0,0,0,0,0,0,0,1,0,0,1,0,0
1084538878,23.756746,23.826038,21.66918,21.990396,-1.0,159.10355,0.937856,1.0059537,nan,6,3.9710064,3.9710064,3.9710064,3.9710064,3.9710064,3.9710064,0.0,0.0,0.0,0.0,0.0,0.0,0.0,0.0,0.0,0.0,0.0,0.0,0.0,0.0,0,0,0,0,0,0,0,0,0,0,0,1,0,0,1,0,0
1084739007,23.949966,23.825138,22.8247,22.072332,-1.0,160.33655,0.89262325,1.010332,nan,6,3.9708564,3.9708564,3.9708564,3.9708564,3.9708564,3.9708564,0.0,0.0,0.0,0.0,0.0,0.0,0.0,0.0,0.0,0.0,0.0,0.0,0.0,0.0,0,0,0,0,0,0,0,0,0,0,0,1,0,0,1,0,0
1084928876,23.808697,23.825264,22.163618,22.218708,-1.0,161.52628,0.83029395,1.016428,nan,6,3.9708774,3.9708774,3.9708774,3.9708774,3.9708774,3.9708774,0.0,0.0,0.0,0.0,0.0,0.0,0.0,0.0,0.0,0.0,0.0,0.0,0.0,0.0,0,0,0,0,0,0,0,0,0,0,0,1,0,0,1,0,0
1085128904,23.818722,23.82442,22.608614,22.319912,-1.0,162.7769,0.7734416,1.0220529,nan,6,3.9707367,3.9707367,3.9707367,3.9707367,3.9707367,3.9707367,0.0,0.0,0.0,0.0,0.0,0.0,0.0,0.0,0.0,0.0,0.0,0.0,0.0,0.0,0,0,0,0,0,0,0,0,0,0,0,1,0,0,1,0,0
1085329224,23.90075,23.82632,21.632555,22.218506,-1.0,164.0033,0.72792846,1.0266008,nan,6,3.9710534,3.9710534,3.9710534,3.9710534,3.9710534,3.9710534,0.0,0.0,0.0,0.0,0.0,0.0,0.0,0.0,0.0,0.0,0.0,0.0,0.0,0.0,0,0,0,0,0,0,0,0,0,0,0,1,0,0,1,0,0
1085528877,23.875229,23.830128,22.409006,22.264526,-1.0,165.24167,0.6855615,1.030871,nan,6,3.971688,3.971688,3.971688,3.971688,3.971688,3.971688,0.0,0.0,0.0,0.0,0.0,0.0,0.0,0.0,0.0,0.0,0.0,0.0,0.0,0.0,0,0,0,0,0,0,0,0,0,0,0,1,0,0,1,0,0
1085738878,23.894371,23.834978,21.780888,22.212711,-1.0,166.53217,0.63938457,1.0355659,nan,6,3.9724963,3.9724963,3.9724963,3.9724963,3.9724963,3.9724963,0.0,0.0,0.0,0.0,0.0,0.0,0.0,0.0,0.0,0.0,0.0,0.0,0.0,0.0,0,0,0,0,0,0,0,0,0,0,0,1,0,0,1,0,0
1085938877,23.871586,23.842434,20.947668,21.926285,-1.0,167.7193,0.6050666,1.0390826,nan,6,3.973739,3.973739,3.973739,3.973739,3.973739,3.973739,0.0,0.0,0.0,0.0,0.0,0.0,0.0,0.0,0.0,0.0,0.0,0.0,0.0,0.0,0,0,0,0,0,0,0,0,0,0,0,1,0,0,1,0,0
1086128886,23.800493,23.847704,21.299269,21.691414,-1.0,168.83647,0.5779832,1.0418751,nan,6,3.9746172,3.9746172,3.9746172,3.9746172,3.9746172,3.9746172,0.0,0.0,0.0,0.0,0.0,0.0,0.0,0.0,0.0,0.0,0.0,0.0,0.0,0.0,0,0,0,0,0,0,0,0,0,0,0,1,0,0,1,0,0
1086328896,23.949966,23.845753,23.108543,22.039026,-1.0,170.0971,0.5517829,1.0445908,nan,6,3.974292,3.974292,3.974292,3.974292,3.974292,3.974292,0.0,0.0,0.0,0.0,0.0,0.0,0.0,0.0,0.0,0.0,0.0,0.0,0.0,0.0,0,0,0,0,0,0,0,0,0,0,0,1,0,0,1,0,0
1086528876,23.808697,23.842733,22.489582,22.26623,-1.0,171.3612,0.52971774,1.0468888,nan,6,3.973789,3.973789,3.973789,3.973789,3.973789,3.973789,0.0,0.0,0.0,0.0,0.0,0.0,0.0,0.0,0.0,0.0,0.0,0.0,0.0,0.0,0,0,0,0,0,0,0,0,0,0,0,1,0,0,1,0,0
1086728877,23.79138,23.841099,21.850473,22.247055,-1.0,172.59627,0.51198417,1.0487431,nan,6,3.9735165,3.9735165,3.9735165,3.9735165,3.9735165,3.9735165,0.0,0.0,0.0,0.0,0.0,0.0,0.0,0.0,0.0,0.0,0.0,0.0,0.0,0.0,0,0,0,0,0,0,0,0,0,0,0,1,0,0,1,0,0
1086928884,23.807787,23.84186,22.95472,22.329298,-1.0,173.84358,0.49832565,1.0501758,nan,6,3.9736433,3.9736433,3.9736433,3.9736433,3.9736433,3.9736433,0.0,0.0,0.0,0.0,0.0,0.0,0.0,0.0,0.0,0.0,0.0,0.0,0.0,0.0,0,0,0,0,0,0,0,0,0,0,0,1,0,0,1,0,0
1087138889,23.850622,23.83886,22.493242,22.490812,-1.0,175.1747,0.48510772,1.051566,nan,6,3.9731433,3.9731433,3.9731433,3.9731433,3.9731433,3.9731433,0.0,0.0,0.0,0.0,0.0,0.0,0.0,0.0,0.0,0.0,0.0,0.0,0.0,0.0,0,0,0,0,0,0,0,0,0,0,0,1,0,0,1,0,0
1087339185,23.781355,23.833895,21.705805,22.34779,-1.0,176.40291,0.4737466,1.0527638,nan,6,3.9723158,3.9723158,3.9723158,3.9723158,3.9723158,3.9723158,0.0,0.0,0.0,0.0,0.0,0.0,0.0,0.0,0.0,0.0,0.0,0.0,0.0,0.0,0,0,0,0,0,0,0,0,0,0,0,1,0,0,1,0,0
1087528880,23.879787,23.828852,22.465775,22.34308,-1.0,177.57802,0.46437484,1.053754,nan,6,3.9714754,3.9714754,3.9714754,3.9714754,3.9714754,3.9714754,0.0,0.0,0.0,0.0,0.0,0.0,0.0,0.0,0.0,0.0,0.0,0.0,0.0,0.0,0,0,0,0,0,0,0,0,0,0,0,1,0,0,1,0,0
1087728879,23.891634,23.83978,22.628756,22.300047,-1.0,178.81287,0.4626239,1.0539392,nan,6,3.9732969,3.9732969,3.9732969,3.9732969,3.9732969,3.9732969,0.0,0.0,0.0,0.0,0.0,0.0,0.0,0.0,0.0,0.0,0.0,0.0,0.0,0.0,0,0,0,0,0,0,0,0,0,0,0,1,0,0,1,0,0
1087928886,23.91442,23.847921,23.097555,22.566261,-1.0,180.09673,0.4608491,1.054127,nan,6,3.9746535,3.9746535,3.9746535,3.9746535,3.9746535,3.9746535,0.0,0.0,0.0,0.0,0.0,0.0,0.0,0.0,0.0,0.0,0.0,0.0,0.0,0.0,0,0,0,0,0,0,0,0,0,0,0,1,0,0,1,0,0
1088128877,23.720291,23.848999,22.062899,22.601055,-1.0,181.35786,0.45706397,1.0545276,nan,6,3.9748333,3.9748333,3.9748333,3.9748333,3.9748333,3.9748333,0.0,0.0,0.0,0.0,0.0,0.0,0.0,0.0,0.0,0.0,0.0,0.0,0.0,0.0,0,0,0,0,0,0,0,0,0,0,0,1,0,0,1,0,0
1088328878,23.815077,23.848457,23.121363,22.472628,-1.0,182.58986,0.45336753,1.0549194,nan,6,3.974743,3.974743,3.974743,3.974743,3.974743,3.974743,0.0,0.0,0.0,0.0,0.0,0.0,0.0,0.0,0.0,0.0,0.0,0.0,0.0,0.0,0,0,0,0,0,0,0,0,0,0,0,1,0,0,1,0,0
